2013.0,7.0,18.0,11.0,37.4716666667,99.449,23.4158333333,44.75,778.833333333,0.0166666666667,0.741666666667,168.0,0.0,2.87075,720.0,10736.8046875,0.0
2013.0,7.0,18.0,12.0,36.1016666667,96.983,23.4958333333,48.6083333333,526.5,0.0666666666667,0.725,79.0833333333,0.0,2.66525,720.0,10736.8046875,0.0
2013.0,7.0,18.0,13.0,36.4158333333,97.5485,23.3033333333,47.0583333333,479.666666667,0.116666666667,1.3,87.25,0.0,2.712375,720.0,10736.8046875,0.0
2013.0,8.0,6.0,7.0,22.3966666667,72.314,14.4291666667,60.8083333333,204.083333333,0.0,0.05,226.0,0.0,0.6095,720.0,10736.8046875,0.0
2013.0,8.0,6.0,8.0,24.885,76.793,13.9291666667,50.65,338.166666667,0.0,0.341666666667,254.083333333,0.0,0.98275,720.0,10736.8046875,0.0
2013.0,8.0,6.0,9.0,26.2775,79.2995,13.2358333333,44.5583333333,533.25,0.05,1.15833333333,311.916666667,0.0,1.191625,720.0,10736.8046875,0.0
2013.0,8.0,6.0,10.0,26.5441666667,79.7795,13.6641666667,45.0333333333,444.5,0.225,1.825,326.166666667,0.0,1.231625,720.0,10736.8046875,52.7291666667
2013.0,8.0,6.0,11.0,26.7508333333,80.1515,14.4033333333,46.7166666667,382.333333333,0.275,2.18333333333,273.0,0.0,1.262625,720.0,10736.8046875,63.0416666667
2013.0,8.0,6.0,12.0,24.6116666667,76.301,16.0408333333,58.9,88.75,0.15,1.99166666667,109.083333333,0.0,0.94175,720.0,10736.8046875,63.6875
2013.0,8.0,6.0,13.0,24.2333333333,75.62,16.0141666667,60.125,156.583333333,0.341666666667,2.675,220.166666667,0.0,0.885,720.0,10736.8046875,64.3333333333
2013.0,8.0,6.0,14.0,24.645,76.361,17.1358333333,63.05,408.75,0.833333333333,3.76666666667,80.1666666667,0.0,0.94675,720.0,10736.8046875,64.3958333333
2013.0,8.0,6.0,15.0,22.6341666667,72.7415,17.915,74.6166666667,125.333333333,0.491666666667,2.94166666667,51.1666666667,0.0,0.645125,720.0,10736.8046875,64.5833333333
2013.0,8.0,6.0,16.0,22.9858333333,73.3745,17.5825,71.5416666667,167.333333333,0.291666666667,2.74166666667,159.25,0.0,0.697875,720.0,10736.8046875,63.3125
2013.0,8.0,6.0,17.0,22.9275,73.2695,16.47,66.9083333333,199.833333333,0.433333333333,3.25,153.5,0.0,0.689125,720.0,10736.8046875,62.3333333333
2013.0,8.0,6.0,18.0,23.3741666667,74.0735,16.8175,66.6666666667,222.416666667,0.458333333333,3.10833333333,209.5,0.0,0.756125,720.0,10736.8046875,61.6666666667
2013.0,8.0,6.0,19.0,21.47,70.646,16.9125,75.2083333333,30.5,0.208333333333,2.275,264.166666667,0.0,0.4705,720.0,10736.8046875,60.2916666667
2013.0,8.0,6.0,20.0,21.0358333333,69.8645,17.15,78.3833333333,1.08333333333,0.166666666667,1.84166666667,205.083333333,0.0,0.405375,720.0,10736.8046875,59.8541666667
2013.0,8.0,6.0,21.0,21.1333333333,70.04,17.3425,78.8833333333,1.0,0.566666666667,3.58333333333,261.166666667,0.0,0.42,720.0,10736.8046875,58.25
2013.0,8.0,6.0,22.0,20.64,69.152,18.1058333333,85.325,1.0,0.375,2.975,318.666666667,0.0,0.346,720.0,10736.8046875,56.875
2013.0,8.0,6.0,23.0,20.4466666667,68.804,18.3483333333,87.6333333333,1.0,0.15,1.9,346.0,0.0,0.317,720.0,10736.8046875,55.7291666667
2013.0,8.0,7.0,0.0,20.4291666667,68.7725,18.3258333333,87.6083333333,1.0,0.0333333333333,0.65,343.166666667,0.0,0.314375,720.0,10736.8046875,56.7291666667
2013.0,8.0,7.0,1.0,20.3375,68.6075,18.2866666667,87.8833333333,1.0,0.0,0.208333333333,320.083333333,0.0,0.300625,720.0,10736.8046875,56.7291666667
2013.0,8.0,7.0,2.0,20.5866666667,69.056,18.2025,86.0833333333,1.0,0.0,0.216666666667,322.25,0.0,0.338,720.0,10736.8046875,55.9166666667
2013.0,8.0,7.0,3.0,20.6391666667,69.1505,18.1975,85.7916666667,1.0,0.0,0.0,315.333333333,0.0,0.345875,720.0,10736.8046875,55.6458333333
2013.0,8.0,7.0,4.0,20.5475,68.9855,18.1658333333,86.1,1.0,0.0,0.0166666666667,309.083333333,0.0,0.332125,720.0,10736.8046875,55.0833333333
2013.0,8.0,7.0,5.0,20.4408333333,68.7935,18.3416666667,87.625,1.0,0.0,0.0166666666667,309.333333333,0.0,0.316125,720.0,10736.8046875,55.3541666667
2013.0,8.0,7.0,6.0,20.575,69.035,18.6058333333,88.3583333333,12.25,0.0,0.208333333333,302.0,0.0,0.33625,720.0,10736.8046875,55.5833333333
2013.0,8.0,7.0,7.0,21.2141666667,70.1855,18.7166666667,85.55,44.5833333333,0.0166666666667,0.591666666667,311.25,0.0,0.432125,720.0,10736.8046875,55.5833333333
2013.0,8.0,7.0,8.0,21.7283333333,71.111,18.4733333333,81.6416666667,63.5833333333,0.15,1.66666666667,325.25,0.0,0.50925,720.0,10736.8046875,56.4375
2013.0,8.0,7.0,9.0,22.7458333333,72.9425,18.4058333333,76.475,162.25,0.325,2.83333333333,328.416666667,0.0,0.661875,720.0,10736.8046875,57.375
2013.0,8.0,13.0,9.0,19.2466666667,66.644,-38.2308333333,1.0,60.25,0.533333333333,3.6,175.0,0.0,0.137,720.0,10736.8046875,61.0625
2013.0,8.0,13.0,10.0,20.4325,68.7785,-37.5158333333,1.0,157.5,0.1,1.06666666667,195.333333333,0.0,0.314875,720.0,10736.8046875,62.3125
2013.0,8.0,13.0,11.0,24.2008333333,75.5615,20.9508333333,83.3833333333,403.833333333,0.116666666667,0.85,227.666666667,0.0,0.880125,720.0,10736.8046875,62.5625
2013.0,8.0,13.0,12.0,26.6783333333,80.021,20.33,68.2333333333,446.75,0.05,0.85,168.083333333,0.0,1.25175,720.0,10736.8046875,63.7083333333
2013.0,8.0,13.0,13.0,27.1233333333,80.822,20.4825,67.0333333333,560.333333333,0.35,2.39166666667,113.666666667,0.0,1.3185,720.0,10736.8046875,65.1666666667
2013.0,8.0,13.0,14.0,28.825,83.885,19.9725,58.85,654.166666667,0.566666666667,3.56666666667,116.333333333,0.0,1.57375,720.0,10736.8046875,65.125
2013.0,8.0,13.0,15.0,29.2941666667,84.7295,19.1983333333,54.575,681.25,0.633333333333,3.875,100.5,0.0,1.644125,720.0,10736.8046875,64.6666666667
2013.0,8.0,13.0,16.0,29.2841666667,84.7115,18.8966666667,53.6,496.083333333,0.658333333333,3.44166666667,99.5833333333,0.0,1.642625,720.0,10736.8046875,64.4166666667
2013.0,8.0,13.0,17.0,27.9991666667,82.3985,19.6783333333,60.6083333333,189.333333333,0.325,2.40833333333,86.0,0.0,1.449875,720.0,10736.8046875,62.4791666667
2013.0,8.0,13.0,18.0,27.3266666667,81.188,20.0416666667,64.4333333333,124.166666667,0.433333333333,2.35,79.1666666667,0.0,1.349,720.0,10736.8046875,60.9791666667
2013.0,8.0,13.0,19.0,26.1366666667,79.046,20.2641666667,70.025,16.5833333333,0.141666666667,1.34166666667,73.6666666667,0.0,1.1705,720.0,10736.8046875,59.875
2013.0,8.0,13.0,20.0,25.6191666667,78.1145,20.6583333333,73.9916666667,1.0,0.166666666667,1.425,65.25,0.0,1.092875,720.0,10736.8046875,58.6458333333
2013.0,8.0,13.0,21.0,24.7216666667,76.499,21.1408333333,80.3916666667,1.0,0.1,1.38333333333,73.75,0.0,0.95825,720.0,10736.8046875,58.375
2013.0,8.0,13.0,22.0,24.3708333333,75.8675,20.97,81.2333333333,1.0,0.133333333333,1.33333333333,84.5,0.0,0.905625,720.0,10736.8046875,57.6666666667
2013.0,8.0,13.0,23.0,24.2525,75.6545,20.25,78.3166666667,1.0,0.2,2.25,106.916666667,0.0,0.887875,720.0,10736.8046875,56.2083333333
2013.0,8.0,14.0,0.0,23.74,74.732,17.8558333333,69.5333333333,1.0,0.55,3.61666666667,125.666666667,0.0,0.811,720.0,10736.8046875,55.8333333333
2013.0,8.0,14.0,1.0,22.755,72.959,15.8275,64.8916666667,1.0,0.725,4.55,136.0,0.0,0.66325,720.0,10736.8046875,55.3333333333
2013.0,8.0,14.0,2.0,21.4825,70.6685,14.465,64.2416666667,1.0,0.458333333333,4.20833333333,132.0,0.0,0.472375,720.0,10736.8046875,53.9166666667
2013.0,8.0,14.0,3.0,20.1008333333,68.1815,13.4941666667,65.6833333333,1.0,0.4,3.55833333333,124.416666667,0.0,0.265125,720.0,10736.8046875,52.7708333333
2013.0,8.0,14.0,4.0,18.815,65.867,11.6383333333,63.125,1.0,0.908333333333,5.04166666667,135.75,0.0065,0.07875,720.0,10736.8046875,52.1875
2013.0,8.0,14.0,5.0,17.3125,63.1625,9.27416666667,59.1583333333,1.0,0.958333333333,5.4,140.416666667,0.153125,0.0,720.0,10736.8046875,52.2916666667
2013.0,8.0,14.0,6.0,16.9575,62.5235,9.46166666667,61.2833333333,45.25,0.225,2.60833333333,128.916666667,0.206375,0.0,720.0,10736.8046875,52.2916666667
2013.0,8.0,14.0,7.0,18.0766666667,64.538,9.17583333333,56.0,209.916666667,0.383333333333,3.35,106.333333333,0.0449166666667,0.00641666666667,720.0,10736.8046875,53.6458333333
2013.0,8.0,14.0,8.0,18.8108333333,65.8595,8.5075,51.1416666667,387.416666667,0.766666666667,4.55,103.25,0.00175,0.073375,720.0,10736.8046875,54.5416666667
2013.0,8.0,14.0,9.0,20.0008333333,68.0015,8.64916666667,47.9583333333,559.333333333,1.03333333333,5.93333333333,125.166666667,0.0,0.250125,720.0,10736.8046875,60.2291666667
2013.0,8.0,14.0,10.0,20.3216666667,68.579,9.06833333333,48.3666666667,707.833333333,1.275,6.00833333333,109.333333333,0.0,0.29825,720.0,10736.8046875,61.5
2013.0,8.0,14.0,11.0,22.2816666667,72.107,9.66916666667,44.6583333333,823.166666667,1.4,6.36666666667,120.25,0.0,0.59225,720.0,10736.8046875,63.0208333333
2013.0,8.0,14.0,12.0,22.975,73.355,10.4425,45.0833333333,750.083333333,1.43333333333,6.33333333333,112.416666667,0.0,0.69625,720.0,10736.8046875,64.7708333333
2013.0,8.0,14.0,13.0,23.2916666667,73.925,10.5675,44.625,790.833333333,1.275,6.35833333333,111.666666667,0.0,0.74375,720.0,10736.8046875,60.0
2013.0,8.0,14.0,14.0,24.1775,75.5195,10.4758333333,42.0416666667,821.333333333,1.55833333333,6.675,122.75,0.0,0.876625,720.0,10736.8046875,60.3076923077
2013.0,8.0,14.0,15.0,24.6608333333,76.3895,10.655,41.3166666667,541.5,1.08333333333,6.08333333333,117.916666667,0.0,0.949125,720.0,10736.8046875,59.5
2013.0,8.0,14.0,16.0,24.385,75.893,10.19,40.8166666667,499.75,1.75833333333,7.025,118.666666667,0.0,0.90775,720.0,10736.8046875,64.2916666667
2013.0,8.0,14.0,17.0,25.0491666667,77.0885,10.4766666667,39.9,412.083333333,1.16666666667,5.98333333333,120.333333333,0.0,1.007375,720.0,10736.8046875,57.8823529412
2013.0,8.0,22.0,8.0,24.4725,76.0505,22.6925,89.7166666667,93.1666666667,0.0333333333333,0.683333333333,55.3333333333,0.0,0.920875,720.0,10736.8046875,58.4722222222
2013.0,8.0,22.0,9.0,26.7,80.06,22.2208333333,76.4166666667,283.916666667,0.35,2.61666666667,41.5,0.0,1.255,720.0,10736.8046875,60.6458333333
2013.0,8.0,22.0,10.0,27.9516666667,82.313,21.5175,68.1916666667,494.416666667,0.725,3.78333333333,58.4166666667,0.0,1.44275,720.0,10736.8046875,61.5625
2013.0,8.0,22.0,11.0,29.7783333333,85.601,21.4625,61.1583333333,673.5,0.491666666667,3.63333333333,63.9166666667,0.0,1.71675,720.0,10736.8046875,62.8541666667
2013.0,8.0,22.0,12.0,29.3225,84.7805,21.5933333333,63.85,651.416666667,0.483333333333,3.525,82.0,0.0,1.648375,720.0,10736.8046875,63.3333333333
2013.0,8.0,22.0,13.0,28.9258333333,84.0665,21.2458333333,63.6,471.75,0.583333333333,2.95,146.416666667,0.0,1.588875,720.0,10736.8046875,64.0416666667
2013.0,8.0,22.0,14.0,30.2841666667,86.5115,20.2541666667,55.175,679.0,0.966666666667,4.44166666667,179.333333333,0.0,1.792625,720.0,10736.8046875,64.3958333333
2013.0,8.0,22.0,15.0,26.3641666667,79.4555,20.9966666667,73.1833333333,61.25,0.316666666667,2.31666666667,136.5,0.0,1.204625,720.0,10736.8046875,62.2916666667
2013.0,8.0,22.0,16.0,23.3383333333,74.009,20.8383333333,86.5333333333,188.333333333,0.216666666667,1.46666666667,104.916666667,0.0,0.75075,720.0,10736.8046875,62.0833333333
2013.0,8.0,22.0,17.0,27.4316666667,81.377,20.5458333333,66.1083333333,327.333333333,0.133333333333,1.13333333333,64.1666666667,0.0,1.36475,720.0,10736.8046875,61.9375
2013.0,8.0,22.0,18.0,25.7491666667,78.3485,21.17,75.8083333333,53.3333333333,0.183333333333,1.575,64.5833333333,0.0,1.112375,720.0,10736.8046875,59.3125
2013.0,8.0,22.0,19.0,24.8416666667,76.715,21.345,80.8083333333,16.0833333333,0.166666666667,1.58333333333,62.1666666667,0.0,0.97625,720.0,10736.8046875,61.4583333333
2013.0,8.0,22.0,20.0,24.1341666667,75.4415,21.4483333333,84.8416666667,1.0,0.208333333333,1.51666666667,60.0,0.0,0.870125,720.0,10736.8046875,60.9166666667
2013.0,8.0,22.0,21.0,23.7483333333,74.747,21.6808333333,88.0583333333,1.0,0.208333333333,1.74166666667,60.5,0.0,0.81225,720.0,10736.8046875,58.25
2013.0,8.0,22.0,22.0,23.4933333333,74.288,21.9325,90.8,1.0,0.05,1.1,57.3333333333,0.0,0.774,720.0,10736.8046875,57.3333333333
2013.0,8.0,22.0,23.0,23.6891666667,74.6405,21.7941666667,89.0416666667,1.0,0.0333333333333,0.716666666667,76.1666666667,0.0,0.803375,720.0,10736.8046875,57.0416666667
2013.0,8.0,23.0,0.0,24.3575,75.8435,19.9291666667,76.2833333333,1.0,0.0166666666667,0.608333333333,96.5833333333,0.0,0.903625,720.0,10736.8046875,56.4791666667
2013.0,8.0,23.0,1.0,24.1408333333,75.4535,18.7516666667,71.7833333333,1.0,0.0,0.716666666667,101.666666667,0.0,0.871125,720.0,10736.8046875,57.1458333333
2013.0,8.0,23.0,2.0,23.4016666667,74.123,18.7641666667,75.125,1.0,0.0,0.975,114.25,0.0,0.76025,720.0,10736.8046875,55.9375
2013.0,8.0,23.0,3.0,22.5841666667,72.6515,18.8633333333,79.4166666667,1.0,0.0666666666667,0.816666666667,121.0,0.0,0.637625,720.0,10736.8046875,55.625
2013.0,8.0,23.0,4.0,22.1616666667,71.891,19.0216666667,82.3,1.0,0.15,1.76666666667,133.833333333,0.0,0.57425,720.0,10736.8046875,55.4791666667
2013.0,8.0,23.0,5.0,21.6941666667,71.0495,19.1058333333,85.1,1.0,0.375,2.675,141.0,0.0,0.504125,720.0,10736.8046875,54.5416666667
2013.0,8.0,23.0,6.0,21.5633333333,70.814,18.995,85.2166666667,27.0833333333,0.308333333333,3.13333333333,130.833333333,0.0,0.4845,720.0,10736.8046875,54.5
2013.0,8.0,23.0,7.0,22.9466666667,73.304,18.8541666667,77.6916666667,145.083333333,0.5,3.525,149.416666667,0.0,0.692,720.0,10736.8046875,54.1875
2013.0,8.0,23.0,8.0,23.17,73.706,18.7983333333,76.3416666667,175.0,0.808333333333,4.25833333333,178.166666667,0.0,0.7255,720.0,10736.8046875,51.0
2013.0,8.0,23.0,9.0,23.9466666667,75.104,18.47,71.4,217.416666667,0.416666666667,2.75,178.25,0.0,0.842,720.0,10736.8046875,56.75
2013.0,8.0,27.0,7.0,24.3566666667,75.842,18.9766666667,71.8916666667,150.75,0.141666666667,1.8,78.6666666667,0.0,0.9035,720.0,10736.8046875,62.8461538462
2013.0,8.0,27.0,8.0,26.6508333333,79.9715,19.17,63.5416666667,315.083333333,0.508333333333,3.16666666667,102.5,0.0,1.247625,720.0,10736.8046875,55.1875
2013.0,8.0,27.0,9.0,28.3633333333,83.054,18.9408333333,56.675,496.916666667,0.458333333333,3.58333333333,137.083333333,0.0,1.5045,720.0,10736.8046875,58.4166666667
2013.0,8.0,27.0,10.0,28.655,83.579,18.9325,55.825,543.833333333,0.75,3.90833333333,132.083333333,0.0,1.54825,720.0,10736.8046875,60.1875
2013.0,8.0,27.0,11.0,30.2241666667,86.4035,18.8041666667,50.5,637.583333333,1.10833333333,5.1,144.166666667,0.0,1.783625,720.0,10736.8046875,62.3541666667
2013.0,8.0,27.0,12.0,30.7941666667,87.4295,18.4091666667,47.7333333333,856.5,1.20833333333,4.95833333333,141.75,0.0,1.869125,720.0,10736.8046875,64.9791666667
2013.0,8.0,27.0,13.0,31.7108333333,89.0795,17.8391666667,43.675,833.333333333,0.616666666667,3.725,147.0,0.0,2.006625,720.0,10736.8046875,65.3333333333
2013.0,8.0,27.0,14.0,33.01,91.418,18.2725,41.7416666667,638.833333333,0.183333333333,1.83333333333,164.666666667,0.0,2.2015,720.0,10736.8046875,66.3125
2013.0,8.0,27.0,15.0,33.0466666667,91.484,18.6733333333,42.725,479.083333333,0.275,2.15833333333,129.0,0.0,2.207,720.0,10736.8046875,63.0416666667
2013.0,8.0,27.0,16.0,32.89,91.202,18.5441666667,42.75,440.083333333,0.216666666667,2.00833333333,177.75,0.0,2.1835,720.0,10736.8046875,65.25
2013.0,8.0,27.0,17.0,32.5983333333,90.677,18.4675,43.2833333333,243.0,0.133333333333,1.36666666667,139.166666667,0.0,2.13975,720.0,10736.8046875,63.25
2013.0,8.0,27.0,18.0,31.03,87.854,19.0258333333,48.9916666667,138.583333333,0.25,2.30833333333,99.3333333333,0.0,1.9045,720.0,10736.8046875,62.8125
2013.0,8.0,27.0,19.0,28.8858333333,83.9945,19.43,56.6416666667,4.16666666667,0.05,0.55,109.583333333,0.0,1.582875,720.0,10736.8046875,61.8958333333
2013.0,8.0,27.0,20.0,27.9841666667,82.3715,20.1033333333,62.2333333333,1.0,0.0166666666667,0.3,83.0833333333,0.0,1.447625,720.0,10736.8046875,59.5833333333
2013.0,8.0,27.0,21.0,27.5058333333,81.5105,20.3316666667,64.8833333333,1.0,0.0,0.116666666667,103.916666667,0.0,1.375875,720.0,10736.8046875,57.1041666667
2013.0,8.0,27.0,22.0,27.1966666667,80.954,20.2683333333,65.8166666667,1.0,0.0,0.0,114.25,0.0,1.3295,720.0,10736.8046875,56.4166666667
2013.0,8.0,27.0,23.0,26.2158333333,79.1885,20.295,69.85,1.0,0.0,0.0,142.583333333,0.0,1.182375,720.0,10736.8046875,56.0625
2013.0,8.0,28.0,0.0,25.4291666667,77.7725,20.5433333333,74.2916666667,1.0,0.0,0.0,69.1666666667,0.0,1.064375,720.0,10736.8046875,53.8958333333
2013.0,8.0,28.0,1.0,24.785,76.613,20.9325,79.0666666667,1.0,0.0333333333333,0.308333333333,68.0,0.0,0.96775,720.0,10736.8046875,54.625
2013.0,8.0,28.0,2.0,24.5133333333,76.124,20.8441666667,79.9166666667,1.0,0.0,0.0,74.3333333333,0.0,0.927,720.0,10736.8046875,53.7916666667
2013.0,8.0,28.0,3.0,24.2608333333,75.6695,20.8275,81.05,1.0,0.0,0.0,75.75,0.0,0.889125,720.0,10736.8046875,52.9375
2013.0,8.0,28.0,4.0,24.1708333333,75.5075,21.1675,83.2083333333,1.0,0.0,0.0,60.0,0.0,0.875625,720.0,10736.8046875,52.8333333333
2013.0,8.0,28.0,5.0,24.2083333333,75.575,21.4383333333,84.4,1.0,0.0,0.0,34.75,0.0,0.88125,720.0,10736.8046875,53.125
2013.0,8.0,28.0,6.0,24.3558333333,75.8405,21.5566666667,84.3166666667,18.3333333333,0.0,0.0,71.3333333333,0.0,0.903375,720.0,10736.8046875,53.8125
2013.0,8.0,28.0,7.0,24.3241666667,75.7835,23.2841666667,93.875,36.3333333333,0.0,0.0,105.0,0.0,0.898625,720.0,10736.8046875,53.2083333333
2013.0,8.0,28.0,8.0,25.3341666667,77.6015,22.535,84.4833333333,69.1666666667,0.0,0.0,234.583333333,0.0,1.050125,720.0,10736.8046875,48.1891891892
2013.0,8.0,28.0,9.0,24.5058333333,76.1105,22.5266666667,88.85,48.0,0.0,0.0,67.9166666667,0.0,0.925875,720.0,10736.8046875,0.0
2013.0,8.0,28.0,10.0,22.9783333333,73.361,22.5466666667,97.2416666667,58.4166666667,0.0,0.0,118.916666667,0.0,0.69675,720.0,10736.8046875,0.0
2013.0,8.0,28.0,11.0,22.965,73.337,12.2316666667,77.8333333333,45.0833333333,0.233333333333,1.04166666667,176.833333333,0.0,0.69475,720.0,10736.8046875,0.0
2013.0,8.0,28.0,12.0,22.2825,72.1085,-36.4016666667,1.0,106.333333333,0.0666666666667,0.883333333333,117.416666667,0.0,0.592375,720.0,10736.8046875,0.0
2013.0,8.0,28.0,13.0,22.3141666667,72.1655,-36.3816666667,1.0,109.25,0.05,0.725,327.333333333,0.0,0.597125,720.0,10736.8046875,0.0
2013.0,8.0,28.0,14.0,21.955,71.519,-36.5983333333,1.0,67.8333333333,0.0,0.1,323.416666667,0.0,0.54325,720.0,10736.8046875,0.0
2013.0,8.0,28.0,15.0,22.3458333333,72.2225,-36.3641666667,1.0,73.3333333333,0.0166666666667,0.358333333333,276.166666667,0.0,0.601875,720.0,10736.8046875,0.0
2013.0,8.0,28.0,16.0,22.8983333333,73.217,-36.0333333333,1.0,89.5833333333,0.0,0.0,230.833333333,0.0,0.68475,720.0,10736.8046875,0.0
2013.0,8.0,28.0,17.0,24.0275,75.2495,3.52666666667,52.5416666667,81.1666666667,0.0,0.0,163.25,0.0,0.854125,720.0,10736.8046875,0.0
2013.0,8.0,28.0,18.0,23.6883333333,74.639,22.155,90.975,34.6666666667,0.0,0.0,145.416666667,0.0,0.80325,720.0,10736.8046875,0.0
2013.0,8.0,28.0,19.0,22.8066666667,73.052,20.1741666667,85.0833333333,2.75,0.0,0.0166666666667,96.5833333333,0.0,0.671,720.0,10736.8046875,0.0
2013.0,8.0,28.0,20.0,22.92,73.256,21.2716666667,90.2916666667,1.0,0.0,0.175,192.166666667,0.0,0.688,720.0,10736.8046875,0.0
2013.0,8.0,28.0,21.0,22.7725,72.9905,20.8258333333,88.65,1.0,0.0,0.0,138.916666667,0.0,0.665875,720.0,10736.8046875,0.0
2013.0,8.0,28.0,22.0,23.0091666667,73.4165,21.3741666667,90.3666666667,1.0,0.0,0.266666666667,186.083333333,0.0,0.701375,720.0,10736.8046875,0.0
2013.0,8.0,28.0,23.0,23.4391666667,74.1905,22.0866666667,91.95,1.0,0.341666666667,2.58333333333,233.25,0.0,0.765875,720.0,10736.8046875,0.0
2013.0,8.0,29.0,0.0,23.0966666667,73.574,21.8383333333,92.475,1.0,0.1,1.125,241.583333333,0.0,0.7145,720.0,10736.8046875,0.0
2013.0,8.0,29.0,1.0,22.9008333333,73.2215,21.6841666667,92.7083333333,1.0,0.133333333333,1.4,236.75,0.0,0.685125,720.0,10736.8046875,0.0
2013.0,8.0,29.0,2.0,22.5358333333,72.5645,21.3158333333,92.65,1.0,0.441666666667,3.01666666667,218.5,0.0,0.630375,720.0,10736.8046875,0.0
2013.0,8.0,29.0,3.0,22.0608333333,71.7095,20.8266666667,92.5666666667,1.0,0.275,2.1,215.916666667,0.0,0.559125,720.0,10736.8046875,0.0
2013.0,8.0,29.0,4.0,21.8533333333,71.336,20.675,92.875,1.0,0.158333333333,1.60833333333,216.25,0.0,0.528,720.0,10736.8046875,0.0
2013.0,8.0,29.0,5.0,21.9966666667,71.594,20.87,93.1666666667,1.0,0.35,2.63333333333,222.583333333,0.0,0.5495,720.0,10736.8046875,0.0
2013.0,8.0,29.0,6.0,22.0183333333,71.633,20.8708333333,93.0583333333,3.08333333333,0.65,3.49166666667,236.583333333,0.0,0.55275,720.0,10736.8046875,0.0
2013.0,8.0,29.0,7.0,22.3766666667,72.278,20.9408333333,91.45,28.1666666667,0.183333333333,1.89166666667,225.25,0.0,0.6065,720.0,10736.8046875,0.0
2013.0,8.0,29.0,8.0,23.3825,74.0885,21.1533333333,87.175,78.6666666667,0.233333333333,1.89166666667,220.833333333,0.0,0.757375,720.0,10736.8046875,0.0
2013.0,9.0,12.0,6.0,23.1566666667,73.682,21.9258333333,92.6333333333,6.75,0.05,0.816666666667,30.75,0.0,0.7235,720.0,10736.8046875,0.0
2013.0,9.0,12.0,7.0,23.545,74.381,22.0041666667,90.925,40.4166666667,0.0333333333333,0.783333333333,36.25,0.0,0.78175,720.0,10736.8046875,0.0
2013.0,9.0,12.0,8.0,25.2308333333,77.4155,21.7733333333,81.175,203.666666667,0.183333333333,1.98333333333,43.3333333333,0.0,1.034625,720.0,10736.8046875,0.0
2013.0,9.0,12.0,9.0,27.4925,81.4865,21.79,71.0833333333,426.166666667,0.316666666667,2.675,41.5,0.0,1.373875,720.0,10736.8046875,0.0
2013.0,9.0,12.0,10.0,26.5191666667,79.7345,22.2916666667,77.5416666667,259.5,0.866666666667,3.86666666667,65.75,0.0,1.227875,720.0,10736.8046875,0.0
2013.0,9.0,12.0,11.0,27.4408333333,81.3935,22.2416666667,73.45,419.833333333,0.416666666667,2.74166666667,72.0833333333,0.0,1.366125,720.0,10736.8046875,0.0
2013.0,9.0,12.0,12.0,30.2541666667,86.4575,22.2116666667,62.1833333333,626.333333333,0.558333333333,3.24166666667,68.5,0.0,1.788125,720.0,10736.8046875,0.0
2013.0,9.0,12.0,13.0,31.0083333333,87.815,22.4991666667,60.5833333333,609.416666667,0.808333333333,4.38333333333,43.8333333333,0.0,1.90125,720.0,10736.8046875,0.0
2013.0,9.0,12.0,14.0,31.9466666667,89.504,22.7525,58.3583333333,529.583333333,0.725,3.50833333333,49.25,0.0,2.042,720.0,10736.8046875,0.0
2013.0,9.0,12.0,15.0,32.0141666667,89.6255,22.4066666667,56.95,405.166666667,0.65,4.525,51.8333333333,0.0,2.052125,720.0,10736.8046875,0.0
2013.0,9.0,12.0,16.0,30.8066666667,87.452,22.6216666667,61.7166666667,224.666666667,1.20833333333,5.20833333333,62.5,0.0,1.871,720.0,10736.8046875,0.0
2013.0,9.0,12.0,17.0,29.4383333333,84.989,21.72,63.1666666667,88.0,1.30833333333,4.63333333333,65.8333333333,0.0,1.66575,720.0,10736.8046875,0.0
2013.0,9.0,12.0,18.0,25.71,78.278,-2.53916666667,39.6416666667,9.16666666667,1.35833333333,5.15833333333,80.1666666667,0.0,1.1065,720.0,10736.8046875,0.0
2013.0,9.0,12.0,19.0,21.7008333333,71.0615,-36.75,1.0,1.0,0.0333333333333,0.433333333333,133.5,0.0,0.505125,720.0,10736.8046875,0.0
2013.0,9.0,12.0,20.0,22.27,72.086,6.63416666667,69.2916666667,1.0,0.0,0.0,65.0,0.0,0.5905,720.0,10736.8046875,0.0
2013.0,9.0,12.0,21.0,22.6358333333,72.7445,20.3291666667,86.6916666667,1.0,0.0166666666667,0.241666666667,78.6666666667,0.0,0.645375,720.0,10736.8046875,0.0
2013.0,9.0,12.0,22.0,22.6333333333,72.74,20.5366666667,87.8333333333,1.0,0.0,0.108333333333,73.4166666667,0.0,0.645,720.0,10736.8046875,0.0
2013.0,9.0,12.0,23.0,22.3458333333,72.2225,20.9883333333,91.8833333333,1.0,0.183333333333,1.05,68.1666666667,0.0,0.601875,720.0,10736.8046875,0.0
2013.0,9.0,13.0,0.0,22.4333333333,72.38,20.9575,91.2333333333,1.0,0.0,0.358333333333,91.5,0.0,0.615,720.0,10736.8046875,0.0
2013.0,9.0,13.0,1.0,21.26,70.268,19.1725,87.8,1.0,0.333333333333,2.34166666667,107.416666667,0.0,0.439,720.0,10736.8046875,0.0
2013.0,9.0,13.0,2.0,18.9175,66.0515,15.1191666667,78.5333333333,1.0,0.0,0.0916666666667,141.75,0.0,0.087625,720.0,10736.8046875,0.0
2013.0,9.0,13.0,3.0,19.1366666667,66.446,-5.4775,37.8666666667,1.0,0.0,0.0,106.25,0.0,0.1205,720.0,10736.8046875,0.0
2013.0,9.0,13.0,4.0,19.305,66.749,17.0508333333,88.4666666667,1.0,0.0,0.0,66.0833333333,0.0,0.14575,720.0,10736.8046875,0.0
2013.0,9.0,13.0,5.0,19.27,66.686,18.7566666667,96.7,1.0,0.0,0.0,72.5,0.0,0.1405,720.0,10736.8046875,0.0
2013.0,9.0,13.0,6.0,19.7325,67.5185,19.0075,95.4416666667,2.66666666667,0.0333333333333,1.03333333333,111.0,0.0,0.209875,720.0,10736.8046875,0.0
2013.0,9.0,13.0,7.0,21.2191666667,70.1945,18.5958333333,85.2083333333,112.333333333,0.258333333333,2.225,143.416666667,0.0,0.432875,720.0,10736.8046875,0.0
2013.0,9.0,23.0,9.0,14.315,57.767,4.40916666667,51.4083333333,467.083333333,1.68333333333,6.48333333333,162.416666667,0.60275,0.0,720.0,10736.8046875,56.95
2013.0,9.0,23.0,10.0,15.5675,60.0215,4.665,48.2416666667,594.583333333,0.716666666667,4.40833333333,164.416666667,0.414875,0.0,720.0,10736.8046875,58.875
2013.0,9.0,23.0,11.0,16.425,61.565,4.65,45.575,703.75,0.466666666667,3.95,133.75,0.28625,0.0,720.0,10736.8046875,56.5384615385
2013.0,9.0,23.0,12.0,17.6483333333,63.767,6.43333333333,47.725,747.583333333,0.591666666667,3.88333333333,124.416666667,0.109166666667,0.00641666666667,720.0,10736.8046875,61.375
2013.0,9.0,23.0,13.0,18.4691666667,65.2445,6.77166666667,46.4,732.916666667,0.7,4.775,127.75,0.0230833333333,0.0434583333333,720.0,10736.8046875,62.6041666667
2013.0,9.0,23.0,14.0,19.7616666667,67.571,6.62083333333,42.4833333333,618.916666667,0.65,3.925,122.833333333,0.0,0.21425,720.0,10736.8046875,63.7083333333
2013.0,9.0,23.0,15.0,20.3475,68.6255,6.615,40.8666666667,552.666666667,0.483333333333,4.05,108.5,0.0,0.302125,720.0,10736.8046875,63.3541666667
2013.0,9.0,23.0,16.0,20.1775,68.3195,7.14416666667,42.85,345.5,0.733333333333,4.19166666667,146.083333333,0.0,0.276625,720.0,10736.8046875,63.375
2013.0,9.0,23.0,17.0,19.835,67.703,6.93583333333,43.1166666667,217.0,0.683333333333,3.975,141.166666667,0.0,0.22525,720.0,10736.8046875,64.5
2013.0,9.0,23.0,18.0,17.2308333333,63.0155,7.365,52.4083333333,33.6666666667,0.383333333333,2.6,158.833333333,0.1845,0.019125,720.0,10736.8046875,55.75
2013.0,9.0,23.0,19.0,15.5116666667,59.921,7.53583333333,58.9666666667,1.0,0.0666666666667,1.20833333333,180.0,0.42325,0.0,720.0,10736.8046875,59.9375
2013.0,9.0,23.0,20.0,14.4741666667,58.0535,7.32083333333,62.1083333333,1.0,0.1,1.50833333333,169.916666667,0.578875,0.0,720.0,10736.8046875,59.1666666667
2013.0,9.0,23.0,21.0,13.5491666667,56.3885,7.1425,65.15,1.0,0.325,2.79166666667,167.916666667,0.717625,0.0,720.0,10736.8046875,57.0833333333
2013.0,9.0,23.0,22.0,12.7441666667,54.9395,7.05833333333,68.2666666667,1.0,0.416666666667,3.35833333333,163.25,0.838375,0.0,720.0,10736.8046875,56.1458333333
2013.0,9.0,23.0,23.0,11.9541666667,53.5175,6.86416666667,70.9583333333,1.0,0.0916666666667,1.18333333333,134.75,0.956875,0.0,720.0,10736.8046875,55.6041666667
2013.0,9.0,24.0,0.0,11.3208333333,52.3775,6.74666666667,73.4083333333,1.0,0.15,1.83333333333,133.416666667,1.051875,0.0,720.0,10736.8046875,53.375
2013.0,9.0,24.0,1.0,10.8183333333,51.473,6.40916666667,74.1416666667,1.0,0.133333333333,1.86666666667,169.25,1.12725,0.0,720.0,10736.8046875,53.4583333333
2013.0,9.0,24.0,2.0,10.3708333333,50.6675,6.1275,74.9333333333,1.0,0.183333333333,1.875,174.333333333,1.194375,0.0,720.0,10736.8046875,52.9166666667
2013.0,9.0,24.0,3.0,9.73833333333,49.529,6.03083333333,77.6583333333,1.0,0.05,0.783333333333,161.833333333,1.28925,0.0,720.0,10736.8046875,51.6041666667
2013.0,9.0,24.0,4.0,9.29083333333,48.7235,5.99333333333,79.8,1.0,0.0833333333333,1.58333333333,135.666666667,1.356375,0.0,720.0,10736.8046875,51.625
2013.0,9.0,24.0,5.0,8.8225,47.8805,6.16,83.325,1.0,0.0666666666667,1.41666666667,139.75,1.426625,0.0,720.0,10736.8046875,51.6875
2013.0,9.0,24.0,6.0,8.3275,46.9895,5.9225,84.7666666667,3.33333333333,0.0333333333333,0.858333333333,161.333333333,1.500875,0.0,720.0,10736.8046875,52.5208333333
2013.0,9.0,24.0,7.0,10.4416666667,50.795,5.465,71.325,54.8333333333,0.1,1.56666666667,164.166666667,1.18375,0.0,720.0,10736.8046875,52.125
2013.0,9.0,24.0,8.0,12.75,54.95,5.3725,60.8666666667,286.0,0.291666666667,2.40833333333,172.833333333,0.8375,0.0,720.0,10736.8046875,53.9791666667
2013.0,9.0,24.0,9.0,13.945,57.101,4.79083333333,54.125,460.083333333,0.0833333333333,1.05833333333,145.333333333,0.65825,0.0,720.0,10736.8046875,57.6875
2013.0,9.0,24.0,10.0,15.485,59.873,4.8425,49.0583333333,604.25,0.15,2.24166666667,112.416666667,0.42725,0.0,720.0,10736.8046875,58.5
2013.0,9.0,29.0,15.0,22.1916666667,71.945,11.115,49.5,229.166666667,0.1,1.425,256.25,0.0,0.57875,0.0,10736.8046875,55.875
2013.0,9.0,29.0,16.0,23.1683333333,73.703,11.1183333333,46.7666666667,235.5,0.0333333333333,0.816666666667,250.333333333,0.0,0.72525,0.0,10736.8046875,55.75
2013.0,9.0,29.0,17.0,24.245,75.641,10.5941666667,42.2,207.75,0.0666666666667,0.475,245.583333333,0.0,0.88675,0.0,10736.8046875,54.9166666667
2013.0,9.0,29.0,18.0,20.5025,68.9045,11.1525,55.0916666667,21.1666666667,0.0,0.283333333333,250.583333333,0.0,0.325375,0.0,10736.8046875,54.625
2013.0,9.0,29.0,19.0,19.155,66.479,11.3391666667,60.4833333333,1.0,0.05,0.891666666667,283.916666667,0.000166666666667,0.123416666667,0.0,10736.8046875,55.4791666667
2013.0,9.0,29.0,20.0,17.4575,63.4235,11.7791666667,69.2583333333,1.0,0.175,1.39166666667,292.333333333,0.131375,0.0,0.0,10736.8046875,55.9791666667
2013.0,9.0,29.0,21.0,16.5808333333,61.8455,11.5108333333,71.9166666667,1.0,0.0,0.108333333333,287.25,0.262875,0.0,0.0,10736.8046875,54.6666666667
2013.0,9.0,29.0,22.0,16.0316666667,60.857,11.2733333333,73.3166666667,1.0,0.0,0.0916666666667,298.833333333,0.34525,0.0,0.0,10736.8046875,53.1041666667
2013.0,9.0,29.0,23.0,15.7,60.26,11.28,74.9333333333,1.0,0.0,0.0833333333333,296.583333333,0.395,0.0,0.0,10736.8046875,53.3125
2013.0,9.0,30.0,0.0,15.0841666667,59.1515,11.5516666667,79.3583333333,1.0,0.0,0.0,230.25,0.487375,0.0,720.0,10736.8046875,53.3333333333
2013.0,9.0,30.0,1.0,14.4966666667,58.094,11.6575,82.9916666667,1.0,0.0,0.0,165.75,0.5755,0.0,720.0,10736.8046875,53.7708333333
2013.0,9.0,30.0,2.0,13.4558333333,56.2205,11.5141666667,87.9583333333,1.0,0.0,0.0166666666667,169.166666667,0.731625,0.0,720.0,10736.8046875,53.1666666667
2013.0,9.0,30.0,3.0,12.8941666667,55.2095,11.3191666667,90.0666666667,1.0,0.0,0.0,152.333333333,0.815875,0.0,720.0,10736.8046875,52.2083333333
2013.0,9.0,30.0,4.0,12.6975,54.8555,11.2383333333,90.75,1.0,0.0,0.0,146.083333333,0.845375,0.0,720.0,10736.8046875,51.9166666667
2013.0,9.0,30.0,5.0,12.4316666667,54.377,11.1908333333,92.0583333333,1.0,0.0,0.0,164.833333333,0.88525,0.0,720.0,10736.8046875,52.2083333333
2013.0,9.0,30.0,6.0,11.9525,53.5145,11.0375,94.05,2.33333333333,0.0,0.266666666667,136.583333333,0.957125,0.0,720.0,10736.8046875,52.5625
2013.0,9.0,30.0,7.0,13.905,57.029,10.9091666667,82.25,64.8333333333,0.0166666666667,0.291666666667,146.916666667,0.66425,0.0,720.0,10736.8046875,51.9375
2013.0,9.0,30.0,8.0,17.3975,63.3155,10.8033333333,65.3916666667,255.083333333,0.0,0.508333333333,159.083333333,0.165666666667,0.0252916666667,720.0,10736.8046875,54.3125
2013.0,9.0,30.0,9.0,18.4483333333,65.207,9.17833333333,54.975,434.083333333,0.0166666666667,0.641666666667,163.916666667,0.029625,0.046875,720.0,10736.8046875,56.6458333333
2013.0,9.0,30.0,10.0,20.7458333333,69.3425,7.6275,42.7916666667,575.166666667,0.05,0.95,198.333333333,0.0,0.361875,720.0,10736.8046875,61.9166666667
2013.0,9.0,30.0,11.0,22.205,71.969,10.3516666667,46.9583333333,676.416666667,0.0833333333333,0.941666666667,170.333333333,0.0,0.58075,720.0,10736.8046875,64.2083333333
2013.0,9.0,30.0,12.0,23.4858333333,74.2745,10.0616666667,42.6166666667,687.25,0.358333333333,2.39166666667,166.166666667,0.0,0.772875,720.0,10736.8046875,63.6458333333
2013.0,9.0,30.0,13.0,24.4508333333,76.0115,9.96,39.9416666667,794.166666667,0.35,2.40833333333,96.4166666667,0.0,0.917625,720.0,10736.8046875,64.2708333333
2013.0,9.0,30.0,14.0,23.3866666667,74.096,9.56416666667,41.5416666667,322.333333333,0.0833333333333,1.25833333333,87.5,0.0,0.758,720.0,10736.8046875,63.8958333333
2013.0,9.0,30.0,15.0,24.3516666667,75.833,10.7233333333,42.3083333333,549.75,0.491666666667,2.65,97.3333333333,0.0,0.90275,720.0,10736.8046875,63.7083333333
2013.0,9.0,30.0,16.0,23.8183333333,74.873,10.8566666667,44.1,294.416666667,0.183333333333,2.00833333333,92.4166666667,0.0,0.82275,720.0,10736.8046875,63.7291666667
2013.0,9.0,30.0,17.0,23.2716666667,73.889,10.13,43.475,138.0,0.0333333333333,0.683333333333,112.416666667,0.0,0.74075,720.0,10736.8046875,63.0
2013.0,9.0,30.0,18.0,20.9133333333,69.644,10.5725,51.625,18.0,0.0,0.241666666667,89.0,0.0,0.387,720.0,10736.8046875,59.9375
2013.0,9.0,30.0,19.0,19.6108333333,67.2995,11.08,57.7833333333,1.0,0.0,0.291666666667,73.1666666667,0.0,0.191625,720.0,10736.8046875,58.7708333333
2013.0,9.0,30.0,20.0,18.9708333333,66.1475,11.0808333333,60.125,1.0,0.0,0.0583333333333,73.75,0.0,0.095625,720.0,10736.8046875,57.7916666667
2013.0,9.0,30.0,21.0,18.3466666667,65.024,11.275,63.35,1.0,0.0,0.125,72.4166666667,0.0154583333333,0.0174583333333,720.0,10736.8046875,55.6875
2013.0,9.0,30.0,22.0,17.1941666667,62.9495,12.0891666667,71.9666666667,1.0,0.0,0.0666666666667,201.916666667,0.170875,0.0,720.0,10736.8046875,54.4166666667
2013.0,9.0,30.0,23.0,16.1525,61.0745,12.6016666667,79.4083333333,1.0,0.0,0.0,188.25,0.327125,0.0,720.0,10736.8046875,53.5416666667
2013.0,10.0,1.0,0.0,15.7725,60.3905,12.7066666667,81.9,1.0,0.0,0.0833333333333,50.4166666667,0.384125,0.0,720.0,10736.8046875,53.6458333333
2013.0,10.0,1.0,1.0,15.4066666667,59.732,12.86,84.7,1.0,0.0,0.0,48.6666666667,0.439,0.0,720.0,10736.8046875,53.2916666667
2013.0,10.0,1.0,2.0,14.8941666667,58.8095,13.0325,88.5416666667,1.0,0.0,0.0,64.25,0.515875,0.0,720.0,10736.8046875,52.4166666667
2013.0,10.0,1.0,3.0,14.9483333333,58.907,12.775,86.7583333333,1.0,0.0,0.0,56.8333333333,0.50775,0.0,720.0,10736.8046875,52.0
2013.0,10.0,1.0,4.0,14.5916666667,58.265,12.2916666667,85.9916666667,1.0,0.0,0.0,48.0833333333,0.56125,0.0,720.0,10736.8046875,51.6458333333
2013.0,10.0,1.0,5.0,14.39,57.902,12.1675,86.425,1.0,0.0,0.0,53.0,0.5915,0.0,720.0,10736.8046875,51.5625
2013.0,10.0,1.0,6.0,14.3833333333,57.89,12.14,86.3,2.0,0.0,0.233333333333,56.8333333333,0.5925,0.0,720.0,10736.8046875,51.8333333333
2013.0,10.0,1.0,7.0,15.5225,59.9405,12.0791666667,79.95,67.6666666667,0.0,0.05,48.4166666667,0.421625,0.0,720.0,10736.8046875,52.5833333333
2013.0,10.0,1.0,8.0,18.2691666667,64.8845,12.0291666667,67.025,233.416666667,0.0,0.0,46.4166666667,0.0620833333333,0.0524583333333,720.0,10736.8046875,54.1875
2013.0,10.0,1.0,9.0,20.4141666667,68.7455,13.0033333333,62.6166666667,308.583333333,0.0,0.45,77.0833333333,0.0,0.312125,720.0,10736.8046875,60.5208333333
2013.0,10.0,1.0,10.0,23.9308333333,75.0755,14.2991666667,54.8583333333,519.416666667,0.15,1.65,99.5833333333,0.0,0.839625,720.0,10736.8046875,59.75
2013.0,10.0,7.0,1.0,21.4266666667,70.568,19.7083333333,89.8083333333,1.0,0.666666666667,4.21666666667,340.666666667,0.0,0.464,720.0,10736.8046875,37.85
2013.0,10.0,7.0,2.0,21.3483333333,70.427,19.775,90.6083333333,1.0,0.208333333333,2.10833333333,334.833333333,0.0,0.45225,720.0,10736.8046875,38.2083333333
2013.0,10.0,7.0,3.0,21.1766666667,70.118,19.7425,91.3833333333,1.0,0.0,0.175,311.833333333,0.0,0.4265,720.0,10736.8046875,37.5625
2013.0,10.0,7.0,4.0,20.7208333333,69.2975,19.5966666667,93.1416666667,1.0,0.0,0.191666666667,307.166666667,0.0,0.358125,720.0,10736.8046875,38.0833333333
2013.0,10.0,7.0,5.0,20.9841666667,69.7715,19.6833333333,92.1416666667,1.0,0.0333333333333,0.941666666667,311.666666667,0.0,0.397625,720.0,10736.8046875,38.6458333333
2013.0,10.0,7.0,6.0,21.2725,70.2905,19.8483333333,91.4416666667,1.16666666667,0.0333333333333,0.933333333333,310.916666667,0.0,0.440875,720.0,10736.8046875,38.7916666667
2013.0,10.0,7.0,7.0,21.2408333333,70.2335,20.0416666667,92.7583333333,11.4166666667,0.183333333333,1.875,314.333333333,0.0,0.436125,720.0,10736.8046875,38.2291666667
2013.0,10.0,7.0,8.0,21.1925,70.1465,20.2291666667,94.0916666667,36.9166666667,0.5,3.74166666667,318.916666667,0.0,0.428875,720.0,10736.8046875,40.9583333333
2013.0,10.0,7.0,9.0,22.0266666667,71.648,20.7616666667,92.4,81.6666666667,1.63333333333,6.08333333333,336.166666667,0.0,0.554,720.0,10736.8046875,54.4583333333
2013.0,10.0,7.0,10.0,22.9466666667,73.304,21.07,89.05,106.833333333,2.36666666667,7.35833333333,341.0,0.0,0.692,720.0,10736.8046875,56.7916666667
2013.0,10.0,7.0,11.0,24.1741666667,75.5135,21.4141666667,84.5083333333,190.833333333,3.03333333333,8.35,347.666666667,0.0,0.876125,720.0,10736.8046875,58.0
2013.0,10.0,7.0,12.0,24.6791666667,76.4225,21.6841666667,83.575,163.5,3.01666666667,8.45833333333,296.833333333,0.0,0.951875,720.0,10736.8046875,58.5416666667
2013.0,10.0,7.0,13.0,24.28,75.704,22.3525,89.2333333333,196.083333333,1.125,6.39166666667,50.5833333333,0.0,0.892,720.0,10736.8046875,59.2083333333
2013.0,10.0,7.0,14.0,19.1375,66.4475,17.7816666667,91.9166666667,93.9166666667,2.225,5.90833333333,66.0,0.00370833333333,0.124333333333,720.0,10736.8046875,61.7291666667
2013.0,10.0,7.0,15.0,18.5416666667,65.375,-8.12333333333,40.3333333333,23.1666666667,0.933333333333,5.225,54.9166666667,0.00175,0.033,720.0,10736.8046875,58.8958333333
2013.0,10.0,7.0,16.0,17.615,63.707,-39.2158333333,1.0,12.1666666667,1.10833333333,5.375,75.0,0.10775,0.0,720.0,10736.8046875,58.0
2013.0,10.0,7.0,17.0,16.22,61.196,-31.2208333333,5.59166666667,13.25,0.25,2.35,101.0,0.317,0.0,720.0,10736.8046875,54.8333333333
2013.0,10.0,7.0,18.0,16.6783333333,62.021,15.08,90.2083333333,1.75,0.0333333333333,0.591666666667,99.3333333333,0.24825,0.0,720.0,10736.8046875,51.4583333333
2013.0,10.0,7.0,19.0,16.8308333333,62.2955,13.9116666667,82.8333333333,1.0,0.0,0.341666666667,92.0,0.225375,0.0,720.0,10736.8046875,49.6875
2013.0,10.0,7.0,20.0,16.6441666667,61.9595,13.6391666667,82.3416666667,1.0,0.133333333333,1.83333333333,78.9166666667,0.253375,0.0,720.0,10736.8046875,49.8125
2013.0,10.0,7.0,21.0,16.5383333333,61.769,13.0908333333,80.0333333333,1.0,0.133333333333,1.75833333333,95.9166666667,0.26925,0.0,720.0,10736.8046875,48.7083333333
2013.0,10.0,7.0,22.0,15.76,60.368,11.2066666667,74.2666666667,1.0,0.233333333333,2.51666666667,105.0,0.386,0.0,720.0,10736.8046875,46.5
2013.0,10.0,7.0,23.0,15.0391666667,59.0705,9.8825,71.2166666667,1.0,0.0333333333333,1.425,100.5,0.494125,0.0,720.0,10736.8046875,45.5
2013.0,10.0,8.0,0.0,14.3808333333,57.8855,9.32333333333,71.5583333333,1.0,0.0166666666667,0.575,114.5,0.592875,0.0,720.0,10736.8046875,45.4375
2013.0,10.0,8.0,1.0,13.6783333333,56.621,8.81833333333,72.4,1.0,0.0166666666667,0.866666666667,99.4166666667,0.69825,0.0,720.0,10736.8046875,45.5833333333
2013.0,10.0,8.0,2.0,13.1466666667,55.664,8.505,73.3833333333,1.0,0.0166666666667,0.575,103.083333333,0.778,0.0,720.0,10736.8046875,44.25
2013.0,10.0,8.0,3.0,12.7583333333,54.965,8.33083333333,74.375,1.0,0.0,0.191666666667,101.0,0.83625,0.0,720.0,10736.8046875,44.0416666667
2013.0,10.0,8.0,4.0,12.58,54.644,8.35416666667,75.375,1.0,0.0333333333333,0.541666666667,126.083333333,0.863,0.0,720.0,10736.8046875,43.6041666667
2013.0,10.0,8.0,5.0,12.2283333333,54.011,8.22666666667,76.4833333333,1.0,0.266666666667,2.03333333333,133.833333333,0.91575,0.0,720.0,10736.8046875,43.4375
2013.0,10.0,8.0,6.0,11.7825,53.2085,8.3675,79.525,1.08333333333,0.316666666667,2.60833333333,132.0,0.982625,0.0,720.0,10736.8046875,44.6041666667
2013.0,10.0,8.0,7.0,11.6133333333,52.904,8.45416666667,80.8833333333,18.3333333333,0.341666666667,2.69166666667,128.0,1.008,0.0,720.0,10736.8046875,44.1666666667
2013.0,10.0,8.0,8.0,12.99,55.382,8.19916666667,72.7,137.25,0.258333333333,2.49166666667,176.416666667,0.8015,0.0,720.0,10736.8046875,46.7916666667
2013.0,10.0,8.0,9.0,14.4625,58.0325,8.41,66.975,303.333333333,0.883333333333,4.28333333333,173.75,0.580625,0.0,720.0,10736.8046875,48.2083333333
2013.0,10.0,8.0,10.0,15.9458333333,60.7025,8.17166666667,59.9,393.583333333,1.525,5.78333333333,187.5,0.358125,0.0,720.0,10736.8046875,48.9583333333
2013.0,10.0,8.0,11.0,17.4075,63.3335,8.03,54.05,494.083333333,1.20833333333,5.28333333333,195.833333333,0.138875,0.0,720.0,10736.8046875,57.0
2013.0,10.0,8.0,12.0,18.3425,65.0165,8.5275,52.7,533.333333333,1.48333333333,5.75,168.0,0.0225833333333,0.0239583333333,720.0,10736.8046875,61.0208333333
2013.0,10.0,8.0,13.0,19.6808333333,67.4255,8.1725,47.4083333333,514.666666667,0.55,3.18333333333,161.666666667,0.000791666666667,0.202916666667,720.0,10736.8046875,60.8333333333
2013.0,10.0,14.0,13.0,20.335,68.603,11.0933333333,55.35,539.75,0.0833333333333,1.09166666667,197.083333333,0.0,0.30025,720.0,10736.8046875,59.825
2013.0,10.0,14.0,14.0,21.6925,71.0465,10.0516666667,47.525,554.833333333,0.0166666666667,0.425,228.25,0.0,0.503875,720.0,10736.8046875,61.875
2013.0,10.0,14.0,15.0,21.6258333333,70.9265,10.7058333333,49.8333333333,391.25,0.0,0.525,214.833333333,0.0,0.493875,720.0,10736.8046875,61.1041666667
2013.0,10.0,14.0,16.0,22.6625,72.7925,10.1625,45.1083333333,262.5,0.0,0.275,253.833333333,0.0,0.649375,720.0,10736.8046875,60.5
2013.0,10.0,14.0,17.0,20.7358333333,69.3245,9.61666666667,48.9666666667,95.5833333333,0.0,0.141666666667,259.083333333,0.0,0.360375,720.0,10736.8046875,59.6875
2013.0,10.0,14.0,18.0,18.3283333333,64.991,9.99416666667,58.2416666667,3.25,0.0,0.158333333333,267.083333333,0.0127083333333,0.0119583333333,720.0,10736.8046875,59.3125
2013.0,10.0,14.0,19.0,16.2816666667,61.307,11.7583333333,74.6333333333,1.0,0.208333333333,2.125,296.333333333,0.30775,0.0,720.0,10736.8046875,58.4791666667
2013.0,10.0,14.0,20.0,14.9083333333,58.835,11.4825,79.8833333333,1.0,0.0,0.233333333333,290.916666667,0.51375,0.0,720.0,10736.8046875,56.8541666667
2013.0,10.0,14.0,21.0,14.5683333333,58.223,11.0966666667,79.6,1.0,0.0,0.0,296.166666667,0.56475,0.0,720.0,10736.8046875,54.2083333333
2013.0,10.0,14.0,22.0,14.02,57.236,10.7725,80.725,1.0,0.0,0.0,286.5,0.647,0.0,720.0,10736.8046875,52.625
2013.0,10.0,14.0,23.0,13.8266666667,56.888,11.095,83.5083333333,1.0,0.0,0.0,200.583333333,0.676,0.0,720.0,10736.8046875,51.9583333333
2013.0,10.0,15.0,0.0,13.5225,56.3405,10.9308333333,84.25,1.0,0.0,0.0,206.25,0.721625,0.0,720.0,10736.8046875,52.0
2013.0,10.0,15.0,1.0,13.0083333333,55.415,10.9633333333,87.3333333333,1.0,0.0,0.0,189.416666667,0.79875,0.0,720.0,10736.8046875,51.9791666667
2013.0,10.0,15.0,2.0,12.2425,54.0365,10.7841666667,90.7333333333,1.0,0.0,0.0166666666667,173.333333333,0.913625,0.0,720.0,10736.8046875,50.9375
2013.0,10.0,15.0,3.0,11.6475,52.9655,10.4958333333,92.5583333333,1.0,0.0166666666667,0.391666666667,166.166666667,1.002875,0.0,720.0,10736.8046875,50.25
2013.0,10.0,15.0,4.0,11.2583333333,52.265,10.2858333333,93.6666666667,1.0,0.0,0.433333333333,169.666666667,1.06125,0.0,720.0,10736.8046875,50.5
2013.0,10.0,15.0,5.0,11.1925,52.1465,10.2141666667,93.625,1.0,0.0,0.1,181.666666667,1.071125,0.0,720.0,10736.8046875,50.2708333333
2013.0,10.0,15.0,6.0,11.6691666667,53.0045,10.4591666667,92.2,1.0,0.0,0.133333333333,175.416666667,0.999625,0.0,720.0,10736.8046875,51.3541666667
2013.0,10.0,15.0,7.0,12.3875,54.2975,10.2291666667,86.775,48.0,0.0,0.225,156.083333333,0.891875,0.0,720.0,10736.8046875,51.8333333333
2013.0,10.0,15.0,8.0,14.28,57.704,10.7416666667,79.25,85.75,0.0,0.575,157.5,0.608,0.0,720.0,10736.8046875,52.8541666667
2013.0,10.0,15.0,9.0,16.2025,61.1645,12.2991666667,77.625,362.666666667,0.0166666666667,1.09166666667,175.5,0.319625,0.0,720.0,10736.8046875,54.8333333333
2013.0,10.0,15.0,10.0,18.1916666667,64.745,12.4008333333,69.0166666667,493.166666667,0.1,1.00833333333,177.583333333,0.06175,0.0405,720.0,10736.8046875,60.0
2013.0,10.0,15.0,11.0,20.6133333333,69.104,12.5908333333,60.0,586.5,0.216666666667,2.18333333333,240.0,0.0,0.342,720.0,10736.8046875,59.9791666667
2013.0,10.0,15.0,12.0,22.1941666667,71.9495,11.1316666667,49.6583333333,624.333333333,0.116666666667,1.65,239.083333333,0.0,0.579125,720.0,10736.8046875,60.0833333333
2013.0,10.0,15.0,13.0,22.7716666667,72.989,8.60416666667,40.3916666667,612.333333333,0.1,1.41666666667,242.916666667,0.0,0.66575,720.0,10736.8046875,61.7291666667
2013.0,10.0,15.0,14.0,23.0891666667,73.5605,6.25666666667,33.7333333333,541.833333333,0.116666666667,1.5,243.666666667,0.0,0.713375,720.0,10736.8046875,67.125
2013.0,10.0,24.0,20.0,6.83,44.294,-1.16166666667,56.6916666667,1.0,0.183333333333,1.98333333333,64.1666666667,1.7255,0.0,720.0,10736.8046875,54.5625
2013.0,10.0,24.0,21.0,6.15416666667,43.0775,-1.15666666667,59.4333333333,1.0,0.2,2.21666666667,61.75,1.826875,0.0,720.0,10736.8046875,54.0
2013.0,10.0,24.0,22.0,5.53666666667,41.966,-1.14666666667,62.0666666667,1.0,0.15,1.98333333333,61.0,1.9195,0.0,720.0,10736.8046875,53.25
2013.0,10.0,24.0,23.0,5.3,41.54,-1.3525,62.1416666667,1.0,0.191666666667,2.81666666667,61.5833333333,1.955,0.0,720.0,10736.8046875,52.2083333333
2013.0,10.0,25.0,0.0,4.95,40.91,-1.29583333333,63.95,1.0,0.133333333333,1.68333333333,63.0,2.0075,0.0,720.0,10736.8046875,49.9791666667
2013.0,10.0,25.0,1.0,4.48166666667,40.067,-1.13583333333,66.8583333333,1.0,0.2,2.50833333333,63.25,2.07775,0.0,720.0,10736.8046875,50.1458333333
2013.0,10.0,25.0,2.0,4.1,39.38,-0.995,69.3833333333,1.0,0.0666666666667,1.33333333333,62.1666666667,2.135,0.0,720.0,10736.8046875,49.8333333333
2013.0,10.0,25.0,3.0,3.75916666667,38.7665,-0.778333333333,72.2083333333,1.0,0.0,0.466666666667,59.9166666667,2.186125,0.0,720.0,10736.8046875,48.9583333333
2013.0,10.0,25.0,4.0,3.89083333333,39.0035,-0.628333333333,72.3416666667,1.0,0.0166666666667,0.616666666667,56.4166666667,2.166375,0.0,720.0,10736.8046875,48.7916666667
2013.0,10.0,25.0,5.0,4.4975,40.0955,-0.639166666667,69.25,1.0,0.35,3.11666666667,74.1666666667,2.075375,0.0,720.0,10736.8046875,49.4791666667
2013.0,10.0,25.0,6.0,3.96583333333,39.1385,-0.458333333333,72.8583333333,1.0,0.0833333333333,0.866666666667,66.0,2.155125,0.0,720.0,10736.8046875,49.625
2013.0,10.0,25.0,7.0,4.46916666667,40.0445,-0.41,70.6583333333,30.25,0.0333333333333,0.891666666667,63.8333333333,2.079625,0.0,720.0,10736.8046875,49.8125
2013.0,10.0,25.0,8.0,6.0875,42.9575,0.0866666666667,65.4,181.0,0.216666666667,2.45,65.8333333333,1.836875,0.0,720.0,10736.8046875,51.25
2013.0,10.0,25.0,9.0,8.22416666667,46.8035,1.5925,62.95,335.416666667,0.233333333333,2.4,85.9166666667,1.516375,0.0,720.0,10736.8046875,52.8333333333
2013.0,10.0,25.0,10.0,9.92333333333,49.862,2.015,57.8666666667,467.666666667,0.266666666667,2.85,88.9166666667,1.2615,0.0,720.0,10736.8046875,54.25
2013.0,10.0,25.0,11.0,11.6258333333,52.9265,2.04916666667,51.7833333333,554.833333333,0.658333333333,4.46666666667,83.0833333333,1.006125,0.0,720.0,10736.8046875,57.0
2013.0,10.0,25.0,12.0,12.1575,53.8835,1.3025,47.3916666667,562.083333333,0.841666666667,5.63333333333,93.0833333333,0.926375,0.0,720.0,10736.8046875,55.75
2013.0,10.0,25.0,13.0,12.1641666667,53.8955,0.779166666667,45.6166666667,568.166666667,1.06666666667,5.93333333333,96.1666666667,0.925375,0.0,720.0,10736.8046875,56.7708333333
2013.0,10.0,25.0,14.0,12.2475,54.0455,-0.176666666667,42.3583333333,429.833333333,0.983333333333,6.66666666667,92.25,0.912875,0.0,720.0,10736.8046875,56.1041666667
2013.0,10.0,25.0,15.0,12.2875,54.1175,0.264166666667,43.6083333333,312.916666667,1.05,6.05,99.3333333333,0.906875,0.0,720.0,10736.8046875,56.875
2013.0,10.0,25.0,16.0,12.67,54.806,0.13,42.125,200.25,0.716666666667,4.25,90.75,0.8495,0.0,720.0,10736.8046875,56.8541666667
2013.0,10.0,25.0,17.0,11.6591666667,52.9865,0.380833333333,45.85,57.3333333333,0.533333333333,4.31666666667,79.6666666667,1.001125,0.0,720.0,10736.8046875,51.4583333333
2013.0,10.0,25.0,18.0,9.94416666667,49.8995,0.895833333333,53.3083333333,1.16666666667,0.166666666667,2.64166666667,76.6666666667,1.258375,0.0,720.0,10736.8046875,42.9583333333
2013.0,10.0,25.0,19.0,8.92416666667,48.0635,1.45,59.4333333333,1.0,0.0833333333333,1.175,62.3333333333,1.411375,0.0,720.0,10736.8046875,50.1875
2013.0,10.0,25.0,20.0,8.415,47.147,1.61833333333,62.2333333333,1.0,0.15,1.84166666667,61.9166666667,1.48775,0.0,720.0,10736.8046875,49.7916666667
2013.0,10.0,25.0,21.0,7.8,46.04,1.36916666667,63.75,1.0,0.116666666667,1.80833333333,62.8333333333,1.58,0.0,720.0,10736.8046875,49.1666666667
2013.0,10.0,25.0,22.0,7.195,44.951,0.6775,63.2166666667,1.0,0.116666666667,1.56666666667,61.0,1.67075,0.0,720.0,10736.8046875,48.6875
2013.0,10.0,25.0,23.0,6.5025,43.7045,0.3275,64.6333333333,1.0,0.1,1.79166666667,65.5,1.774625,0.0,720.0,10736.8046875,47.6041666667
2013.0,10.0,26.0,0.0,5.97833333333,42.761,0.01,65.5,1.0,0.0166666666667,0.533333333333,57.1666666667,1.85325,0.0,0.0,10736.8046875,47.1875
2013.0,10.0,26.0,1.0,5.39583333333,41.7125,-0.045,67.9416666667,1.0,0.0166666666667,0.841666666667,59.6666666667,1.940625,0.0,0.0,10736.8046875,47.375
2013.0,10.0,26.0,2.0,4.76166666667,40.571,-0.1025,70.6916666667,1.0,0.0,0.5,59.1666666667,2.03575,0.0,0.0,10736.8046875,48.7083333333
2013.0,10.0,26.0,3.0,4.605,40.289,-0.370833333333,70.0833333333,1.0,0.0166666666667,0.933333333333,76.0,2.05925,0.0,0.0,10736.8046875,47.0208333333
2013.0,10.0,26.0,4.0,4.12916666667,39.4325,-0.344166666667,72.6083333333,1.0,0.0,0.125,57.25,2.130625,0.0,0.0,10736.8046875,46.375
2013.0,10.0,26.0,5.0,3.76,38.768,-0.35,74.4916666667,1.0,0.0,0.283333333333,46.25,2.186,0.0,0.0,10736.8046875,47.0625
2013.0,10.0,26.0,6.0,3.57333333333,38.432,-0.321666666667,75.6416666667,1.0,0.0166666666667,0.541666666667,49.75,2.214,0.0,0.0,10736.8046875,46.5416666667
2013.0,10.0,26.0,7.0,3.82666666667,38.888,-0.555,73.1416666667,29.1666666667,0.15,1.875,50.4166666667,2.176,0.0,0.0,10736.8046875,46.6666666667
2013.0,10.0,26.0,8.0,5.99916666667,42.7985,1.08666666667,70.9666666667,178.75,0.05,0.908333333333,49.5,1.850125,0.0,0.0,10736.8046875,44.5
2013.0,10.0,27.0,4.0,8.41416666667,47.1455,0.504166666667,57.4416666667,1.0,0.0166666666667,0.975,64.0,1.487875,0.0,0.0,10736.8046875,48.34375
2013.0,10.0,27.0,5.0,7.985,46.373,0.4575,58.95,1.0,0.05,0.716666666667,63.3333333333,1.55225,0.0,0.0,10736.8046875,48.2083333333
2013.0,10.0,27.0,6.0,7.5225,45.5405,0.610833333333,61.5166666667,1.0,0.05,1.3,65.9166666667,1.621625,0.0,0.0,10736.8046875,48.5625
2013.0,10.0,27.0,7.0,7.69916666667,45.8585,0.6225,60.875,26.75,0.0333333333333,1.325,67.25,1.595125,0.0,0.0,10736.8046875,48.9375
2013.0,10.0,27.0,8.0,9.1225,48.4205,1.1275,57.2916666667,177.5,0.158333333333,2.025,59.8333333333,1.381625,0.0,0.0,10736.8046875,47.7083333333
2013.0,10.0,27.0,9.0,11.37,52.466,2.36833333333,53.9,340.416666667,0.541666666667,3.40833333333,71.9166666667,1.0445,0.0,0.0,10736.8046875,47.2291666667
2013.0,10.0,27.0,10.0,12.5075,54.5135,2.0125,48.7416666667,408.416666667,0.625,4.18333333333,86.25,0.873875,0.0,0.0,10736.8046875,48.4375
2013.0,10.0,27.0,11.0,13.8758333333,56.9765,1.46,42.875,544.0,0.958333333333,5.325,81.8333333333,0.668625,0.0,0.0,10736.8046875,48.9583333333
2013.0,10.0,27.0,12.0,14.3458333333,57.8225,0.1825,37.9583333333,586.416666667,1.3,6.66666666667,83.8333333333,0.598125,0.0,0.0,10736.8046875,48.2083333333
2013.0,10.0,27.0,13.0,14.0158333333,57.2285,0.316666666667,39.1166666667,561.083333333,1.24166666667,6.05,76.5833333333,0.647625,0.0,0.0,10736.8046875,49.4583333333
2013.0,10.0,27.0,14.0,14.3,57.74,0.249166666667,38.1916666667,484.583333333,1.19166666667,5.85,83.1666666667,0.605,0.0,0.0,10736.8046875,50.9375
2013.0,10.0,27.0,15.0,14.6,58.28,0.773333333333,38.9166666667,354.0,1.34166666667,5.98333333333,74.4166666667,0.56,0.0,0.0,10736.8046875,50.125
2013.0,10.0,27.0,16.0,14.7841666667,58.6115,0.484166666667,37.65,227.083333333,0.791666666667,4.85833333333,86.1666666667,0.532375,0.0,0.0,10736.8046875,48.6666666667
2013.0,10.0,27.0,17.0,13.2816666667,55.907,0.2875,40.9666666667,55.9166666667,0.425,3.225,69.5,0.75775,0.0,0.0,10736.8046875,49.625
2013.0,10.0,27.0,18.0,11.4475,52.6055,0.413333333333,46.5666666667,1.0,0.0,0.125,84.5833333333,1.032875,0.0,0.0,10736.8046875,50.125
2013.0,10.0,27.0,19.0,10.5733333333,51.032,0.0725,48.15,1.0,0.0,0.283333333333,89.5,1.164,0.0,0.0,10736.8046875,50.8958333333
2013.0,10.0,27.0,20.0,9.82666666667,49.688,0.0991666666667,50.7166666667,1.0,0.0,0.05,85.5833333333,1.276,0.0,0.0,10736.8046875,51.6875
2013.0,10.0,27.0,21.0,9.345,48.821,0.119166666667,52.4583333333,1.0,0.0,0.075,81.6666666667,1.34825,0.0,0.0,10736.8046875,51.2083333333
2013.0,10.0,27.0,22.0,8.89583333333,48.0125,0.269166666667,54.6583333333,1.0,0.0,0.0,81.6666666667,1.415625,0.0,0.0,10736.8046875,49.6666666667
2013.0,10.0,27.0,23.0,8.42,47.156,0.205,56.1916666667,1.0,0.0,0.0,81.3333333333,1.487,0.0,0.0,10736.8046875,48.9166666667
2013.0,10.0,28.0,0.0,7.57583333333,45.6365,0.635833333333,61.4166666667,1.0,0.0,0.0,66.3333333333,1.613625,0.0,720.0,10736.8046875,49.0208333333
2013.0,10.0,28.0,1.0,7.01583333333,44.6285,0.588333333333,63.5916666667,1.0,0.0,0.0,66.75,1.697625,0.0,720.0,10736.8046875,49.3958333333
2013.0,10.0,28.0,2.0,6.50833333333,43.715,0.579166666667,65.8166666667,1.0,0.0,0.0,66.25,1.77375,0.0,720.0,10736.8046875,49.5
2013.0,10.0,28.0,3.0,5.97166666667,42.749,0.949166666667,70.175,1.0,0.0,0.0,96.0,1.85425,0.0,720.0,10736.8046875,49.2291666667
2013.0,10.0,28.0,4.0,5.5975,42.0755,0.9475,71.975,1.0,0.0,0.0,170.25,1.910375,0.0,720.0,10736.8046875,48.8958333333
2013.0,10.0,28.0,5.0,5.72583333333,42.3065,1.16083333333,72.5,1.0,0.0,0.0,208.5,1.891125,0.0,720.0,10736.8046875,49.2083333333
2013.0,10.0,28.0,6.0,5.88,42.584,0.4075,67.8916666667,1.0,0.0,0.166666666667,59.4166666667,1.868,0.0,720.0,10736.8046875,49.5416666667
2013.0,10.0,28.0,7.0,5.9225,42.6605,2.36166666667,77.9,23.4166666667,0.0,0.0,69.0833333333,1.861625,0.0,720.0,10736.8046875,50.0208333333
2013.0,10.0,28.0,8.0,8.90416666667,48.0275,2.36333333333,63.6,158.166666667,0.0,0.0,56.9166666667,1.414375,0.0,720.0,10736.8046875,51.8541666667
2013.0,10.0,28.0,9.0,11.3983333333,52.517,2.23333333333,53.2916666667,309.666666667,0.0,0.0833333333333,59.8333333333,1.04025,0.0,720.0,10736.8046875,53.8958333333
2013.0,10.0,28.0,10.0,13.64,56.552,2.04416666667,45.4166666667,443.5,0.0166666666667,0.208333333333,55.4166666667,0.704,0.0,720.0,10736.8046875,56.4791666667
2013.0,10.0,28.0,11.0,16.305,61.349,2.03,38.1833333333,531.833333333,0.0166666666667,0.533333333333,109.25,0.30425,0.0,720.0,10736.8046875,56.2291666667
2013.0,10.0,28.0,12.0,16.6683333333,62.003,2.33833333333,38.1333333333,567.75,0.1,1.54166666667,110.75,0.24975,0.0,720.0,10736.8046875,58.375
2013.0,10.0,28.0,13.0,16.495,61.691,3.44666666667,41.725,519.333333333,0.225,2.0,95.0,0.27575,0.0,720.0,10736.8046875,60.2708333333
2013.0,10.0,28.0,14.0,17.0033333333,62.606,3.39083333333,40.2416666667,438.416666667,0.208333333333,1.94166666667,83.3333333333,0.1995,0.0,720.0,10736.8046875,59.5416666667
2013.0,10.0,28.0,15.0,17.6233333333,63.722,3.68916666667,39.5,343.416666667,0.05,1.25833333333,75.8333333333,0.111708333333,0.00520833333333,720.0,10736.8046875,58.3333333333
2013.0,10.0,28.0,16.0,17.7966666667,64.034,3.55166666667,38.7166666667,198.833333333,0.1,1.275,60.25,0.091,0.0105,720.0,10736.8046875,51.6666666667
2013.0,10.0,28.0,17.0,16.1841666667,61.1315,3.47083333333,42.6833333333,50.5833333333,0.0333333333333,0.55,81.4166666667,0.322375,0.0,720.0,10736.8046875,45.4583333333
2013.0,10.0,28.0,18.0,14.5241666667,58.1435,3.46333333333,47.3583333333,1.0,0.0166666666667,0.433333333333,106.666666667,0.571375,0.0,720.0,10736.8046875,45.1666666667
2013.0,10.0,28.0,19.0,13.3991666667,56.1185,3.22,50.075,1.0,0.0,0.0666666666667,124.75,0.740125,0.0,720.0,10736.8046875,45.0208333333
2013.0,10.0,28.0,20.0,12.3825,54.2885,3.2125,53.5166666667,1.0,0.0,0.0,153.416666667,0.892625,0.0,720.0,10736.8046875,44.9375
2013.0,10.0,28.0,21.0,11.7625,53.1725,3.5975,57.3,1.0,0.0,0.0,188.25,0.985625,0.0,720.0,10736.8046875,43.75
2013.0,10.0,28.0,22.0,11.1666666667,52.1,3.905,60.875,1.0,0.0,0.0,205.666666667,1.075,0.0,720.0,10736.8046875,46.4375
2013.0,10.0,28.0,23.0,10.7791666667,51.4025,3.91916666667,62.5916666667,1.0,0.0333333333333,0.841666666667,205.083333333,1.133125,0.0,720.0,10736.8046875,46.0625
2013.0,10.0,29.0,0.0,9.99,49.982,2.68,60.375,1.0,0.0583333333333,1.26666666667,216.0,1.2515,0.0,720.0,10736.8046875,46.1458333333
2013.0,10.0,29.0,1.0,9.57916666667,49.2425,2.605,61.725,1.0,0.133333333333,1.83333333333,214.416666667,1.313125,0.0,720.0,10736.8046875,45.9583333333
2013.0,10.0,29.0,2.0,9.45,49.01,2.47166666667,61.675,1.0,0.3,2.63333333333,212.0,1.3325,0.0,720.0,10736.8046875,45.5833333333
2013.0,10.0,29.0,3.0,8.9425,48.0965,2.375,63.3916666667,1.0,0.166666666667,2.24166666667,204.833333333,1.408625,0.0,720.0,10736.8046875,45.0833333333
2013.0,10.0,29.0,4.0,8.16583333333,46.6985,2.4725,67.2833333333,1.0,0.1,1.675,197.833333333,1.525125,0.0,720.0,10736.8046875,25.8571428571
2013.0,11.0,11.0,14.0,13.1758333333,55.7165,0.731666666667,42.575,269.583333333,0.641666666667,4.14166666667,40.75,0.773625,0.0,720.0,10736.8046875,77.8787878788
2013.0,11.0,11.0,15.0,11.7791666667,53.2025,0.931666666667,47.3083333333,72.0,1.05,5.2,53.75,0.983125,0.0,720.0,10736.8046875,63.3777777778
2013.0,11.0,11.0,16.0,10.885,51.593,0.913333333333,50.1083333333,10.9166666667,1.30833333333,5.76666666667,55.9166666667,1.11725,0.0,720.0,10736.8046875,58.2916666667
2013.0,11.0,11.0,17.0,10.81,51.458,0.934166666667,50.4416666667,1.0,0.633333333333,3.8,54.4166666667,1.1285,0.0,720.0,10736.8046875,59.8541666667
2013.0,11.0,11.0,18.0,10.8491666667,51.5285,1.29916666667,51.65,1.0,0.125,2.225,37.1666666667,1.122625,0.0,720.0,10736.8046875,58.7083333333
2013.0,11.0,11.0,19.0,10.5925,51.0665,1.37916666667,52.8416666667,1.0,0.116666666667,1.775,63.1666666667,1.161125,0.0,720.0,10736.8046875,55.8541666667
2013.0,11.0,11.0,20.0,10.1808333333,50.3255,1.9275,56.5,1.0,0.333333333333,3.78333333333,50.25,1.222875,0.0,720.0,10736.8046875,54.7083333333
2013.0,11.0,11.0,21.0,9.85333333333,49.736,2.6275,60.7083333333,1.0,0.241666666667,3.29166666667,51.1666666667,1.272,0.0,720.0,10736.8046875,51.1458333333
2013.0,11.0,11.0,22.0,9.75416666667,49.5575,3.44583333333,64.75,1.0,0.258333333333,2.9,54.75,1.286875,0.0,720.0,10736.8046875,50.6458333333
2013.0,11.0,11.0,23.0,9.84666666667,49.724,3.85833333333,66.2416666667,1.0,0.191666666667,2.325,54.25,1.273,0.0,720.0,10736.8046875,50.7708333333
2013.0,11.0,12.0,0.0,9.98083333333,49.9655,3.975,66.1916666667,1.0,0.791666666667,3.93333333333,54.0833333333,1.252875,0.0,720.0,10736.8046875,50.0
2013.0,11.0,12.0,1.0,10.235,50.423,4.14,65.8333333333,1.0,0.1,1.0,57.0,1.21475,0.0,720.0,10736.8046875,48.1041666667
2013.0,11.0,12.0,2.0,10.3025,50.5445,4.10083333333,65.3583333333,1.0,0.0,0.0,53.6666666667,1.204625,0.0,720.0,10736.8046875,47.4791666667
2013.0,11.0,12.0,3.0,10.5033333333,50.906,2.7975,58.8666666667,1.0,0.0,0.0,62.5833333333,1.1745,0.0,720.0,10736.8046875,48.5208333333
2013.0,11.0,12.0,4.0,10.2675,50.4815,2.44583333333,58.2916666667,1.0,0.0,0.0,76.0,1.209875,0.0,720.0,10736.8046875,51.625
2013.0,11.0,12.0,5.0,8.99916666667,48.1985,2.38833333333,63.65,1.0,0.266666666667,0.908333333333,137.833333333,1.400125,0.0,720.0,10736.8046875,51.1666666667
2013.0,11.0,12.0,6.0,4.7125,40.4825,-0.158333333333,70.8166666667,1.5,2.26666666667,7.80833333333,143.583333333,2.043125,0.0,720.0,10736.8046875,51.6875
2013.0,11.0,12.0,7.0,2.44416666667,36.3995,0.869166666667,89.3583333333,17.1666666667,1.39166666667,6.45,159.333333333,2.383375,0.0,720.0,10736.8046875,52.8541666667
2013.0,11.0,12.0,8.0,2.13,35.834,-1.72083333333,76.3333333333,60.0,1.40833333333,7.0,155.0,2.4305,0.0,720.0,10736.8046875,50.7884615385
2013.0,11.0,12.0,9.0,2.2275,36.0095,-4.49916666667,61.1,72.0,1.45833333333,6.475,143.0,2.415875,0.0,720.0,10736.8046875,55.2083333333
2013.0,11.0,12.0,10.0,2.88833333333,37.199,-6.34916666667,50.6833333333,148.916666667,1.35833333333,6.58333333333,134.416666667,2.31675,0.0,720.0,10736.8046875,56.625
2013.0,11.0,12.0,11.0,3.15916666667,37.6865,-7.45,45.6333333333,173.25,1.58333333333,7.15,127.083333333,2.276125,0.0,720.0,10736.8046875,58.7291666667
2013.0,11.0,12.0,12.0,3.18916666667,37.7405,-9.29583333333,39.4416666667,164.833333333,1.9,7.90833333333,128.916666667,2.271625,0.0,720.0,10736.8046875,58.8958333333
2013.0,11.0,12.0,13.0,3.18166666667,37.727,-9.70833333333,38.1583333333,187.333333333,2.55,9.06666666667,128.416666667,2.27275,0.0,720.0,10736.8046875,58.5416666667
2013.0,11.0,12.0,14.0,3.0025,37.4045,-9.66,38.8166666667,119.583333333,1.225,6.325,123.333333333,2.299625,0.0,720.0,10736.8046875,59.1041666667
2013.0,11.0,12.0,15.0,2.69083333333,36.8435,-9.08666666667,41.4916666667,54.75,0.958333333333,5.7,128.333333333,2.346375,0.0,720.0,10736.8046875,60.1875
2013.0,11.0,12.0,16.0,2.3925,36.3065,-8.56333333333,44.1583333333,8.66666666667,0.65,4.00833333333,125.666666667,2.391125,0.0,720.0,10736.8046875,58.0416666667
2013.0,11.0,12.0,17.0,2.33416666667,36.2015,-8.14583333333,45.8083333333,1.0,0.825,4.61666666667,139.166666667,2.399875,0.0,720.0,10736.8046875,58.1041666667
2013.0,11.0,12.0,18.0,1.89416666667,35.4095,-8.295,46.725,1.0,0.95,5.74166666667,154.75,2.465875,0.0,720.0,10736.8046875,58.375
2013.0,11.0,12.0,19.0,1.29916666667,34.3385,-8.61333333333,47.575,1.0,0.516666666667,3.825,163.583333333,2.555125,0.0,720.0,10736.8046875,58.875
2013.0,11.0,12.0,20.0,0.568333333333,33.023,-8.52,50.5166666667,1.0,0.241666666667,1.875,170.0,2.66475,0.0,720.0,10736.8046875,56.4375
2013.0,11.0,12.0,21.0,0.00416666666667,32.0075,-8.38666666667,53.1833333333,1.0,0.0,0.591666666667,144.5,2.749375,0.0,720.0,10736.8046875,53.5833333333
2013.0,11.0,12.0,22.0,-0.306666666667,31.448,-8.30666666667,54.7416666667,1.0,0.0,0.0333333333333,110.833333333,2.796,0.0,720.0,10736.8046875,51.25
2013.0,11.0,12.0,23.0,-0.566666666667,30.98,-8.15333333333,56.4583333333,1.0,0.0,0.0666666666667,88.9166666667,2.835,0.0,720.0,10736.8046875,53.2083333333
2013.0,11.0,13.0,0.0,-1.255,29.741,-8.39083333333,58.3083333333,1.0,0.0166666666667,0.3,123.166666667,2.93825,0.0,720.0,10736.8046875,52.2916666667
2013.0,11.0,13.0,1.0,-1.56083333333,29.1905,-8.57666666667,58.775,1.0,0.0,0.0166666666667,107.333333333,2.984125,0.0,720.0,10736.8046875,52.0
2013.0,11.0,13.0,2.0,-1.5225,29.2595,-8.80916666667,57.5666666667,1.0,0.208333333333,2.25833333333,117.083333333,2.978375,0.0,720.0,10736.8046875,50.4791666667
2013.0,11.0,13.0,3.0,-1.4375,29.4125,-9.615,53.675,1.0,0.166666666667,2.24166666667,118.916666667,2.965625,0.0,720.0,10736.8046875,51.875
2013.0,11.0,13.0,4.0,-1.6525,29.0255,-10.4558333333,51.025,1.0,0.25,2.93333333333,114.833333333,2.997875,0.0,720.0,10736.8046875,49.8333333333
2013.0,11.0,13.0,5.0,-1.745,28.859,-10.3633333333,51.7416666667,1.0,0.283333333333,3.1,113.0,3.01175,0.0,720.0,10736.8046875,50.6666666667
2013.0,11.0,13.0,6.0,-1.74,28.868,-9.9575,53.4333333333,7.75,0.133333333333,2.10833333333,100.0,3.011,0.0,720.0,10736.8046875,52.1458333333
2013.0,11.0,13.0,7.0,-0.0966666666667,31.826,-10.4683333333,45.5833333333,124.75,0.216666666667,2.36666666667,107.916666667,2.7645,0.0,720.0,10736.8046875,50.2291666667
2013.0,11.0,13.0,8.0,1.305,34.349,-10.5408333333,40.875,278.583333333,0.758333333333,5.15833333333,120.416666667,2.55425,0.0,720.0,10736.8046875,51.0416666667
2013.0,11.0,13.0,9.0,2.07416666667,35.7335,-10.0633333333,40.1666666667,406.166666667,1.075,5.79166666667,127.583333333,2.438875,0.0,720.0,10736.8046875,53.1458333333
2013.0,11.0,13.0,10.0,3.08333333333,37.55,-9.93833333333,37.775,492.0,1.00833333333,5.30833333333,112.583333333,2.2875,0.0,720.0,10736.8046875,45.25
2013.0,11.0,13.0,11.0,3.89416666667,39.0095,-10.0533333333,35.3333333333,525.583333333,1.31666666667,6.28333333333,133.75,2.165875,0.0,720.0,10736.8046875,57.0625
2013.0,11.0,13.0,12.0,3.88416666667,38.9915,-10.3308333333,34.5916666667,503.333333333,1.375,6.14166666667,121.0,2.167375,0.0,720.0,10736.8046875,56.5833333333
2013.0,11.0,13.0,13.0,4.265,39.677,-10.2125,33.975,430.666666667,1.08333333333,5.71666666667,126.666666667,2.11025,0.0,720.0,10736.8046875,56.5
2013.0,11.0,13.0,14.0,5.14666666667,41.264,-9.85666666667,32.8666666667,313.833333333,0.691666666667,4.40833333333,106.833333333,1.978,0.0,720.0,10736.8046875,58.25
2013.0,11.0,13.0,15.0,5.49916666667,41.8985,-9.11833333333,34.0,167.416666667,0.575,4.09166666667,94.4166666667,1.925125,0.0,720.0,10736.8046875,56.25
2013.0,11.0,13.0,16.0,3.97916666667,39.1625,-8.22666666667,40.6083333333,20.0,0.208333333333,2.49166666667,86.9166666667,2.153125,0.0,720.0,10736.8046875,56.3958333333
2013.0,11.0,13.0,17.0,3.23916666667,37.8305,-7.63833333333,44.6916666667,1.0,0.0333333333333,1.01666666667,74.3333333333,2.264125,0.0,720.0,10736.8046875,56.6041666667
2013.0,11.0,13.0,18.0,2.87666666667,37.178,-6.72666666667,49.2083333333,1.0,0.216666666667,2.03333333333,66.25,2.3185,0.0,720.0,10736.8046875,56.5416666667
2013.0,11.0,13.0,19.0,2.21166666667,35.981,-6.37416666667,53.0,1.0,0.183333333333,1.85,66.5833333333,2.41825,0.0,720.0,10736.8046875,56.1666666667
2013.0,11.0,13.0,20.0,1.685,35.033,-6.0325,56.5,1.0,0.15,1.625,64.0833333333,2.49725,0.0,720.0,10736.8046875,55.8541666667
2013.0,11.0,13.0,21.0,1.37666666667,34.478,-5.85583333333,58.5416666667,1.0,0.133333333333,1.69166666667,63.9166666667,2.5435,0.0,720.0,10736.8046875,53.3333333333
2013.0,11.0,13.0,22.0,1.17,34.106,-5.84416666667,59.475,1.0,0.15,1.60833333333,68.0833333333,2.5745,0.0,720.0,10736.8046875,52.8541666667
2013.0,11.0,13.0,23.0,0.963333333333,33.734,-5.92833333333,59.9833333333,1.0,0.391666666667,2.725,62.25,2.6055,0.0,720.0,10736.8046875,52.6458333333
2013.0,11.0,14.0,0.0,0.900833333333,33.6215,-6.08916666667,59.5166666667,1.0,0.491666666667,3.09166666667,56.3333333333,2.614875,0.0,720.0,10736.8046875,52.125
2013.0,11.0,14.0,1.0,1.03666666667,33.866,-6.375,57.6666666667,1.0,0.441666666667,3.35833333333,62.6666666667,2.5945,0.0,720.0,10736.8046875,51.8333333333
2013.0,11.0,14.0,2.0,0.604166666667,33.0875,-6.64166666667,58.3,1.0,1.10833333333,4.625,70.0,2.659375,0.0,720.0,10736.8046875,49.375
2013.0,11.0,14.0,3.0,0.705833333333,33.2705,-6.50916666667,58.45,1.0,0.675,4.33333333333,58.6666666667,2.644125,0.0,720.0,10736.8046875,49.3541666667
2013.0,11.0,14.0,4.0,0.199166666667,32.3585,-6.2175,62.0166666667,1.0,0.708333333333,3.575,54.75,2.720125,0.0,720.0,10736.8046875,49.2708333333
2013.0,11.0,14.0,5.0,0.206666666667,32.372,-6.32,61.5,1.0,0.225,2.41666666667,64.0,2.719,0.0,720.0,10736.8046875,51.0416666667
2013.0,11.0,14.0,6.0,0.945,33.701,-7.31833333333,54.0916666667,7.08333333333,0.408333333333,3.09166666667,64.1666666667,2.60825,0.0,720.0,10736.8046875,50.2916666667
2013.0,11.0,14.0,7.0,2.6425,36.7565,-8.60333333333,43.3666666667,122.25,0.491666666667,3.5,66.5,2.353625,0.0,720.0,10736.8046875,48.8541666667
2013.0,11.0,14.0,8.0,5.30083333333,41.5415,-9.3575,33.8583333333,263.666666667,0.875,4.20833333333,60.3333333333,1.954875,0.0,720.0,10736.8046875,50.1875
2013.0,11.0,14.0,9.0,7.88833333333,46.199,-9.4575,28.2,385.916666667,1.225,5.425,58.9166666667,1.56675,0.0,720.0,10736.8046875,52.9375
2013.0,11.0,14.0,10.0,9.91666666667,49.85,-11.1183333333,21.4916666667,486.75,2.075,7.275,66.0,1.2625,0.0,720.0,10736.8046875,54.3333333333
2013.0,11.0,14.0,11.0,11.0608333333,51.9095,-11.5758333333,19.15,516.666666667,2.89166666667,7.56666666667,67.9166666667,1.090875,0.0,720.0,10736.8046875,56.0833333333
2013.0,11.0,14.0,12.0,11.5941666667,52.8695,-11.0641666667,19.275,502.75,1.625,6.03333333333,67.0,1.010875,0.0,720.0,10736.8046875,55.9791666667
2013.0,11.0,14.0,13.0,12.2258333333,54.0065,-11.0058333333,18.575,436.0,2.29166666667,6.91666666667,66.0833333333,0.916125,0.0,720.0,10736.8046875,55.6666666667
2013.0,11.0,14.0,14.0,13.0633333333,55.514,-8.485,21.4416666667,310.083333333,1.125,4.35,55.5,0.7905,0.0,720.0,10736.8046875,54.8333333333
2013.0,11.0,14.0,15.0,12.945,55.301,-8.12833333333,22.2666666667,142.083333333,0.466666666667,2.8,53.3333333333,0.80825,0.0,720.0,10736.8046875,55.3333333333
2013.0,11.0,14.0,16.0,10.7616666667,51.371,-7.85166666667,26.2166666667,11.25,0.725,4.45833333333,62.1666666667,1.13575,0.0,720.0,10736.8046875,54.6875
2013.0,11.0,14.0,17.0,10.1091666667,50.1965,-7.23916666667,28.725,1.0,0.475,3.01666666667,61.4166666667,1.233625,0.0,720.0,10736.8046875,55.125
2013.0,11.0,14.0,18.0,9.45833333333,49.025,-6.34416666667,32.2166666667,1.0,1.15833333333,4.49166666667,55.1666666667,1.33125,0.0,720.0,10736.8046875,55.2083333333
2013.0,11.0,14.0,19.0,8.52333333333,47.342,-4.64916666667,38.9666666667,1.0,0.116666666667,2.01666666667,53.0833333333,1.4715,0.0,720.0,10736.8046875,53.8333333333
2013.0,11.0,14.0,20.0,7.82916666667,46.0925,-3.27666666667,45.275,1.0,0.375,3.49166666667,56.5,1.575625,0.0,720.0,10736.8046875,52.6041666667
2013.0,11.0,14.0,21.0,7.02666666667,44.648,-3.12833333333,48.3916666667,1.0,0.325,2.50833333333,56.25,1.696,0.0,720.0,10736.8046875,50.9166666667
2013.0,11.0,14.0,22.0,6.29,43.322,-2.46916666667,53.4416666667,1.0,0.166666666667,1.71666666667,56.8333333333,1.8065,0.0,720.0,10736.8046875,51.2083333333
2013.0,11.0,14.0,23.0,5.81916666667,42.4745,-1.73666666667,58.2833333333,1.0,0.166666666667,1.425,61.25,1.877125,0.0,720.0,10736.8046875,50.6458333333
2013.0,11.0,15.0,0.0,5.58,42.044,-0.8725,63.1333333333,1.0,0.233333333333,2.34166666667,58.3333333333,1.913,0.0,720.0,10736.8046875,49.5625
2013.0,11.0,15.0,1.0,5.45333333333,41.816,-0.330833333333,66.2583333333,1.0,0.1,1.09166666667,56.0833333333,1.932,0.0,720.0,10736.8046875,48.6041666667
2013.0,11.0,15.0,2.0,5.42083333333,41.7575,-0.0125,67.975,1.0,0.0666666666667,1.15,55.6666666667,1.936875,0.0,720.0,10736.8046875,47.6041666667
2013.0,11.0,15.0,3.0,4.82,40.676,0.368333333333,72.8666666667,1.0,0.0,0.358333333333,55.8333333333,2.027,0.0,720.0,10736.8046875,47.4791666667
2013.0,11.0,15.0,4.0,4.59166666667,40.265,0.426666666667,74.35,1.0,0.0166666666667,0.35,63.1666666667,2.06125,0.0,720.0,10736.8046875,49.7708333333
2013.0,11.0,15.0,5.0,4.24833333333,39.647,0.58,77.0083333333,1.0,0.0,0.0916666666667,58.0833333333,2.11275,0.0,720.0,10736.8046875,48.2291666667
2013.0,11.0,15.0,6.0,4.40416666667,39.9275,0.700833333333,76.85,9.66666666667,0.0166666666667,0.366666666667,60.25,2.089375,0.0,720.0,10736.8046875,48.2708333333
2013.0,11.0,15.0,7.0,4.6875,40.4375,0.865,76.2333333333,68.8333333333,0.0,0.233333333333,58.4166666667,2.046875,0.0,720.0,10736.8046875,48.7291666667
2013.0,11.0,15.0,8.0,6.33916666667,43.4105,0.760833333333,67.575,226.25,0.0833333333333,1.28333333333,55.75,1.799125,0.0,720.0,10736.8046875,46.7884615385
2013.0,11.0,15.0,9.0,8.14416666667,46.6595,1.17083333333,61.4583333333,304.25,0.266666666667,1.43333333333,46.75,1.528375,0.0,720.0,10736.8046875,52.9166666667
2013.0,11.0,15.0,10.0,10.0158333333,50.0285,1.32083333333,54.7583333333,316.25,0.0,0.391666666667,49.25,1.247625,0.0,720.0,10736.8046875,53.9791666667
2013.0,11.0,15.0,11.0,10.925,51.665,1.415,51.875,291.25,0.0,0.0583333333333,59.0,1.11125,0.0,720.0,10736.8046875,56.2291666667
2013.0,11.0,15.0,12.0,12.4825,54.4685,0.4025,43.4916666667,392.833333333,0.05,0.625,48.5833333333,0.877625,0.0,720.0,10736.8046875,56.1666666667
2013.0,11.0,15.0,13.0,14.2666666667,57.68,-0.408333333333,36.575,407.666666667,0.0166666666667,0.466666666667,115.833333333,0.61,0.0,720.0,10736.8046875,54.5625
2013.0,11.0,15.0,14.0,14.3283333333,57.791,-0.813333333333,35.3333333333,225.666666667,0.0333333333333,0.441666666667,92.6666666667,0.60075,0.0,720.0,10736.8046875,55.25
2013.0,11.0,15.0,15.0,12.815,55.067,0.3675,42.425,74.3333333333,0.0666666666667,1.10833333333,69.3333333333,0.82775,0.0,720.0,10736.8046875,55.5833333333
2013.0,11.0,15.0,16.0,11.9108333333,53.4395,0.341666666667,44.925,9.25,0.0,0.141666666667,47.9166666667,0.963375,0.0,720.0,10736.8046875,55.2916666667
2013.0,11.0,15.0,17.0,11.5091666667,52.7165,0.1875,45.625,1.0,0.0333333333333,0.6,64.75,1.023625,0.0,720.0,10736.8046875,53.25
2013.0,11.0,15.0,18.0,10.9741666667,51.7535,0.538333333333,48.4916666667,1.0,0.0166666666667,0.325,64.3333333333,1.103875,0.0,720.0,10736.8046875,51.6875
2013.0,11.0,15.0,19.0,10.235,50.423,0.510833333333,50.8416666667,1.0,0.0666666666667,1.08333333333,60.9166666667,1.21475,0.0,720.0,10736.8046875,50.1041666667
2013.0,11.0,15.0,20.0,9.52916666667,49.1525,1.12416666667,55.75,1.0,0.0,0.108333333333,59.5,1.320625,0.0,720.0,10736.8046875,49.0208333333
2013.0,11.0,15.0,21.0,8.73416666667,47.7215,2.045,62.8166666667,1.0,0.1,1.025,78.75,1.439875,0.0,720.0,10736.8046875,48.5625
2013.0,11.0,15.0,22.0,8.1875,46.7375,2.21083333333,65.9666666667,1.0,0.0,0.283333333333,58.5833333333,1.521875,0.0,720.0,10736.8046875,49.25
2013.0,11.0,15.0,23.0,8.40666666667,47.132,2.42083333333,65.9583333333,1.0,0.0,0.141666666667,72.4166666667,1.489,0.0,720.0,10736.8046875,49.4166666667
2013.0,11.0,16.0,0.0,8.5525,47.3945,2.03333333333,63.5416666667,1.0,0.0,0.466666666667,60.9166666667,1.467125,0.0,0.0,10736.8046875,48.625
2013.0,11.0,16.0,1.0,8.21666666667,46.79,2.5025,67.275,1.0,0.0,0.216666666667,44.9166666667,1.5175,0.0,0.0,10736.8046875,48.7708333333
2013.0,11.0,16.0,2.0,8.71916666667,47.6945,2.6775,65.7916666667,1.0,0.0,0.0,88.0833333333,1.442125,0.0,0.0,10736.8046875,47.7291666667
2013.0,11.0,16.0,3.0,8.285,46.913,2.9475,69.0333333333,1.0,0.0,0.0,77.4166666667,1.50725,0.0,0.0,10736.8046875,48.25
2013.0,11.0,16.0,4.0,8.1225,46.6205,4.06333333333,75.6833333333,1.0,0.0,0.0,307.25,1.531625,0.0,0.0,10736.8046875,41.7083333333
2013.0,11.0,16.0,5.0,7.53333333333,45.56,5.0425,84.2166666667,1.0,0.0,0.0,315.333333333,1.62,0.0,0.0,10736.8046875,40.4583333333
2013.0,11.0,16.0,6.0,8.2375,46.8275,4.5575,77.5666666667,1.08333333333,0.0,0.0,326.916666667,1.514375,0.0,0.0,10736.8046875,39.875
2013.0,11.0,16.0,7.0,8.845,47.921,4.50666666667,74.275,54.5833333333,0.0,0.0,330.25,1.42325,0.0,0.0,10736.8046875,38.125
2013.0,11.0,16.0,8.0,10.9075,51.6335,5.155,67.7416666667,184.5,0.0,0.0,326.083333333,1.113875,0.0,0.0,10736.8046875,38.3125
2013.0,11.0,16.0,9.0,12.1066666667,53.792,6.33333333333,67.8083333333,242.75,0.0,0.0,324.5,0.934,0.0,0.0,10736.8046875,38.5833333333
2013.0,11.0,16.0,10.0,14.635,58.343,6.425,57.8333333333,425.75,0.0,0.275,320.333333333,0.55475,0.0,0.0,10736.8046875,40.0833333333
2013.0,11.0,16.0,11.0,14.6808333333,58.4255,6.91333333333,59.6583333333,466.333333333,0.05,1.28333333333,324.166666667,0.547875,0.0,0.0,10736.8046875,38.3541666667
2013.0,11.0,16.0,12.0,14.6633333333,58.394,7.89583333333,64.0166666667,402.25,0.0,0.0166666666667,280.833333333,0.5505,0.0,0.0,10736.8046875,38.375
2013.0,11.0,16.0,13.0,14.3233333333,57.782,8.2925,67.0916666667,203.916666667,0.0,0.225,156.583333333,0.6015,0.0,0.0,10736.8046875,39.1666666667
2013.0,11.0,16.0,14.0,13.3708333333,56.0675,8.65583333333,73.0583333333,137.083333333,0.0,0.3,205.833333333,0.744375,0.0,0.0,10736.8046875,38.75
2013.0,11.0,16.0,15.0,12.4508333333,54.4115,9.0825,79.9,53.5833333333,0.0333333333333,1.2,325.75,0.882375,0.0,0.0,10736.8046875,39.8333333333
2013.0,11.0,16.0,16.0,11.415,52.547,9.14416666667,85.8583333333,2.91666666667,0.1,1.18333333333,323.833333333,1.03775,0.0,0.0,10736.8046875,39.3125
2013.0,11.0,16.0,17.0,11.2733333333,52.292,9.04416666667,86.0833333333,1.0,0.0166666666667,0.125,321.0,1.059,0.0,0.0,10736.8046875,39.9166666667
2013.0,11.0,16.0,18.0,11.3666666667,52.46,8.87583333333,84.5833333333,1.0,0.0,0.0333333333333,295.333333333,1.045,0.0,0.0,10736.8046875,39.8125
2013.0,11.0,16.0,19.0,11.2533333333,52.256,8.78833333333,84.725,1.0,0.0,0.0,314.583333333,1.062,0.0,0.0,10736.8046875,39.875
2013.0,11.0,16.0,20.0,11.2533333333,52.256,8.50916666667,83.1416666667,1.0,0.0,0.0916666666667,314.083333333,1.062,0.0,0.0,10736.8046875,38.7083333333
2013.0,11.0,16.0,21.0,11.3808333333,52.4855,8.53583333333,82.5916666667,1.0,0.0,0.0,316.5,1.042875,0.0,0.0,10736.8046875,36.1666666667
2013.0,11.0,16.0,22.0,11.4491666667,52.6085,8.7075,83.175,1.0,0.0,0.0,287.25,1.032625,0.0,0.0,10736.8046875,36.0416666667
2013.0,11.0,16.0,23.0,11.6858333333,53.0345,9.02166666667,83.6333333333,1.0,0.0,0.0,321.083333333,0.997125,0.0,0.0,10736.8046875,35.7916666667
2013.0,11.0,17.0,0.0,11.7208333333,53.0975,9.25166666667,84.7416666667,1.0,0.0,0.0,310.5,0.991875,0.0,0.0,10736.8046875,35.8125
2013.0,11.0,17.0,1.0,11.6183333333,52.913,9.27916666667,85.4833333333,1.0,0.0,0.0,213.833333333,1.00725,0.0,0.0,10736.8046875,35.125
2013.0,11.0,17.0,2.0,11.5841666667,52.8515,9.32083333333,85.925,1.0,0.0,0.0,215.083333333,1.012375,0.0,0.0,10736.8046875,34.1458333333
2013.0,11.0,17.0,3.0,11.4833333333,52.67,9.40416666667,86.9833333333,1.0,0.0,0.0166666666667,206.25,1.0275,0.0,0.0,10736.8046875,33.6458333333
2013.0,11.0,17.0,4.0,11.5675,52.8215,9.58333333333,87.55,1.0,0.0,0.0,211.5,1.014875,0.0,0.0,10736.8046875,34.1458333333
2013.0,11.0,17.0,5.0,11.7766666667,53.198,9.72916666667,87.1833333333,1.0,0.0,0.0,224.25,0.9835,0.0,0.0,10736.8046875,34.5
2013.0,11.0,17.0,6.0,11.7491666667,53.1485,9.86,88.1166666667,1.08333333333,0.0,0.0166666666667,267.083333333,0.987625,0.0,0.0,10736.8046875,34.25
2013.0,11.0,17.0,7.0,12.1158333333,53.8085,10.0816666667,87.3,39.3333333333,0.0,0.0,239.583333333,0.932625,0.0,0.0,10736.8046875,33.2708333333
2013.0,11.0,17.0,8.0,13.925,57.065,10.8091666667,81.4666666667,125.166666667,0.0,0.0,248.5,0.66125,0.0,0.0,10736.8046875,32.6041666667
2013.0,11.0,17.0,9.0,16.1083333333,60.995,11.7075,75.1333333333,214.166666667,0.0,0.0,277.583333333,0.33375,0.0,0.0,10736.8046875,33.3541666667
2013.0,11.0,17.0,10.0,18.1575,64.6835,11.8333333333,66.7,332.916666667,0.0,0.0166666666667,285.916666667,0.08,0.053625,0.0,10736.8046875,34.5208333333
2013.0,11.0,17.0,11.0,20.6658333333,69.1985,12.4208333333,59.2583333333,459.75,0.0833333333333,1.00833333333,323.25,0.0,0.349875,0.0,10736.8046875,34.2708333333
2013.0,11.0,17.0,12.0,20.0683333333,68.123,13.5383333333,66.1,202.416666667,0.0666666666667,0.766666666667,285.0,0.0,0.26025,0.0,10736.8046875,35.25
2013.0,11.0,17.0,13.0,20.2683333333,68.483,13.735,66.05,175.416666667,0.0666666666667,1.25,20.1666666667,0.0,0.29025,0.0,10736.8046875,36.2083333333
2013.0,11.0,17.0,14.0,19.6308333333,67.3355,13.6466666667,68.3083333333,125.666666667,0.2,1.78333333333,119.166666667,0.0,0.194625,0.0,10736.8046875,36.5625
2013.0,11.0,17.0,15.0,19.2458333333,66.6425,13.52,69.4,87.8333333333,0.425,3.45,291.083333333,0.0,0.136875,0.0,10736.8046875,36.5208333333
2013.0,11.0,17.0,16.0,17.9358333333,64.2845,13.61,75.75,8.16666666667,0.291666666667,2.65,344.25,0.0605833333333,0.000958333333333,0.0,10736.8046875,37.3333333333
2013.0,11.0,17.0,17.0,17.6366666667,63.746,13.8358333333,78.3333333333,1.0,0.166666666667,2.31666666667,344.5,0.1045,0.0,0.0,10736.8046875,37.0625
2013.0,11.0,17.0,18.0,16.9991666667,62.5985,14.2033333333,83.5166666667,1.0,0.283333333333,2.70833333333,347.833333333,0.200125,0.0,0.0,10736.8046875,37.25
2013.0,11.0,17.0,19.0,16.695,62.051,14.5008333333,86.7833333333,1.0,0.566666666667,4.25,345.333333333,0.24575,0.0,0.0,10736.8046875,37.6458333333
2013.0,11.0,17.0,20.0,16.4683333333,61.643,14.6325,88.7916666667,1.0,0.783333333333,4.65833333333,343.5,0.27975,0.0,0.0,10736.8046875,38.4375
2013.0,11.0,17.0,21.0,16.3675,61.4615,14.54,88.8333333333,1.0,0.466666666667,3.56666666667,345.0,0.294875,0.0,0.0,10736.8046875,36.3958333333
2013.0,11.0,17.0,22.0,16.735,62.123,14.8333333333,88.4416666667,1.0,0.641666666667,4.06666666667,347.583333333,0.23975,0.0,0.0,10736.8046875,34.625
2013.0,11.0,17.0,23.0,17.1458333333,62.8625,15.4333333333,89.5416666667,1.0,0.808333333333,5.75,211.5,0.178125,0.0,0.0,10736.8046875,36.1666666667
2013.0,11.0,18.0,0.0,16.5775,61.8395,15.4533333333,92.9833333333,1.0,0.45,4.56666666667,237.666666667,0.263375,0.0,720.0,10736.8046875,36.2291666667
2013.0,11.0,18.0,1.0,16.3966666667,61.514,15.4525,94.0416666667,1.0,0.433333333333,3.875,126.583333333,0.2905,0.0,720.0,10736.8046875,35.875
2013.0,11.0,18.0,2.0,16.5741666667,61.8335,15.8058333333,95.0833333333,1.0,0.583333333333,5.34166666667,100.25,0.263875,0.0,720.0,10736.8046875,35.0208333333
2013.0,11.0,18.0,3.0,16.4675,61.6415,-7.44166666667,55.4916666667,1.0,1.075,4.6,61.75,0.279875,0.0,720.0,10736.8046875,35.2708333333
2013.0,11.0,18.0,4.0,16.2533333333,61.256,-20.03,27.55,1.0,0.8,4.325,67.75,0.312,0.0,720.0,10736.8046875,33.75
2013.0,11.0,18.0,5.0,16.1833333333,61.13,10.3058333333,68.1,1.0,0.516666666667,2.90833333333,64.0833333333,0.3225,0.0,720.0,10736.8046875,34.8541666667
2013.0,11.0,18.0,6.0,14.8758333333,58.7765,10.3583333333,74.3166666667,2.16666666667,0.766666666667,3.89166666667,57.6666666667,0.518625,0.0,720.0,10736.8046875,35.1875
2013.0,11.0,18.0,7.0,14.5458333333,58.1825,10.2333333333,75.275,60.6666666667,0.891666666667,3.95833333333,56.5833333333,0.568125,0.0,720.0,10736.8046875,33.7291666667
2013.0,11.0,18.0,8.0,15.6083333333,60.095,9.68333333333,67.8833333333,199.166666667,0.8,4.16666666667,58.25,0.40875,0.0,720.0,10736.8046875,35.2708333333
2013.0,11.0,18.0,9.0,17.7933333333,64.028,6.68666666667,48.6833333333,367.333333333,1.48333333333,5.475,64.5,0.09825,0.01725,720.0,10736.8046875,32.0
2013.0,11.0,18.0,10.0,18.8433333333,65.918,3.27083333333,35.5333333333,468.75,3.05833333333,8.31666666667,73.9166666667,0.0,0.0765,720.0,10736.8046875,39.7083333333
2013.0,11.0,18.0,11.0,19.7516666667,67.553,2.22666666667,31.175,502.5,2.09166666667,7.025,73.4166666667,0.0,0.21275,720.0,10736.8046875,35.875
2013.0,11.0,18.0,12.0,19.125,66.425,0.718333333333,29.0833333333,487.25,2.68333333333,8.29166666667,79.6666666667,0.0,0.11875,720.0,10736.8046875,38.75
2013.0,11.0,18.0,13.0,18.8183333333,65.873,0.00416666666667,28.1416666667,419.583333333,2.6,7.96666666667,75.9166666667,0.0,0.07275,720.0,10736.8046875,39.4375
2013.0,11.0,18.0,14.0,19.2066666667,66.572,-0.6,26.2833333333,306.583333333,2.31666666667,7.48333333333,74.0,0.0,0.131,720.0,10736.8046875,39.8333333333
2013.0,11.0,18.0,15.0,18.9216666667,66.059,-1.64,24.7916666667,160.666666667,2.55833333333,7.95,72.3333333333,0.0,0.08825,720.0,10736.8046875,40.625
2013.0,11.0,18.0,16.0,17.0541666667,62.6975,-2.19333333333,26.8083333333,14.0,1.6,6.1,73.5,0.191875,0.0,720.0,10736.8046875,40.8125
2013.0,11.0,18.0,17.0,16.0666666667,60.92,-1.53,29.925,1.0,0.666666666667,3.61666666667,71.8333333333,0.34,0.0,720.0,10736.8046875,54.625
2013.0,11.0,18.0,18.0,15.3416666667,59.615,-1.56583333333,31.2666666667,1.0,0.508333333333,3.58333333333,72.75,0.44875,0.0,720.0,10736.8046875,59.75
2013.0,11.0,18.0,19.0,14.3025,57.7445,-1.825,32.8083333333,1.0,0.35,2.64166666667,73.0,0.604625,0.0,720.0,10736.8046875,56.4583333333
2013.0,11.0,18.0,20.0,13.4208333333,56.1575,-1.8925,34.5583333333,1.0,0.783333333333,4.35833333333,77.0833333333,0.736875,0.0,720.0,10736.8046875,53.7083333333
2013.0,11.0,18.0,21.0,12.605,54.689,-2.07333333333,35.9833333333,1.0,1.025,5.09166666667,83.0,0.85925,0.0,720.0,10736.8046875,50.625
2013.0,11.0,18.0,22.0,11.7158333333,53.0885,-2.06333333333,38.1666666667,1.0,1.16666666667,5.7,83.0,0.992625,0.0,720.0,10736.8046875,49.7708333333
2013.0,11.0,18.0,23.0,10.5333333333,50.96,-2.195,40.9,1.0,1.60833333333,6.89166666667,90.3333333333,1.17,0.0,720.0,10736.8046875,49.9166666667
2013.0,11.0,19.0,0.0,9.52583333333,49.1465,-2.89083333333,41.5333333333,1.0,2.49166666667,8.83333333333,95.0,1.321125,0.0,720.0,10736.8046875,48.5
2013.0,11.0,19.0,1.0,8.66083333333,47.5895,-2.99583333333,43.7,1.0,1.49166666667,6.83333333333,85.3333333333,1.450875,0.0,720.0,10736.8046875,48.25
2013.0,11.0,19.0,2.0,8.17666666667,46.718,-2.65166666667,46.3166666667,1.0,0.766666666667,5.35,86.1666666667,1.5235,0.0,720.0,10736.8046875,47.5625
2013.0,11.0,19.0,3.0,8.0875,46.5575,-1.61833333333,50.3583333333,1.0,1.775,7.46666666667,93.8333333333,1.536875,0.0,720.0,10736.8046875,47.7291666667
2013.0,11.0,19.0,4.0,7.08333333333,44.75,-1.63333333333,53.825,1.0,2.125,7.56666666667,95.8333333333,1.6875,0.0,720.0,10736.8046875,47.2083333333
2013.0,11.0,19.0,5.0,6.38833333333,43.499,-3.4625,49.275,1.0,0.875,6.1,97.1666666667,1.79175,0.0,720.0,10736.8046875,48.8333333333
2013.0,11.0,19.0,6.0,6.25083333333,43.2515,-3.495,49.625,4.33333333333,0.766666666667,5.16666666667,99.5833333333,1.812375,0.0,720.0,10736.8046875,49.7916666667
2013.0,11.0,19.0,7.0,7.11833333333,44.813,-3.685,46.1666666667,91.5833333333,0.666666666667,5.45,101.083333333,1.68225,0.0,720.0,10736.8046875,48.3541666667
2013.0,11.0,19.0,8.0,8.39416666667,47.1095,-3.88916666667,41.6333333333,253.166666667,1.20833333333,6.55833333333,115.916666667,1.490875,0.0,720.0,10736.8046875,50.2083333333
2013.0,11.0,19.0,9.0,8.3875,47.0975,-3.22666666667,43.7833333333,314.5,0.791666666667,5.08333333333,111.916666667,1.491875,0.0,720.0,10736.8046875,52.1875
2013.0,11.0,19.0,10.0,8.8475,47.9255,-2.85583333333,43.6583333333,251.916666667,0.666666666667,4.68333333333,110.166666667,1.422875,0.0,720.0,10736.8046875,55.3541666667
2013.0,11.0,19.0,11.0,9.5575,49.2035,-3.49833333333,39.6333333333,511.666666667,0.983333333333,5.51666666667,119.333333333,1.316375,0.0,720.0,10736.8046875,57.6041666667
2013.0,11.0,19.0,12.0,9.1825,48.5285,-3.21916666667,41.55,455.5,1.08333333333,5.425,108.166666667,1.372625,0.0,720.0,10736.8046875,56.3958333333
2013.0,11.0,19.0,13.0,8.91333333333,48.044,-3.17833333333,42.375,409.583333333,1.54166666667,6.48333333333,102.333333333,1.413,0.0,720.0,10736.8046875,56.6458333333
2013.0,11.0,19.0,14.0,9.2125,48.5825,-3.42083333333,40.7916666667,299.0,2.4,8.83333333333,125.5,1.368125,0.0,720.0,10736.8046875,56.5625
2013.0,11.0,19.0,15.0,9.0975,48.3755,-4.04666666667,39.2166666667,157.166666667,1.20833333333,6.43333333333,117.083333333,1.385375,0.0,720.0,10736.8046875,56.0
2013.0,11.0,19.0,16.0,7.225,45.005,-4.215,44.0166666667,13.1666666667,1.06666666667,5.90833333333,134.25,1.66625,0.0,720.0,10736.8046875,57.4166666667
2013.0,11.0,19.0,17.0,6.13916666667,43.0505,-4.82,45.2666666667,1.0,0.425,3.075,149.25,1.829125,0.0,720.0,10736.8046875,57.6875
2013.0,11.0,19.0,18.0,5.40166666667,41.723,-4.94666666667,47.2,1.0,0.666666666667,4.25,188.166666667,1.93975,0.0,720.0,10736.8046875,57.5208333333
2013.0,11.0,19.0,19.0,4.58833333333,40.259,-5.1125,49.325,1.0,0.425,3.45,170.0,2.06175,0.0,720.0,10736.8046875,55.6875
2013.0,11.0,19.0,20.0,4.005,39.209,-5.1075,51.4083333333,1.0,0.15,2.20833333333,144.333333333,2.14925,0.0,720.0,10736.8046875,28.3125
2013.0,11.0,19.0,21.0,3.37583333333,38.0765,-5.09833333333,53.775,1.0,0.0833333333333,1.25,147.083333333,2.243625,0.0,720.0,10736.8046875,0.0
2013.0,11.0,19.0,22.0,2.97333333333,37.352,-5.26583333333,54.6333333333,1.0,0.05,0.941666666667,149.583333333,2.304,0.0,720.0,10736.8046875,0.0
2013.0,11.0,19.0,23.0,2.54083333333,36.5735,-5.17666666667,56.725,1.0,0.1,1.84166666667,169.75,2.368875,0.0,720.0,10736.8046875,27.1666666667
2013.0,11.0,20.0,0.0,1.84666666667,35.324,-5.08083333333,60.0416666667,1.0,0.183333333333,1.43333333333,194.25,2.473,0.0,720.0,10736.8046875,52.5625
2013.0,11.0,20.0,1.0,1.57083333333,34.8275,-5.0975,61.1583333333,1.0,0.541666666667,3.61666666667,187.083333333,2.514375,0.0,720.0,10736.8046875,51.0
2013.0,11.0,20.0,2.0,1.18083333333,34.1255,-5.2,62.425,1.0,0.825,4.28333333333,186.75,2.572875,0.0,720.0,10736.8046875,52.0416666667
2013.0,11.0,20.0,3.0,0.714166666667,33.2855,-5.30416666667,64.0416666667,1.0,0.583333333333,3.14166666667,185.583333333,2.642875,0.0,720.0,10736.8046875,50.7291666667
2013.0,11.0,20.0,4.0,0.376666666667,32.678,-5.35333333333,65.3833333333,1.0,0.15,1.40833333333,185.583333333,2.6935,0.0,720.0,10736.8046875,50.375
2013.0,11.0,20.0,5.0,0.0733333333333,32.132,-5.36166666667,66.8083333333,1.0,0.0,0.283333333333,163.25,2.739,0.0,720.0,10736.8046875,51.0
2013.0,11.0,20.0,6.0,0.1625,32.2925,-5.35,66.4333333333,3.25,0.191666666667,1.33333333333,175.0,2.725625,0.0,720.0,10736.8046875,42.3958333333
2013.0,11.0,20.0,7.0,1.80083333333,35.2415,-5.875,56.9666666667,94.0,0.408333333333,3.21666666667,190.916666667,2.479875,0.0,720.0,10736.8046875,0.0
2013.0,11.0,20.0,8.0,3.66666666667,38.6,-6.56333333333,47.2083333333,240.666666667,0.558333333333,3.41666666667,201.583333333,2.2,0.0,720.0,10736.8046875,0.0
2013.0,11.0,20.0,9.0,5.53833333333,41.969,-7.0625,39.8916666667,377.75,0.166666666667,1.9,216.083333333,1.91925,0.0,720.0,10736.8046875,26.9583333333
2013.0,11.0,20.0,10.0,7.28666666667,45.116,-8.03916666667,32.7166666667,485.333333333,0.2,2.0,231.333333333,1.657,0.0,720.0,10736.8046875,54.7708333333
2013.0,11.0,20.0,11.0,8.6525,47.5745,-8.3675,29.05,496.833333333,0.1,1.49166666667,241.75,1.452125,0.0,720.0,10736.8046875,55.125
2013.0,11.0,20.0,12.0,7.61416666667,45.7055,-8.4125,31.075,432.75,0.1,1.25833333333,242.25,1.607875,0.0,720.0,10736.8046875,56.375
2013.0,11.0,20.0,13.0,7.4475,45.4055,-9.1425,29.7083333333,413.083333333,0.191666666667,2.14166666667,228.833333333,1.632875,0.0,720.0,10736.8046875,56.2708333333
2013.0,11.0,20.0,14.0,8.0125,46.4225,-10.8916666667,24.8666666667,300.333333333,0.65,3.775,237.333333333,1.548125,0.0,720.0,10736.8046875,57.9583333333
2013.0,11.0,20.0,15.0,8.29,46.922,-10.4741666667,25.2,155.916666667,0.341666666667,2.6,226.5,1.5065,0.0,720.0,10736.8046875,57.8541666667
2013.0,11.0,20.0,16.0,6.24,43.232,-12.3083333333,25.05,12.5833333333,0.291666666667,2.39166666667,230.666666667,1.814,0.0,720.0,10736.8046875,58.7083333333
2013.0,11.0,20.0,17.0,5.575,42.035,-12.0741666667,26.7166666667,1.0,0.1,1.49166666667,234.0,1.91375,0.0,720.0,10736.8046875,57.7708333333
2013.0,11.0,20.0,18.0,5.28333333333,41.51,-11.2583333333,29.1083333333,1.0,0.0666666666667,1.525,231.916666667,1.9575,0.0,720.0,10736.8046875,55.6458333333
2013.0,11.0,20.0,19.0,4.52666666667,40.148,-9.59083333333,35.275,1.0,0.0833333333333,1.475,267.416666667,2.071,0.0,720.0,10736.8046875,57.9375
2013.0,11.0,20.0,20.0,4.0475,39.2855,-8.29583333333,40.125,1.0,0.0,0.433333333333,263.5,2.142875,0.0,720.0,10736.8046875,57.2291666667
2013.0,11.0,20.0,21.0,3.75416666667,38.7575,-8.60083333333,39.9833333333,1.0,0.0666666666667,1.28333333333,204.25,2.186875,0.0,720.0,10736.8046875,55.25
2013.0,11.0,20.0,22.0,3.75916666667,38.7665,-8.75666666667,39.4833333333,1.0,0.0166666666667,0.916666666667,199.166666667,2.186125,0.0,720.0,10736.8046875,52.4166666667
2013.0,11.0,20.0,23.0,3.3975,38.1155,-8.45666666667,41.4583333333,1.0,0.0666666666667,1.33333333333,202.583333333,2.240375,0.0,720.0,10736.8046875,53.5208333333
2013.0,11.0,21.0,0.0,3.02583333333,37.4465,-8.51916666667,42.3583333333,1.0,0.216666666667,2.11666666667,196.916666667,2.296125,0.0,720.0,10736.8046875,52.5416666667
2013.0,11.0,21.0,1.0,2.46583333333,36.4385,-7.99666666667,45.95,1.0,0.35,2.875,193.916666667,2.380125,0.0,720.0,10736.8046875,51.0833333333
2013.0,11.0,21.0,2.0,2.12583333333,35.8265,-6.82583333333,51.5166666667,1.0,0.483333333333,3.125,189.333333333,2.431125,0.0,720.0,10736.8046875,51.1875
2013.0,11.0,21.0,3.0,1.92833333333,35.471,-6.28666666667,54.45,1.0,0.608333333333,3.55,186.333333333,2.46075,0.0,720.0,10736.8046875,52.2291666667
2013.0,11.0,21.0,4.0,1.73833333333,35.129,-6.3625,54.875,1.0,0.391666666667,2.96666666667,183.416666667,2.48925,0.0,720.0,10736.8046875,50.7708333333
2013.0,11.0,21.0,5.0,1.6025,34.8845,-5.9125,57.3666666667,1.0,0.266666666667,2.46666666667,178.166666667,2.509625,0.0,720.0,10736.8046875,50.9166666667
2013.0,11.0,21.0,6.0,1.60416666667,34.8875,-5.54416666667,58.9833333333,3.0,0.608333333333,3.24166666667,190.75,2.509375,0.0,720.0,10736.8046875,51.875
2013.0,11.0,21.0,7.0,3.18333333333,37.73,-5.25833333333,53.9333333333,81.4166666667,0.2,2.375,189.333333333,2.2725,0.0,720.0,10736.8046875,46.8333333333
2013.0,11.0,21.0,8.0,5.1975,41.3555,-4.18333333333,50.7916666667,200.75,0.1,1.65833333333,202.583333333,1.970375,0.0,720.0,10736.8046875,52.1458333333
2013.0,11.0,21.0,9.0,7.345,45.221,-2.66083333333,49.05,321.666666667,0.241666666667,2.26666666667,202.416666667,1.64825,0.0,720.0,10736.8046875,53.8541666667
2013.0,11.0,21.0,10.0,10.0383333333,50.069,-0.79,46.9083333333,400.5,0.05,1.00833333333,230.25,1.24425,0.0,720.0,10736.8046875,56.5625
2013.0,11.0,21.0,11.0,10.8233333333,51.482,0.970833333333,50.5583333333,286.0,0.0,0.216666666667,252.916666667,1.1265,0.0,720.0,10736.8046875,56.1458333333
2013.0,11.0,21.0,12.0,12.0616666667,53.711,2.60333333333,52.3416666667,246.333333333,0.0,0.0166666666667,291.0,0.94075,0.0,720.0,10736.8046875,59.125
2013.0,11.0,21.0,13.0,12.3758333333,54.2765,3.09,53.05,149.25,0.0166666666667,0.783333333333,308.583333333,0.893625,0.0,720.0,10736.8046875,57.5208333333
2013.0,11.0,21.0,14.0,12.3116666667,54.161,3.08666666667,53.2583333333,80.0833333333,0.0166666666667,0.383333333333,309.083333333,0.90325,0.0,720.0,10736.8046875,56.9375
2013.0,11.0,21.0,15.0,12.3291666667,54.1925,3.46166666667,54.625,38.25,0.0,0.108333333333,290.0,0.900625,0.0,720.0,10736.8046875,56.5
2013.0,11.0,21.0,16.0,12.0666666667,53.72,3.855,57.1583333333,3.41666666667,0.0,0.291666666667,323.166666667,0.94,0.0,720.0,10736.8046875,61.8125
2013.0,11.0,21.0,17.0,11.7191666667,53.0945,4.5725,61.4916666667,1.0,0.0,0.758333333333,308.25,0.992125,0.0,720.0,10736.8046875,62.75
2013.0,11.0,21.0,18.0,11.135,52.043,4.685,64.425,1.0,0.0,0.633333333333,340.916666667,1.07975,0.0,720.0,10736.8046875,60.9583333333
2013.0,11.0,21.0,19.0,10.8666666667,51.56,4.99583333333,67.0083333333,1.0,0.0,0.35,328.5,1.12,0.0,720.0,10736.8046875,58.0416666667
2013.0,11.0,21.0,20.0,10.76,51.368,5.335,69.1,1.0,0.0,0.0916666666667,323.75,1.136,0.0,720.0,10736.8046875,56.625
2013.0,11.0,21.0,21.0,10.7341666667,51.3215,5.51166666667,70.075,1.0,0.0,0.208333333333,329.083333333,1.139875,0.0,720.0,10736.8046875,52.8541666667
2013.0,11.0,21.0,22.0,10.8375,51.5075,5.74416666667,70.725,1.0,0.0,0.0,322.416666667,1.124375,0.0,720.0,10736.8046875,51.25
2013.0,11.0,21.0,23.0,10.9016666667,51.623,6.03666666667,71.8666666667,1.0,0.0,0.0,316.0,1.11475,0.0,720.0,10736.8046875,51.4166666667
2013.0,11.0,22.0,0.0,10.8025,51.4445,6.25,73.4083333333,1.0,0.0,0.0,319.25,1.129625,0.0,720.0,10736.8046875,49.2083333333
2013.0,11.0,22.0,1.0,10.4016666667,50.723,6.27666666667,75.5583333333,1.0,0.0,0.0,235.166666667,1.18975,0.0,720.0,10736.8046875,49.5625
2013.0,11.0,22.0,2.0,10.2783333333,50.501,6.60583333333,77.9083333333,1.0,0.0,0.0,212.833333333,1.20825,0.0,720.0,10736.8046875,48.9166666667
2013.0,11.0,22.0,3.0,10.34,50.612,6.91333333333,79.25,1.0,0.0,0.0333333333333,271.75,1.199,0.0,720.0,10736.8046875,50.0
2013.0,11.0,22.0,4.0,10.3675,50.6615,7.235,80.8583333333,1.0,0.0166666666667,0.275,109.833333333,1.194875,0.0,720.0,10736.8046875,54.7291666667
2013.0,11.0,22.0,5.0,10.0683333333,50.123,7.22583333333,82.45,1.0,0.0,0.191666666667,40.6666666667,1.23975,0.0,720.0,10736.8046875,53.4791666667
2013.0,11.0,22.0,6.0,9.96666666667,49.94,7.38416666667,83.9166666667,1.0,0.0666666666667,1.24166666667,57.5,1.255,0.0,720.0,10736.8046875,53.3541666667
2013.0,11.0,22.0,7.0,10.2483333333,50.447,7.64583333333,83.825,22.0833333333,0.1,1.25,57.3333333333,1.21275,0.0,720.0,10736.8046875,51.125
2013.0,11.0,22.0,8.0,10.005,50.009,7.7925,86.0666666667,34.0,0.625,3.58333333333,56.4166666667,1.24925,0.0,720.0,10736.8046875,51.875
2013.0,11.0,22.0,9.0,10.1958333333,50.3525,8.17083333333,87.1916666667,74.8333333333,0.3,2.425,53.3333333333,1.220625,0.0,720.0,10736.8046875,54.1458333333
2013.0,11.0,22.0,10.0,11.4916666667,52.685,8.44583333333,81.5416666667,164.416666667,0.416666666667,2.86666666667,53.3333333333,1.02625,0.0,720.0,10736.8046875,55.9791666667
2013.0,11.0,22.0,11.0,12.5275,54.5495,8.58583333333,76.8416666667,143.5,0.316666666667,2.86666666667,56.9166666667,0.870875,0.0,720.0,10736.8046875,57.9375
2013.0,11.0,22.0,12.0,13.3641666667,56.0555,8.9125,74.3666666667,187.083333333,0.283333333333,2.58333333333,59.0833333333,0.745375,0.0,720.0,10736.8046875,58.9791666667
2013.0,11.0,22.0,13.0,12.8341666667,55.1015,9.36666666667,79.3916666667,141.5,0.0166666666667,0.558333333333,51.3333333333,0.824875,0.0,720.0,10736.8046875,59.1666666667
2013.0,11.0,22.0,14.0,13.3091666667,55.9565,9.4525,77.4083333333,122.666666667,0.0666666666667,1.28333333333,53.5833333333,0.753625,0.0,720.0,10736.8046875,57.9791666667
2013.0,11.0,22.0,15.0,12.61,54.698,9.63833333333,82.1083333333,48.5833333333,0.441666666667,2.58333333333,57.0833333333,0.8585,0.0,720.0,10736.8046875,56.3125
2013.0,11.0,22.0,16.0,11.4866666667,52.676,9.18833333333,85.7083333333,4.08333333333,0.05,1.03333333333,59.5,1.027,0.0,720.0,10736.8046875,58.3541666667
2013.0,11.0,22.0,17.0,11.1525,52.0745,8.93583333333,86.1833333333,1.0,0.225,1.75833333333,55.5,1.077125,0.0,720.0,10736.8046875,58.4791666667
2013.0,11.0,22.0,18.0,11.28,52.304,8.7575,84.4,1.0,0.15,1.04166666667,53.75,1.058,0.0,720.0,10736.8046875,59.4375
2013.0,11.0,22.0,19.0,11.3216666667,52.379,9.16083333333,86.575,1.0,0.0166666666667,0.933333333333,66.8333333333,1.05175,0.0,720.0,10736.8046875,58.7916666667
2013.0,11.0,22.0,20.0,10.9575,51.7235,9.89666666667,93.0833333333,1.0,0.183333333333,1.95833333333,65.5,1.106375,0.0,720.0,10736.8046875,55.3333333333
2013.0,11.0,22.0,21.0,11.6075,52.8935,8.79833333333,82.9333333333,1.0,0.0166666666667,0.475,62.8333333333,1.008875,0.0,720.0,10736.8046875,51.5208333333
2013.0,11.0,22.0,22.0,11.9833333333,53.57,8.8225,80.925,1.0,0.0,0.591666666667,70.5833333333,0.9525,0.0,720.0,10736.8046875,52.4791666667
2013.0,11.0,22.0,23.0,12.5733333333,54.632,9.21583333333,79.9333333333,1.0,0.666666666667,4.475,93.3333333333,0.864,0.0,720.0,10736.8046875,51.5208333333
2013.0,11.0,23.0,0.0,11.7708333333,53.1875,8.2725,79.0666666667,1.0,0.775,5.58333333333,102.416666667,0.984375,0.0,0.0,10736.8046875,50.5625
2013.0,11.0,23.0,1.0,11.3641666667,52.4555,7.42833333333,76.6833333333,1.0,0.683333333333,4.8,113.166666667,1.045375,0.0,0.0,10736.8046875,49.2916666667
2013.0,11.0,23.0,2.0,10.3275,50.5895,5.74833333333,73.2083333333,1.0,0.933333333333,6.275,109.083333333,1.200875,0.0,0.0,10736.8046875,48.8333333333
2013.0,11.0,23.0,3.0,8.96,48.128,2.96666666667,66.075,1.0,1.01666666667,5.48333333333,112.083333333,1.406,0.0,0.0,10736.8046875,49.4791666667
2013.0,11.0,23.0,4.0,7.36166666667,45.251,0.2375,60.5416666667,1.0,1.28333333333,6.64166666667,112.666666667,1.64575,0.0,0.0,10736.8046875,53.0208333333
2013.0,11.0,23.0,5.0,5.97,42.746,-0.41,63.5583333333,1.0,0.758333333333,5.06666666667,114.916666667,1.8545,0.0,0.0,10736.8046875,52.625
2013.0,11.0,23.0,6.0,4.83416666667,40.7015,-1.77833333333,62.225,2.75,1.05833333333,6.29166666667,119.583333333,2.024875,0.0,0.0,10736.8046875,52.3125
2013.0,11.0,23.0,7.0,5.16416666667,41.2955,-2.73333333333,56.7083333333,91.8333333333,1.04166666667,6.73333333333,123.75,1.975375,0.0,0.0,10736.8046875,51.5208333333
2013.0,11.0,23.0,8.0,6.17416666667,43.1135,-3.1675,51.1916666667,245.166666667,1.29166666667,6.275,135.666666667,1.823875,0.0,0.0,10736.8046875,50.7916666667
2013.0,11.0,23.0,9.0,7.39916666667,45.3185,-3.52,45.825,374.0,0.666666666667,4.59166666667,119.666666667,1.640125,0.0,0.0,10736.8046875,51.7916666667
2013.0,11.0,23.0,10.0,7.69916666667,45.8585,-3.955,43.4583333333,404.416666667,0.941666666667,4.88333333333,126.0,1.595125,0.0,0.0,10736.8046875,53.0833333333
2013.0,11.0,23.0,11.0,8.16333333333,46.694,-4.88166666667,39.2666666667,383.0,0.741666666667,4.51666666667,103.916666667,1.5255,0.0,0.0,10736.8046875,53.7291666667
2013.0,11.0,23.0,12.0,7.38416666667,45.2915,-5.48416666667,39.525,207.75,1.03333333333,5.35833333333,86.6666666667,1.642375,0.0,0.0,10736.8046875,54.125
2013.0,11.0,23.0,13.0,7.195,44.951,-4.61333333333,42.7833333333,122.333333333,1.01666666667,4.86666666667,81.0833333333,1.67075,0.0,0.0,10736.8046875,56.5208333333
2013.0,11.0,23.0,14.0,6.7325,44.1185,-4.4925,44.5416666667,84.3333333333,1.26666666667,5.94166666667,83.0,1.740125,0.0,0.0,10736.8046875,55.9166666667
2013.0,11.0,23.0,15.0,6.25333333333,43.256,-4.43,46.2583333333,43.8333333333,1.03333333333,5.76666666667,85.6666666667,1.812,0.0,0.0,10736.8046875,57.0208333333
2013.0,11.0,23.0,16.0,5.81166666667,42.461,-4.54833333333,47.2666666667,5.08333333333,1.375,5.95,77.8333333333,1.87825,0.0,0.0,10736.8046875,58.5416666667
2013.0,11.0,23.0,17.0,5.46,41.828,-5.47166666667,45.1583333333,1.0,1.99166666667,6.66666666667,73.25,1.931,0.0,0.0,10736.8046875,56.125
2013.0,11.0,23.0,18.0,5.12583333333,41.2265,-5.59,45.8166666667,1.0,1.56666666667,5.84166666667,72.5833333333,1.981125,0.0,0.0,10736.8046875,58.3541666667
2013.0,11.0,23.0,19.0,4.34416666667,39.8195,-5.48583333333,48.875,1.0,2.09166666667,7.78333333333,90.8333333333,2.098375,0.0,0.0,10736.8046875,56.5416666667
2013.0,11.0,23.0,20.0,2.96,37.328,-7.45666666667,46.2333333333,1.0,1.75,7.325,94.5,2.306,0.0,0.0,10736.8046875,52.7291666667
2013.0,11.0,23.0,21.0,1.53916666667,34.7705,-7.67,50.3416666667,1.0,1.86666666667,7.28333333333,92.5833333333,2.519125,0.0,0.0,10736.8046875,52.0625
2013.0,11.0,23.0,22.0,0.988333333333,33.779,-8.37833333333,49.725,1.0,1.9,7.925,97.6666666667,2.60175,0.0,0.0,10736.8046875,51.75
2013.0,11.0,23.0,23.0,-0.455,31.181,-8.01416666667,56.625,1.0,1.16666666667,6.05833333333,109.833333333,2.81825,0.0,0.0,10736.8046875,50.2083333333
2013.0,11.0,24.0,0.0,-1.64583333333,29.0375,-11.8983333333,45.9916666667,1.0,2.64166666667,8.775,95.6666666667,2.996875,0.0,0.0,10736.8046875,44.7083333333
2013.0,11.0,24.0,1.0,-2.35583333333,27.7595,-14.6658333333,38.2083333333,1.0,1.66666666667,7.41666666667,91.75,3.103375,0.0,0.0,10736.8046875,43.7916666667
2013.0,11.0,24.0,2.0,-3.0775,26.4605,-15.8025,36.7166666667,1.0,1.10833333333,5.54166666667,96.25,3.211625,0.0,0.0,10736.8046875,42.7708333333
2013.0,11.0,24.0,3.0,-3.585,25.547,-15.4391666667,39.3,1.0,2.08333333333,7.60833333333,92.9166666667,3.28775,0.0,0.0,10736.8046875,43.3541666667
2013.0,11.0,24.0,4.0,-3.7575,25.2365,-14.875,41.7,1.0,2.21666666667,8.325,90.3333333333,3.313625,0.0,0.0,10736.8046875,41.9791666667
2013.0,11.0,24.0,5.0,-4.1175,24.5885,-15.0208333333,42.35,1.0,1.525,6.80833333333,98.0,3.367625,0.0,0.0,10736.8046875,44.7083333333
2013.0,11.0,24.0,6.0,-4.54,23.828,-16.835,37.5666666667,2.75,1.9,8.55833333333,103.166666667,3.431,0.0,0.0,10736.8046875,42.0833333333
2013.0,11.0,24.0,7.0,-3.9525,24.8855,-17.1291666667,35.075,90.4166666667,1.9,7.65833333333,102.0,3.342875,0.0,0.0,10736.8046875,42.3333333333
2013.0,11.0,24.0,8.0,-3.10416666667,26.4125,-17.2566666667,32.5583333333,246.666666667,2.10833333333,8.04166666667,98.6666666667,3.215625,0.0,0.0,10736.8046875,40.6875
2013.0,11.0,24.0,9.0,-2.37416666667,27.7265,-17.4716666667,30.275,371.916666667,2.725,9.36666666667,106.0,3.106125,0.0,0.0,10736.8046875,42.25
2013.0,11.0,24.0,10.0,-1.335,29.597,-17.3283333333,28.3833333333,461.916666667,2.225,8.29166666667,99.4166666667,2.95025,0.0,0.0,10736.8046875,43.375
2013.0,11.0,24.0,11.0,-0.940833333333,30.3065,-17.3133333333,27.6,498.0,2.825,9.99166666667,108.5,2.891125,0.0,0.0,10736.8046875,44.5208333333
2013.0,11.0,24.0,12.0,-1.27833333333,29.699,-17.0658333333,28.8916666667,453.583333333,2.45833333333,9.10833333333,104.333333333,2.94175,0.0,0.0,10736.8046875,46.0416666667
2013.0,11.0,24.0,13.0,-1.30416666667,29.6525,-16.9158333333,29.3083333333,418.916666667,2.50833333333,8.94166666667,111.583333333,2.945625,0.0,0.0,10736.8046875,46.75
2013.0,11.0,24.0,14.0,-0.833333333333,30.5,-16.9775,28.1666666667,294.75,2.25,8.30833333333,110.583333333,2.875,0.0,0.0,10736.8046875,45.1875
2013.0,11.0,24.0,15.0,-0.674166666667,30.7865,-17.2966666667,27.1083333333,142.25,1.45,7.925,104.916666667,2.851125,0.0,0.0,10736.8046875,46.2708333333
2013.0,11.0,24.0,16.0,-2.17416666667,28.0865,-17.3133333333,30.2583333333,10.4166666667,1.01666666667,5.69166666667,102.083333333,3.076125,0.0,0.0,10736.8046875,47.8125
2013.0,11.0,24.0,17.0,-2.62916666667,27.2675,-17.1108333333,31.8,1.0,0.566666666667,4.53333333333,97.0833333333,3.144375,0.0,0.0,10736.8046875,46.3541666667
2013.0,11.0,24.0,18.0,-2.94166666667,26.705,-17.0241666667,32.7916666667,1.0,0.15,2.18333333333,93.1666666667,3.19125,0.0,0.0,10736.8046875,46.5416666667
2013.0,11.0,24.0,19.0,-3.1625,26.3075,-16.7583333333,34.0916666667,1.0,0.0833333333333,1.71666666667,83.0833333333,3.224375,0.0,0.0,10736.8046875,48.25
2013.0,11.0,24.0,20.0,-3.2325,26.1815,-16.6541666667,34.5666666667,1.0,0.5,3.59166666667,76.3333333333,3.234875,0.0,0.0,10736.8046875,45.4166666667
2013.0,11.0,24.0,21.0,-3.4725,25.7495,-16.1616666667,36.6833333333,1.0,0.416666666667,3.11666666667,84.0833333333,3.270875,0.0,0.0,10736.8046875,46.1666666667
2013.0,11.0,24.0,22.0,-3.57,25.574,-15.5641666667,38.8416666667,1.0,0.308333333333,2.53333333333,78.6666666667,3.2855,0.0,0.0,10736.8046875,44.375
2013.0,11.0,24.0,23.0,-3.985,24.827,-14.945,42.2083333333,1.0,0.2,1.95833333333,75.75,3.34775,0.0,0.0,10736.8046875,46.4791666667
2013.0,11.0,25.0,0.0,-4.34,24.188,-13.1383333333,50.275,1.0,0.166666666667,1.69166666667,75.5,3.401,0.0,720.0,10736.8046875,46.3541666667
2013.0,11.0,25.0,1.0,-4.63,23.666,-11.8175,57.1833333333,1.0,0.1,1.65,76.9166666667,3.4445,0.0,720.0,10736.8046875,45.6041666667
2013.0,11.0,25.0,2.0,-4.81666666667,23.33,-11.095,61.4333333333,1.0,0.191666666667,2.31666666667,70.25,3.4725,0.0,720.0,10736.8046875,43.6458333333
2013.0,11.0,25.0,3.0,-4.89,23.198,-11.2116666667,61.1916666667,1.0,0.408333333333,3.28333333333,74.75,3.4835,0.0,720.0,10736.8046875,44.9791666667
2013.0,11.0,25.0,4.0,-5.045,22.919,-11.2933333333,61.5166666667,1.0,0.4,3.475,79.4166666667,3.50675,0.0,720.0,10736.8046875,45.3125
2013.0,11.0,25.0,5.0,-5.17916666667,22.6775,-11.0775,63.225,1.0,0.166666666667,2.21666666667,87.75,3.526875,0.0,720.0,10736.8046875,45.0
2013.0,11.0,25.0,6.0,-5.135,22.757,-11.0616666667,63.0916666667,2.58333333333,0.291666666667,2.80833333333,77.5,3.52025,0.0,720.0,10736.8046875,46.5208333333
2013.0,11.0,25.0,7.0,-3.84,25.088,-11.24,56.4833333333,85.0833333333,0.183333333333,1.825,65.6666666667,3.326,0.0,720.0,10736.8046875,43.375
2013.0,11.0,25.0,8.0,-2.13083333333,28.1645,-11.5691666667,48.4083333333,228.833333333,0.325,2.85833333333,69.0,3.069625,0.0,720.0,10736.8046875,45.2291666667
2013.0,11.0,25.0,9.0,-0.585833333333,30.9455,-11.3875,43.8666666667,340.5,0.508333333333,3.50833333333,71.0833333333,2.837875,0.0,720.0,10736.8046875,51.125
2013.0,11.0,25.0,10.0,0.97,33.746,-11.4116666667,39.1,438.75,0.166666666667,1.875,77.6666666667,2.6045,0.0,720.0,10736.8046875,54.9375
2013.0,11.0,25.0,11.0,1.85416666667,35.3375,-11.1125,37.5333333333,474.25,0.225,2.66666666667,67.0,2.471875,0.0,720.0,10736.8046875,56.8541666667
2013.0,11.0,25.0,12.0,1.11416666667,34.0055,-10.3583333333,42.1083333333,377.916666667,0.75,3.76666666667,77.1666666667,2.582875,0.0,720.0,10736.8046875,52.5416666667
2013.0,11.0,25.0,13.0,0.971666666667,33.749,-9.635,44.9833333333,231.333333333,0.55,3.375,57.0833333333,2.60425,0.0,720.0,10736.8046875,61.625
2013.0,11.0,25.0,14.0,1.21833333333,34.193,-9.63333333333,44.1833333333,183.0,0.558333333333,3.56666666667,61.25,2.56725,0.0,720.0,10736.8046875,63.6666666667
2013.0,11.0,25.0,15.0,0.768333333333,33.383,-10.2716666667,43.3833333333,58.75,0.666666666667,3.94166666667,42.8333333333,2.63475,0.0,720.0,10736.8046875,62.5833333333
2013.0,11.0,25.0,16.0,0.470833333333,32.8475,-10.0925,44.9583333333,11.25,0.358333333333,2.96666666667,75.5833333333,2.679375,0.0,720.0,10736.8046875,63.75
2013.0,11.0,25.0,17.0,0.314166666667,32.5655,-9.71083333333,46.8583333333,1.0,0.0333333333333,0.733333333333,41.0833333333,2.702875,0.0,720.0,10736.8046875,62.0833333333
2013.0,11.0,25.0,18.0,0.3575,32.6435,-9.36166666667,48.0166666667,1.0,0.05,1.05833333333,86.1666666667,2.696375,0.0,720.0,10736.8046875,60.6041666667
2013.0,11.0,25.0,19.0,0.539166666667,32.9705,-9.11083333333,48.325,1.0,0.0666666666667,1.38333333333,35.0,2.669125,0.0,720.0,10736.8046875,60.375
2013.0,11.0,25.0,20.0,0.379166666667,32.6825,-9.03916666667,49.175,1.0,0.225,2.49166666667,53.8333333333,2.693125,0.0,720.0,10736.8046875,58.7916666667
2013.0,11.0,25.0,21.0,0.23,32.414,-7.8625,54.5333333333,1.0,0.341666666667,3.20833333333,49.25,2.7155,0.0,720.0,10736.8046875,57.8333333333
2013.0,11.0,25.0,22.0,0.0416666666667,32.075,-6.95666666667,59.2583333333,1.0,0.0166666666667,1.09166666667,54.4166666667,2.74375,0.0,720.0,10736.8046875,56.3333333333
2013.0,11.0,25.0,23.0,0.576666666667,33.038,-6.22833333333,60.275,1.0,0.0166666666667,0.591666666667,19.5833333333,2.6635,0.0,720.0,10736.8046875,55.4166666667
2013.0,11.0,26.0,0.0,0.763333333333,33.374,-6.0375,60.35,1.0,0.0166666666667,0.758333333333,92.5833333333,2.6355,0.0,720.0,10736.8046875,55.5208333333
2013.0,11.0,26.0,1.0,1.3125,34.3625,-6.2275,57.1833333333,1.0,0.0166666666667,0.9,55.8333333333,2.553125,0.0,720.0,10736.8046875,52.5208333333
2013.0,11.0,26.0,2.0,1.6025,34.8845,-6.55166666667,54.6166666667,1.0,0.0666666666667,1.40833333333,73.9166666667,2.509625,0.0,720.0,10736.8046875,52.4166666667
2013.0,11.0,26.0,3.0,1.7625,35.1725,-6.32,54.9583333333,1.0,0.0,0.95,43.0,2.485625,0.0,720.0,10736.8046875,53.2708333333
2013.0,11.0,26.0,4.0,2.27166666667,36.089,-5.87666666667,54.8166666667,1.0,0.0666666666667,0.908333333333,125.75,2.40925,0.0,720.0,10736.8046875,54.2708333333
2013.0,11.0,26.0,5.0,2.65916666667,36.7865,-5.82,53.55,1.0,0.05,1.10833333333,91.6666666667,2.351125,0.0,720.0,10736.8046875,53.2291666667
2013.0,11.0,26.0,6.0,2.3475,36.2255,-6.14083333333,53.4333333333,1.0,0.125,1.55833333333,63.1666666667,2.397875,0.0,720.0,10736.8046875,53.1458333333
2013.0,11.0,26.0,7.0,2.51833333333,36.533,-5.74583333333,54.4083333333,11.5,0.0833333333333,0.866666666667,65.1666666667,2.37225,0.0,720.0,10736.8046875,53.6458333333
2013.0,11.0,26.0,8.0,3.31,37.958,-5.55083333333,52.2,43.75,0.05,0.958333333333,145.416666667,2.2535,0.0,720.0,10736.8046875,51.3846153846
2013.0,11.0,26.0,9.0,4.13166666667,39.437,-5.415,49.775,87.9166666667,0.0,0.425,115.083333333,2.13025,0.0,720.0,10736.8046875,58.6041666667
2013.0,11.0,26.0,10.0,4.20666666667,39.572,-4.93083333333,51.45,78.5833333333,0.0166666666667,0.25,222.333333333,2.119,0.0,720.0,10736.8046875,62.9166666667
2013.0,11.0,26.0,11.0,3.40333333333,38.126,-3.28666666667,61.6416666667,71.8333333333,0.0,0.0,304.75,2.2395,0.0,720.0,10736.8046875,63.1666666667
2013.0,11.0,26.0,12.0,3.15916666667,37.6865,-1.54083333333,71.3166666667,62.9166666667,0.0,0.175,246.833333333,2.276125,0.0,720.0,10736.8046875,60.9166666667
2013.0,11.0,26.0,13.0,2.21083333333,35.9795,-0.779166666667,80.625,44.75,0.05,0.833333333333,255.916666667,2.418375,0.0,720.0,10736.8046875,63.8958333333
2013.0,11.0,26.0,14.0,1.7325,35.1185,-0.6425,84.2416666667,32.0,0.3,2.39166666667,282.416666667,2.490125,0.0,720.0,10736.8046875,63.8333333333
2013.0,11.0,26.0,15.0,1.80666666667,35.252,-0.184166666667,86.6333333333,13.25,0.15,1.54166666667,260.666666667,2.479,0.0,720.0,10736.8046875,62.75
2013.0,11.0,26.0,16.0,1.89666666667,35.414,0.489166666667,90.3916666667,1.25,0.15,1.84166666667,274.5,2.4655,0.0,720.0,10736.8046875,62.5208333333
2013.0,11.0,26.0,17.0,2.34583333333,36.2225,1.29333333333,92.7583333333,1.0,0.0666666666667,1.5,218.833333333,2.398125,0.0,720.0,10736.8046875,61.6666666667
2013.0,11.0,26.0,18.0,2.6525,36.7745,1.525,92.2666666667,1.0,0.2,2.15,208.083333333,2.352125,0.0,720.0,10736.8046875,59.875
2013.0,11.0,26.0,19.0,3.6275,38.5295,1.4225,85.6333333333,1.0,0.358333333333,2.65833333333,214.75,2.205875,0.0,720.0,10736.8046875,62.0416666667
2013.0,11.0,26.0,20.0,4.68166666667,40.427,-0.13,70.9583333333,1.0,0.816666666667,4.525,223.0,2.04775,0.0,720.0,10736.8046875,59.4166666667
2013.0,11.0,26.0,21.0,5.69916666667,42.2585,-7.5275,57.125,1.0,0.358333333333,3.04166666667,216.5,1.895125,0.0,720.0,10736.8046875,56.9375
2013.0,11.0,26.0,22.0,8.3225,46.9805,-44.8875,1.0,1.0,1.175,5.675,240.833333333,1.501625,0.0,720.0,10736.8046875,53.7916666667
2013.0,11.0,26.0,23.0,10.8866666667,51.596,-43.3125,1.0,1.0,0.483333333333,3.65833333333,267.416666667,1.117,0.0,720.0,10736.8046875,54.75
2013.0,11.0,27.0,0.0,12.8908333333,55.2035,-42.0883333333,1.0,1.0,0.441666666667,3.48333333333,291.416666667,0.816375,0.0,720.0,10736.8046875,54.7291666667
2013.0,11.0,27.0,1.0,15.0191666667,59.0345,-40.7916666667,1.0,1.0,1.28333333333,5.49166666667,318.5,0.497125,0.0,720.0,10736.8046875,52.2083333333
2013.0,11.0,27.0,2.0,16.2058333333,61.1705,-40.07,1.0,1.0,3.69166666667,10.6833333333,349.666666667,0.319125,0.0,720.0,10736.8046875,49.9791666667
2013.0,11.0,27.0,3.0,15.9058333333,60.6305,-40.2508333333,1.0,1.0,1.95,7.36666666667,135.0,0.364125,0.0,720.0,10736.8046875,52.25
2013.0,11.0,27.0,4.0,13.0616666667,55.511,-41.985,1.0,1.0,1.35833333333,5.26666666667,86.6666666667,0.79075,0.0,720.0,10736.8046875,54.9166666667
2013.0,11.0,27.0,5.0,9.9675,49.9415,-43.8741666667,1.0,1.0,0.1,1.74166666667,98.1666666667,1.254875,0.0,720.0,10736.8046875,54.9166666667
2013.0,11.0,27.0,6.0,8.37583333333,47.0765,-44.8541666667,1.0,1.0,0.8,4.43333333333,94.0,1.493625,0.0,720.0,10736.8046875,54.7708333333
2013.0,11.0,27.0,7.0,7.12083333333,44.8175,-45.6258333333,1.0,4.16666666667,0.175,1.89166666667,110.25,1.681875,0.0,720.0,10736.8046875,53.0416666667
2013.0,11.0,27.0,8.0,6.38166666667,43.487,-46.0808333333,1.0,13.5,0.25,2.775,111.833333333,1.79275,0.0,720.0,10736.8046875,54.75
2013.0,11.0,27.0,9.0,5.5175,41.9315,-46.615,1.0,46.5,0.558333333333,4.03333333333,116.416666667,1.922375,0.0,720.0,10736.8046875,55.7916666667
2013.0,11.0,27.0,10.0,5.4625,41.8325,-46.6491666667,1.0,70.25,0.391666666667,3.58333333333,115.0,1.930625,0.0,720.0,10736.8046875,56.2083333333
2013.0,11.0,27.0,11.0,5.1,41.18,-2.96166666667,78.05,43.6666666667,0.408333333333,3.86666666667,102.5,1.985,0.0,720.0,10736.8046875,57.7708333333
2013.0,11.0,27.0,12.0,4.86416666667,40.7555,4.77916666667,99.4,45.9166666667,0.483333333333,4.05833333333,135.416666667,2.020375,0.0,720.0,10736.8046875,59.2083333333
2013.0,11.0,27.0,13.0,4.55833333333,40.205,4.4725,99.3916666667,42.5833333333,0.233333333333,2.65,125.166666667,2.06625,0.0,720.0,10736.8046875,58.3958333333
2013.0,11.0,27.0,14.0,3.82666666667,38.888,3.62583333333,98.5916666667,23.1666666667,0.75,4.80833333333,123.75,2.176,0.0,720.0,10736.8046875,60.3333333333
2013.0,11.0,27.0,15.0,2.445,36.401,-5.23666666667,58.65,10.75,1.20833333333,6.925,116.333333333,2.38325,0.0,720.0,10736.8046875,57.5833333333
2013.0,11.0,27.0,16.0,1.94666666667,35.504,-30.4933333333,18.225,3.25,1.38333333333,6.66666666667,93.3333333333,2.458,0.0,720.0,10736.8046875,57.1666666667
2013.0,11.0,27.0,17.0,1.87333333333,35.372,-48.8758333333,1.0,1.0,1.175,6.46666666667,100.916666667,2.469,0.0,720.0,10736.8046875,59.1458333333
2013.0,11.0,27.0,18.0,2.92416666667,37.2635,-0.788333333333,84.4833333333,1.0,1.39166666667,6.38333333333,103.083333333,2.311375,0.0,720.0,10736.8046875,55.9583333333
2013.0,11.0,27.0,19.0,3.1925,37.7465,-0.378333333333,77.6166666667,1.0,2.13333333333,8.49166666667,100.916666667,2.271125,0.0,720.0,10736.8046875,57.7708333333
2013.0,11.0,27.0,20.0,2.78916666667,37.0205,-4.7125,57.7666666667,1.0,2.79166666667,9.175,104.333333333,2.331625,0.0,720.0,10736.8046875,53.25
2013.0,11.0,27.0,21.0,2.10083333333,35.7815,-4.835,60.0833333333,1.0,2.60833333333,8.29166666667,95.75,2.434875,0.0,720.0,10736.8046875,51.6458333333
2013.0,11.0,27.0,22.0,1.195,34.151,-6.21666666667,57.7166666667,1.0,2.925,8.8,92.0,2.57075,0.0,720.0,10736.8046875,51.9583333333
2013.0,11.0,27.0,23.0,-0.0466666666667,31.916,-6.66333333333,61.0,1.0,2.83333333333,9.06666666667,88.5,2.757,0.0,720.0,10736.8046875,53.0
2013.0,11.0,28.0,0.0,-0.496666666667,31.106,-7.595,58.6666666667,1.0,2.925,8.75833333333,88.8333333333,2.8245,0.0,720.0,10736.8046875,50.7291666667
2013.0,11.0,28.0,1.0,-0.594166666667,30.9305,-8.22333333333,56.275,1.0,2.325,7.8,88.5833333333,2.839125,0.0,720.0,10736.8046875,50.5625
2013.0,11.0,28.0,2.0,-0.885833333333,30.4055,-8.695,55.4083333333,1.0,2.13333333333,7.59166666667,92.5,2.882875,0.0,720.0,10736.8046875,51.2708333333
2013.0,11.0,28.0,3.0,-1.23,29.786,-8.4475,57.9416666667,1.0,1.93333333333,7.0,90.4166666667,2.9345,0.0,720.0,10736.8046875,51.9583333333
2013.0,11.0,28.0,4.0,-1.50666666667,29.288,-8.08583333333,60.8083333333,1.0,1.15833333333,6.175,88.5833333333,2.976,0.0,720.0,10736.8046875,53.3333333333
2013.0,11.0,28.0,5.0,-1.42333333333,29.438,-8.00833333333,60.8083333333,1.0,1.04166666667,5.5,87.0,2.9635,0.0,720.0,10736.8046875,53.8333333333
2013.0,11.0,28.0,6.0,-1.35583333333,29.5595,-7.975,60.6666666667,1.91666666667,1.225,5.86666666667,89.25,2.953375,0.0,720.0,10736.8046875,53.875
2013.0,11.0,28.0,7.0,-0.263333333333,31.526,-8.5025,53.8416666667,74.9166666667,1.03333333333,5.68333333333,92.0,2.7895,0.0,720.0,10736.8046875,51.9791666667
2013.0,11.0,28.0,8.0,1.13416666667,34.0415,-8.59416666667,48.25,248.916666667,0.866666666667,4.74166666667,90.5,2.579875,0.0,720.0,10736.8046875,49.9166666667
2013.0,11.0,28.0,9.0,1.7375,35.1275,-8.75583333333,45.7166666667,299.583333333,1.05833333333,5.85833333333,108.833333333,2.489375,0.0,720.0,10736.8046875,51.0625
2013.0,11.0,28.0,10.0,2.22916666667,36.0125,-8.51166666667,44.9166666667,495.666666667,1.175,5.68333333333,105.416666667,2.415625,0.0,720.0,10736.8046875,52.5416666667
2013.0,11.0,28.0,11.0,2.63083333333,36.7355,-8.255,44.5166666667,470.0,1.68333333333,6.56666666667,95.6666666667,2.355375,0.0,720.0,10736.8046875,53.9375
2013.0,11.0,28.0,12.0,2.58833333333,36.659,-7.605,46.9666666667,459.25,1.15833333333,5.56666666667,94.5833333333,2.36175,0.0,720.0,10736.8046875,52.0625
2013.0,11.0,28.0,13.0,2.32666666667,36.188,-7.60416666667,47.825,384.166666667,0.841666666667,5.20833333333,97.75,2.401,0.0,720.0,10736.8046875,53.3958333333
2013.0,11.0,28.0,14.0,2.655,36.779,-7.6275,46.6333333333,226.083333333,0.475,3.975,96.5833333333,2.35175,0.0,720.0,10736.8046875,52.9791666667
2013.0,11.0,28.0,15.0,2.52,36.536,-7.97583333333,45.8333333333,131.416666667,0.291666666667,2.68333333333,106.0,2.372,0.0,720.0,10736.8046875,54.3958333333
2013.0,11.0,28.0,16.0,0.790833333333,33.4235,-7.9025,52.1916666667,8.33333333333,0.0333333333333,0.875,124.833333333,2.631375,0.0,720.0,10736.8046875,55.4583333333
2013.0,11.0,28.0,17.0,0.183333333333,32.33,-7.855,54.7083333333,1.0,0.0,0.0916666666667,99.75,2.7225,0.0,720.0,10736.8046875,54.0
2013.0,11.0,28.0,18.0,0.129166666667,32.2325,-7.90833333333,54.7,1.0,0.0,0.208333333333,101.833333333,2.730625,0.0,720.0,10736.8046875,53.7083333333
2013.0,11.0,28.0,19.0,0.198333333333,32.357,-7.775,54.9916666667,1.0,0.0,0.05,107.75,2.72025,0.0,720.0,10736.8046875,52.9583333333
2013.0,11.0,28.0,20.0,0.29,32.522,-7.52,55.7083333333,1.0,0.0,0.133333333333,147.583333333,2.7065,0.0,720.0,10736.8046875,51.4166666667
2013.0,11.0,28.0,21.0,0.355,32.639,-7.60583333333,55.0833333333,1.0,0.0,0.141666666667,121.0,2.69675,0.0,720.0,10736.8046875,51.6666666667
2013.0,11.0,28.0,22.0,0.360833333333,32.6495,-7.7875,54.2916666667,1.0,0.0,0.0666666666667,115.25,2.695875,0.0,720.0,10736.8046875,50.5625
2013.0,11.0,28.0,23.0,0.574166666667,33.0335,-7.58,54.325,1.0,0.0,0.0,161.333333333,2.663875,0.0,720.0,10736.8046875,49.0208333333
2013.0,11.0,29.0,0.0,0.581666666667,33.047,-8.39416666667,50.9666666667,1.0,0.0,0.0,74.0,2.66275,0.0,720.0,10736.8046875,50.8541666667
2013.0,11.0,29.0,1.0,0.405,32.729,-8.38833333333,51.6583333333,1.0,0.0,0.0,101.166666667,2.68925,0.0,720.0,10736.8046875,50.2916666667
2013.0,11.0,29.0,2.0,-0.321666666667,31.421,-7.69916666667,57.4916666667,1.0,0.0,0.0,180.416666667,2.79825,0.0,720.0,10736.8046875,48.5208333333
2013.0,11.0,29.0,3.0,-0.629166666667,30.8675,-7.53666666667,59.525,1.0,0.0,0.0,171.666666667,2.844375,0.0,720.0,10736.8046875,52.3958333333
2013.0,11.0,29.0,4.0,-0.865833333333,30.4415,-7.0425,62.9,1.0,0.0,0.0,213.333333333,2.879875,0.0,720.0,10736.8046875,52.4166666667
2013.0,11.0,29.0,5.0,-0.958333333333,30.275,-7.12833333333,62.9416666667,1.0,0.0,0.0,182.0,2.89375,0.0,720.0,10736.8046875,51.1458333333
2013.0,11.0,29.0,6.0,-1.22333333333,29.798,-6.7475,66.175,1.66666666667,0.0,0.0,209.666666667,2.9335,0.0,720.0,10736.8046875,52.6041666667
2013.0,11.0,29.0,7.0,-0.0841666666667,31.8485,-7.15,59.0416666667,61.0833333333,0.0,0.0166666666667,195.916666667,2.762625,0.0,720.0,10736.8046875,51.2083333333
2013.0,11.0,29.0,8.0,2.23416666667,36.0215,-7.3475,49.275,211.75,0.0,0.0333333333333,203.833333333,2.414875,0.0,720.0,10736.8046875,49.75
2013.0,11.0,29.0,9.0,4.32333333333,39.782,-7.7025,41.2333333333,339.25,0.0,0.05,210.666666667,2.1015,0.0,720.0,10736.8046875,50.8333333333
2013.0,11.0,29.0,10.0,4.9475,40.9055,-8.0775,38.3833333333,427.416666667,0.0666666666667,1.25833333333,182.583333333,2.007875,0.0,720.0,10736.8046875,51.5208333333
2013.0,11.0,29.0,11.0,5.19,41.342,-7.86,38.3083333333,464.5,0.283333333333,2.325,133.916666667,1.9715,0.0,720.0,10736.8046875,52.5208333333
2013.0,11.0,29.0,12.0,4.68,40.424,-6.5125,44.1416666667,448.0,0.308333333333,2.84166666667,132.0,2.048,0.0,720.0,10736.8046875,52.7916666667
2013.0,11.0,29.0,13.0,4.75333333333,40.556,-6.34,44.4083333333,383.583333333,0.458333333333,3.75,118.0,2.037,0.0,720.0,10736.8046875,52.5
2013.0,11.0,29.0,14.0,5.06833333333,41.123,-6.32083333333,43.5,269.083333333,0.491666666667,3.65,125.833333333,1.98975,0.0,720.0,10736.8046875,52.1458333333
2013.0,11.0,29.0,15.0,4.32083333333,39.7775,-6.96916666667,43.6166666667,110.833333333,0.241666666667,2.7,119.75,2.101875,0.0,720.0,10736.8046875,50.625
2013.0,11.0,29.0,16.0,2.69666666667,36.854,-6.99416666667,48.85,8.16666666667,0.191666666667,2.24166666667,123.166666667,2.3455,0.0,720.0,10736.8046875,53.6875
2013.0,11.0,29.0,17.0,1.69833333333,35.057,-6.8,53.2166666667,1.0,0.158333333333,1.46666666667,148.5,2.49525,0.0,720.0,10736.8046875,52.8125
2013.0,11.0,29.0,18.0,1.05166666667,33.893,-6.8825,55.4,1.0,0.0333333333333,0.841666666667,184.5,2.59225,0.0,720.0,10736.8046875,53.4791666667
2013.0,11.0,29.0,19.0,0.508333333333,32.915,-6.77333333333,58.1083333333,1.0,0.0833333333333,1.1,184.166666667,2.67375,0.0,720.0,10736.8046875,53.8958333333
2013.0,11.0,29.0,20.0,-0.111666666667,31.799,-7.01083333333,59.6666666667,1.0,0.241666666667,2.45,166.5,2.76675,0.0,720.0,10736.8046875,52.5208333333
2013.0,11.0,29.0,21.0,-0.6,30.92,-6.97666666667,62.0,1.0,0.316666666667,2.46666666667,180.75,2.84,0.0,720.0,10736.8046875,52.8333333333
2013.0,11.0,29.0,22.0,-0.985833333333,30.2255,-6.9875,63.725,1.0,0.133333333333,1.74166666667,181.5,2.897875,0.0,720.0,10736.8046875,50.9583333333
2013.0,11.0,29.0,23.0,-1.28,29.696,-7.17916666667,64.1666666667,1.0,0.0666666666667,1.31666666667,180.25,2.942,0.0,720.0,10736.8046875,51.2083333333
2013.0,11.0,30.0,0.0,-1.71166666667,28.919,-7.8875,62.7083333333,1.0,0.166666666667,2.275,187.833333333,3.00675,0.0,0.0,10736.8046875,49.5
2013.0,11.0,30.0,1.0,-2.06333333333,28.286,-8.47666666667,61.4583333333,1.0,0.108333333333,1.56666666667,193.5,3.0595,0.0,0.0,10736.8046875,8.33333333333
2013.0,11.0,30.0,2.0,-2.46166666667,27.569,-8.765,61.8916666667,1.0,0.266666666667,2.325,198.083333333,3.11925,0.0,0.0,10736.8046875,0.0
2013.0,11.0,30.0,3.0,-2.78416666667,26.9885,-9.56166666667,59.5416666667,1.0,0.258333333333,2.45833333333,195.583333333,3.167625,0.0,0.0,10736.8046875,29.3333333333
2013.0,11.0,30.0,4.0,-3.06916666667,26.4755,-10.2058333333,57.8083333333,1.0,0.608333333333,3.75833333333,194.833333333,3.210375,0.0,0.0,10736.8046875,45.7916666667
2013.0,11.0,30.0,5.0,-3.3125,26.0375,-10.855,55.9083333333,1.0,0.616666666667,3.56666666667,196.666666667,3.246875,0.0,0.0,10736.8046875,44.7083333333
2013.0,11.0,30.0,6.0,-3.5775,25.5605,-10.6441666667,57.9916666667,1.83333333333,0.516666666667,3.325,191.25,3.286625,0.0,0.0,10736.8046875,44.0416666667
2013.0,11.0,30.0,7.0,-2.46916666667,27.5555,-10.4508333333,54.2833333333,71.25,0.341666666667,2.99166666667,186.5,3.120375,0.0,0.0,10736.8046875,44.3125
2013.0,11.0,30.0,8.0,-1.65,29.03,-9.4175,55.4,145.916666667,0.383333333333,2.79166666667,197.083333333,2.9975,0.0,0.0,10736.8046875,42.375
2013.0,11.0,30.0,9.0,-0.325833333333,31.4135,-8.12,55.65,220.75,0.133333333333,1.76666666667,208.666666667,2.798875,0.0,0.0,10736.8046875,42.4166666667
2013.0,11.0,30.0,10.0,1.64916666667,34.9685,-6.6925,53.8916666667,330.583333333,0.116666666667,1.64166666667,227.083333333,2.502625,0.0,0.0,10736.8046875,44.0833333333
2013.0,11.0,30.0,11.0,2.94916666667,37.3085,-5.3975,54.2416666667,353.75,0.166666666667,1.98333333333,231.833333333,2.307625,0.0,0.0,10736.8046875,43.5208333333
2013.0,11.0,30.0,12.0,3.88833333333,38.999,-4.0375,56.2,325.666666667,0.0166666666667,0.816666666667,233.5,2.16675,0.0,0.0,10736.8046875,45.2916666667
2013.0,11.0,30.0,13.0,5.07083333333,41.1275,-3.15,55.2833333333,294.166666667,0.0,0.1,286.333333333,1.989375,0.0,0.0,10736.8046875,44.4791666667
2013.0,11.0,30.0,14.0,5.77,42.386,-2.44333333333,55.5,247.75,0.0,0.158333333333,244.666666667,1.8845,0.0,0.0,10736.8046875,44.7291666667
2013.0,11.0,30.0,15.0,4.9975,40.9955,-2.33583333333,59.0583333333,73.25,0.0,0.0166666666667,228.833333333,2.000375,0.0,0.0,10736.8046875,44.75
2013.0,11.0,30.0,16.0,4.71666666667,40.49,-1.80916666667,62.5916666667,3.16666666667,0.0666666666667,1.39166666667,276.333333333,2.0425,0.0,0.0,10736.8046875,45.8125
2013.0,11.0,30.0,17.0,4.005,39.209,-1.97916666667,64.9666666667,1.0,0.2,2.525,282.583333333,2.14925,0.0,0.0,10736.8046875,46.4375
2013.0,11.0,30.0,18.0,3.7075,38.6735,-2.65166666667,63.1166666667,1.0,0.0666666666667,1.15833333333,276.583333333,2.193875,0.0,0.0,10736.8046875,45.2291666667
2013.0,11.0,30.0,19.0,3.84833333333,38.927,-2.85416666667,61.5666666667,1.0,0.0,0.333333333333,278.5,2.17275,0.0,0.0,10736.8046875,45.2916666667
2013.0,11.0,30.0,20.0,3.94666666667,39.104,-2.65166666667,62.0583333333,1.0,0.0,0.0,208.583333333,2.158,0.0,0.0,10736.8046875,44.0833333333
2013.0,11.0,30.0,21.0,4.02166666667,39.239,-2.29583333333,63.3916666667,1.0,0.0,0.0,166.0,2.14675,0.0,0.0,10736.8046875,42.6666666667
2013.0,11.0,30.0,22.0,3.81333333333,38.864,-2.31083333333,64.2583333333,1.0,0.0,0.358333333333,159.416666667,2.178,0.0,0.0,10736.8046875,42.75
2013.0,11.0,30.0,23.0,3.745,38.741,-1.905,66.5416666667,1.0,0.0,0.0333333333333,135.916666667,2.18825,0.0,0.0,10736.8046875,42.9166666667
2013.0,12.0,1.0,0.0,3.25583333333,37.8605,-1.75083333333,69.6666666667,1.0,0.0,0.0,148.833333333,2.261625,0.0,0.0,10736.8046875,42.4166666667
2013.0,12.0,1.0,1.0,2.83666666667,37.106,-1.785,71.5916666667,1.0,0.0,0.0666666666667,138.833333333,2.3245,0.0,0.0,10736.8046875,42.125
2013.0,12.0,1.0,2.0,2.87,37.166,-1.73333333333,71.6916666667,1.0,0.0,0.158333333333,126.833333333,2.3195,0.0,0.0,10736.8046875,42.2083333333
2013.0,12.0,1.0,3.0,2.55833333333,36.605,-1.725,73.3416666667,1.0,0.0,0.0333333333333,185.666666667,2.36625,0.0,0.0,10736.8046875,40.4791666667
2013.0,12.0,1.0,4.0,1.90083333333,35.4215,-1.86416666667,76.0916666667,1.0,0.0,0.0,175.666666667,2.464875,0.0,0.0,10736.8046875,40.6666666667
2013.0,12.0,1.0,5.0,1.245,34.241,-1.95416666667,79.2333333333,1.0,0.0,0.0,120.0,2.56325,0.0,0.0,10736.8046875,41.2291666667
2013.0,12.0,1.0,6.0,0.9325,33.6785,-2.0975,80.1833333333,1.58333333333,0.0,0.0,164.916666667,2.610125,0.0,0.0,10736.8046875,41.2708333333
2013.0,12.0,1.0,7.0,2.38083333333,36.2855,-2.20333333333,71.9,59.0833333333,0.0,0.0,195.833333333,2.392875,0.0,0.0,10736.8046875,39.6041666667
2013.0,12.0,1.0,8.0,5.54416666667,41.9795,-2.04083333333,58.2166666667,198.833333333,0.0,0.0,175.916666667,1.918375,0.0,0.0,10736.8046875,39.5208333333
2013.0,12.0,1.0,9.0,7.48833333333,45.479,-0.633333333333,56.3833333333,320.75,0.0,0.325,94.6666666667,1.62675,0.0,0.0,10736.8046875,40.3333333333
2013.0,12.0,1.0,10.0,8.675,47.615,-0.998333333333,50.675,406.5,0.0166666666667,0.433333333333,58.4166666667,1.44875,0.0,0.0,10736.8046875,40.8125
2013.0,12.0,1.0,11.0,9.95833333333,49.925,-1.22416666667,45.775,442.916666667,0.0166666666667,0.7,79.0,1.25625,0.0,0.0,10736.8046875,41.4583333333
2013.0,12.0,1.0,12.0,9.5125,49.1225,-0.26,50.6166666667,426.25,0.05,0.95,166.166666667,1.323125,0.0,0.0,10736.8046875,41.4583333333
2013.0,12.0,1.0,13.0,9.27083333333,48.6875,0.176666666667,52.9583333333,306.666666667,0.0166666666667,0.791666666667,131.833333333,1.359375,0.0,0.0,10736.8046875,41.4791666667
2013.0,12.0,1.0,14.0,8.77916666667,47.8025,-0.3675,52.6166666667,100.666666667,0.0333333333333,0.658333333333,70.8333333333,1.433125,0.0,0.0,10736.8046875,40.8958333333
2013.0,12.0,1.0,15.0,8.08916666667,46.5605,-0.0958333333333,56.225,38.9166666667,0.166666666667,1.71666666667,61.0,1.536625,0.0,0.0,10736.8046875,39.9166666667
2013.0,12.0,1.0,16.0,7.63083333333,45.7355,-0.195833333333,57.5833333333,3.66666666667,0.166666666667,1.59166666667,56.4166666667,1.605375,0.0,0.0,10736.8046875,41.4166666667
2013.0,12.0,1.0,17.0,7.23333333333,45.02,0.1625,60.75,1.0,0.116666666667,1.41666666667,63.1666666667,1.665,0.0,0.0,10736.8046875,41.6666666667
2013.0,12.0,1.0,18.0,6.6975,44.0555,-0.0266666666667,62.1583333333,1.0,0.133333333333,1.69166666667,52.3333333333,1.745375,0.0,0.0,10736.8046875,41.8333333333
2013.0,12.0,1.0,19.0,6.40833333333,43.535,0.325833333333,65.0583333333,1.0,0.0,0.175,63.3333333333,1.78875,0.0,0.0,10736.8046875,41.8333333333
2013.0,12.0,1.0,20.0,6.5375,43.7675,0.256666666667,64.1666666667,1.0,0.0,0.0,71.5833333333,1.769375,0.0,0.0,10736.8046875,41.6666666667
2013.0,12.0,1.0,21.0,6.49416666667,43.6895,-0.384166666667,61.4083333333,1.0,0.0,0.0,69.25,1.775875,0.0,0.0,10736.8046875,41.2708333333
2013.0,12.0,1.0,22.0,6.1625,43.0925,-0.431666666667,62.625,1.0,0.0,0.0,68.75,1.825625,0.0,0.0,10736.8046875,42.25
2013.0,12.0,1.0,23.0,5.74416666667,42.3395,-0.5825,63.7583333333,1.0,0.0,0.0,108.333333333,1.888375,0.0,0.0,10736.8046875,43.1041666667
2013.0,12.0,2.0,0.0,5.41333333333,41.744,-0.828333333333,64.075,1.0,0.0,0.0,167.833333333,1.938,0.0,720.0,10736.8046875,41.4166666667
2013.0,12.0,2.0,1.0,5.26166666667,41.471,-1.11083333333,63.4333333333,1.0,0.0,0.0,202.75,1.96075,0.0,720.0,10736.8046875,21.4390243902
2013.0,12.0,2.0,2.0,5.53083333333,41.9555,-0.714166666667,64.0833333333,1.0,0.0,0.0,130.0,1.920375,0.0,720.0,10736.8046875,2.94444444444
2013.0,12.0,2.0,3.0,5.61083333333,42.0995,-0.438333333333,65.025,1.0,0.0,0.0,152.083333333,1.908375,0.0,720.0,10736.8046875,2.91666666667
2013.0,12.0,2.0,4.0,5.34166666667,41.615,-0.5975,65.4916666667,1.0,0.0,0.0,196.75,1.94875,0.0,720.0,10736.8046875,2.97222222222
2013.0,12.0,2.0,5.0,5.6225,42.1205,-0.0791666666667,66.7,1.0,0.0,0.0,216.583333333,1.906625,0.0,720.0,10736.8046875,1.44444444444
2013.0,12.0,2.0,6.0,5.84333333333,42.518,0.728333333333,69.6333333333,1.08333333333,0.0,0.0,299.416666667,1.8735,0.0,720.0,10736.8046875,0.0
2013.0,12.0,2.0,7.0,6.0125,42.8225,0.455,67.4833333333,5.83333333333,0.0,0.0,288.25,1.848125,0.0,720.0,10736.8046875,0.0
2013.0,12.0,2.0,8.0,6.32666666667,43.388,0.270833333333,65.1666666667,33.0,0.0,0.0,288.75,1.801,0.0,720.0,10736.8046875,0.948717948718
2013.0,12.0,2.0,9.0,7.12083333333,44.8175,0.218333333333,61.4666666667,83.1666666667,0.0,0.0,283.583333333,1.681875,0.0,720.0,10736.8046875,3.30555555556
2013.0,12.0,2.0,10.0,8.27416666667,46.8935,0.435,57.7,127.416666667,0.0,0.0,223.0,1.508875,0.0,720.0,10736.8046875,52.1875
2013.0,12.0,2.0,11.0,9.0975,48.3755,0.375,54.3666666667,145.25,0.0,0.0,285.416666667,1.385375,0.0,720.0,10736.8046875,58.75
2013.0,12.0,2.0,12.0,9.60583333333,49.2905,0.238333333333,52.0166666667,206.333333333,0.0,0.0,268.166666667,1.309125,0.0,720.0,10736.8046875,58.3541666667
2013.0,12.0,2.0,13.0,10.1233333333,50.222,0.345,50.6416666667,339.5,0.0,0.0333333333333,207.833333333,1.2315,0.0,720.0,10736.8046875,58.0833333333
2013.0,12.0,2.0,14.0,10.6375,51.1475,-0.105833333333,47.325,167.416666667,0.0,0.0,303.416666667,1.154375,0.0,720.0,10736.8046875,59.3333333333
2013.0,12.0,2.0,15.0,9.8075,49.6535,-1.18083333333,46.25,36.6666666667,0.0,0.0,80.0,1.278875,0.0,720.0,10736.8046875,59.4375
2013.0,12.0,2.0,16.0,9.23416666667,48.6215,-1.25416666667,47.8166666667,5.08333333333,0.0,0.0,99.5,1.364875,0.0,720.0,10736.8046875,59.1875
2013.0,12.0,2.0,17.0,8.85416666667,47.9375,-0.733333333333,50.9583333333,1.0,0.0,0.0,198.916666667,1.421875,0.0,720.0,10736.8046875,59.6458333333
2013.0,12.0,2.0,18.0,8.52166666667,47.339,-0.2625,53.9583333333,1.0,0.0,0.0,193.75,1.47175,0.0,720.0,10736.8046875,59.1041666667
2013.0,12.0,2.0,19.0,8.04583333333,46.4825,0.248333333333,57.825,1.0,0.0,0.0,195.166666667,1.543125,0.0,720.0,10736.8046875,58.4166666667
2013.0,12.0,2.0,20.0,7.29916666667,45.1385,0.181666666667,60.55,1.0,0.0,0.0,220.833333333,1.655125,0.0,720.0,10736.8046875,55.8541666667
2013.0,12.0,2.0,21.0,7.085,44.753,-0.0866666666667,60.2583333333,1.0,0.0,0.0,194.833333333,1.68725,0.0,720.0,10736.8046875,53.4791666667
2013.0,12.0,2.0,22.0,6.96416666667,44.5355,0.463333333333,63.275,1.0,0.0,0.283333333333,205.916666667,1.705375,0.0,720.0,10736.8046875,52.3541666667
2013.0,12.0,2.0,23.0,6.77833333333,44.201,2.9275,76.425,1.0,0.0,0.0166666666667,190.0,1.73325,0.0,720.0,10736.8046875,52.25
2013.0,12.0,3.0,0.0,6.6825,44.0285,2.95416666667,77.1,1.0,0.0,0.0333333333333,183.25,1.747625,0.0,720.0,10736.8046875,51.3333333333
2013.0,12.0,3.0,1.0,6.63166666667,43.937,1.94,71.95,1.0,0.0,0.0,176.083333333,1.75525,0.0,720.0,10736.8046875,50.5
2013.0,12.0,3.0,2.0,6.5325,43.7585,1.91916666667,72.3333333333,1.0,0.0,0.0,162.833333333,1.770125,0.0,720.0,10736.8046875,50.1458333333
2013.0,12.0,3.0,3.0,6.2625,43.2725,2.40083333333,76.275,1.0,0.0,0.0,163.75,1.810625,0.0,720.0,10736.8046875,50.5416666667
2013.0,12.0,3.0,4.0,6.25416666667,43.2575,3.73,83.8833333333,1.0,0.0,0.1,198.666666667,1.811875,0.0,720.0,10736.8046875,53.5625
2013.0,12.0,3.0,5.0,5.83083333333,42.4955,3.54166666667,85.2083333333,1.0,0.0,0.216666666667,134.916666667,1.875375,0.0,720.0,10736.8046875,52.875
2013.0,12.0,3.0,6.0,5.50083333333,41.9015,2.76833333333,82.525,1.0,0.0,0.0166666666667,188.5,1.924875,0.0,720.0,10736.8046875,53.4375
2013.0,12.0,3.0,7.0,5.68916666667,42.2405,2.81916666667,81.7416666667,13.0833333333,0.0,0.175,179.916666667,1.896625,0.0,720.0,10736.8046875,53.7083333333
2013.0,12.0,3.0,8.0,6.45583333333,43.6205,3.33,80.3833333333,49.5,0.0,0.0166666666667,125.75,1.781625,0.0,720.0,10736.8046875,54.3541666667
2013.0,12.0,3.0,9.0,7.5725,45.6305,3.855,77.275,125.416666667,0.0,0.0,190.416666667,1.614125,0.0,720.0,10736.8046875,56.75
2013.0,12.0,3.0,10.0,9.6,49.28,4.275,69.4333333333,187.75,0.0,0.0,166.333333333,1.31,0.0,720.0,10736.8046875,58.625
2013.0,12.0,3.0,11.0,10.73,51.314,4.02083333333,63.25,260.916666667,0.0,0.0,74.0833333333,1.1405,0.0,720.0,10736.8046875,60.5
2013.0,12.0,3.0,12.0,11.6591666667,52.9865,2.81916666667,54.6083333333,395.333333333,0.0,0.1,104.166666667,1.001125,0.0,720.0,10736.8046875,60.4791666667
2013.0,12.0,3.0,13.0,11.9325,53.4785,1.99333333333,50.5333333333,335.166666667,0.0166666666667,0.608333333333,56.0,0.960125,0.0,720.0,10736.8046875,61.0208333333
2013.0,12.0,3.0,14.0,11.92,53.456,2.47416666667,52.35,135.5,0.0666666666667,1.20833333333,61.1666666667,0.962,0.0,720.0,10736.8046875,59.9375
2013.0,12.0,3.0,15.0,12.1791666667,53.9225,2.46166666667,51.4166666667,108.833333333,0.0,0.516666666667,87.25,0.923125,0.0,720.0,10736.8046875,58.7708333333
2013.0,12.0,3.0,16.0,11.0816666667,51.947,2.8125,56.675,7.5,0.0,0.116666666667,70.1666666667,1.08775,0.0,720.0,10736.8046875,59.9375
2013.0,12.0,3.0,17.0,10.4425,50.7965,2.8725,59.375,1.0,0.0,0.0833333333333,76.8333333333,1.183625,0.0,720.0,10736.8046875,58.8541666667
2013.0,12.0,3.0,18.0,9.70166666667,49.463,2.7125,61.7166666667,1.0,0.0,0.0,57.0,1.29475,0.0,720.0,10736.8046875,58.1875
2013.0,12.0,3.0,19.0,9.06583333333,48.3185,2.83833333333,65.0,1.0,0.0,0.0,128.25,1.390125,0.0,720.0,10736.8046875,57.1875
2013.0,12.0,3.0,20.0,8.085,46.553,2.71333333333,68.8166666667,1.0,0.0,0.0,97.3333333333,1.53725,0.0,720.0,10736.8046875,56.2708333333
2013.0,12.0,3.0,21.0,7.7,45.86,3.08166666667,72.5333333333,1.0,0.0,0.0,99.25,1.595,0.0,720.0,10736.8046875,54.6666666667
2013.0,12.0,3.0,22.0,7.0825,44.7485,2.7525,73.9416666667,1.0,0.133333333333,1.33333333333,61.0,1.687625,0.0,720.0,10736.8046875,35.4418604651
2013.0,12.0,3.0,23.0,6.70583333333,44.0705,2.86,76.4166666667,1.0,0.0,0.05,67.5,1.744125,0.0,720.0,10736.8046875,2.66666666667
2013.0,12.0,4.0,0.0,6.90916666667,44.4365,3.30833333333,77.8,1.0,0.0,0.0166666666667,66.8333333333,1.713625,0.0,720.0,10736.8046875,2.58333333333
2013.0,12.0,4.0,1.0,6.69583333333,44.0525,3.34333333333,79.1333333333,1.0,0.0,0.0,103.666666667,1.745625,0.0,720.0,10736.8046875,2.55555555556
2013.0,12.0,4.0,2.0,6.38083333333,43.4855,3.1,79.5,1.0,0.0,0.0,214.166666667,1.792875,0.0,720.0,10736.8046875,2.61111111111
2013.0,12.0,4.0,3.0,5.98833333333,42.779,3.0525,81.4083333333,1.0,0.0,0.0,217.25,1.85175,0.0,720.0,10736.8046875,2.5
2013.0,12.0,4.0,4.0,5.91583333333,42.6485,2.99333333333,81.475,1.0,0.0,0.0,209.5,1.862625,0.0,720.0,10736.8046875,2.38888888889
2013.0,12.0,4.0,5.0,5.76666666667,42.38,2.71666666667,80.7166666667,1.0,0.0,0.0,194.5,1.885,0.0,720.0,10736.8046875,2.41666666667
2013.0,12.0,4.0,6.0,6.06083333333,42.9095,2.75333333333,79.2916666667,1.0,0.0,0.0,216.583333333,1.840875,0.0,720.0,10736.8046875,2.5
2013.0,12.0,4.0,7.0,5.705,42.269,2.49083333333,79.775,22.8333333333,0.0166666666667,0.508333333333,199.083333333,1.89425,0.0,720.0,10736.8046875,45.8043478261
2013.0,12.0,4.0,8.0,8.0425,46.4765,2.37,67.8666666667,152.0,0.0166666666667,0.466666666667,207.75,1.543625,0.0,720.0,10736.8046875,54.2083333333
2013.0,12.0,4.0,9.0,9.20833333333,48.575,3.14083333333,65.7583333333,113.166666667,0.0,0.0,303.333333333,1.36875,0.0,720.0,10736.8046875,56.0833333333
2013.0,12.0,4.0,10.0,10.3575,50.6435,3.6975,63.35,148.0,0.0,0.0,275.25,1.196375,0.0,720.0,10736.8046875,58.8541666667
2013.0,12.0,4.0,11.0,11.78,53.204,4.11666666667,59.3833333333,169.5,0.0,0.0,172.666666667,0.983,0.0,720.0,10736.8046875,59.3125
2013.0,12.0,4.0,12.0,11.6133333333,52.904,4.76583333333,62.7583333333,104.166666667,0.0,0.0,283.416666667,1.008,0.0,720.0,10736.8046875,59.8958333333
2013.0,12.0,4.0,13.0,11.8858333333,53.3945,5.0725,62.975,114.916666667,0.0,0.0,300.416666667,0.967125,0.0,720.0,10736.8046875,57.9791666667
2013.0,12.0,4.0,14.0,12.81,55.058,5.52833333333,61.1916666667,198.0,0.0,0.0,300.916666667,0.8285,0.0,720.0,10736.8046875,58.6875
2013.0,12.0,4.0,15.0,12.0016666667,53.603,5.58666666667,64.7666666667,40.6666666667,0.0,0.0,255.916666667,0.94975,0.0,720.0,10736.8046875,60.6458333333
2013.0,12.0,4.0,16.0,11.5191666667,52.7345,5.42083333333,66.1083333333,1.5,0.0,0.2,202.333333333,1.022125,0.0,720.0,10736.8046875,58.875
2013.0,12.0,4.0,17.0,11.3208333333,52.3775,5.7075,68.3166666667,1.0,0.0166666666667,0.75,209.25,1.051875,0.0,720.0,10736.8046875,58.9375
2013.0,12.0,4.0,18.0,11.4641666667,52.6355,5.9375,68.7583333333,1.0,0.0,0.116666666667,214.166666667,1.030375,0.0,720.0,10736.8046875,57.7708333333
2013.0,12.0,4.0,19.0,11.3033333333,52.346,6.16166666667,70.575,1.0,0.0,0.1,204.25,1.0545,0.0,720.0,10736.8046875,55.9166666667
2013.0,12.0,4.0,20.0,11.2325,52.2185,6.52583333333,72.7166666667,1.0,0.0,0.05,204.75,1.065125,0.0,720.0,10736.8046875,54.7916666667
2013.0,12.0,4.0,21.0,11.0558333333,51.9005,7.3175,77.7166666667,1.0,0.0,0.0,202.833333333,1.091625,0.0,720.0,10736.8046875,51.1041666667
2013.0,12.0,4.0,22.0,10.7483333333,51.347,7.87166666667,82.3416666667,1.0,0.0,0.0,198.0,1.13775,0.0,720.0,10736.8046875,51.2291666667
2013.0,12.0,4.0,23.0,11.0941666667,51.9695,8.69,85.0916666667,1.0,0.0,0.0,248.166666667,1.085875,0.0,720.0,10736.8046875,50.4583333333
2013.0,12.0,5.0,0.0,9.79166666667,49.625,9.45416666667,97.6916666667,1.0,0.0,0.0,221.25,1.28125,0.0,720.0,10736.8046875,49.5
2013.0,12.0,5.0,1.0,10.1541666667,50.2775,9.53333333333,95.8666666667,1.0,0.0,0.0,238.25,1.226875,0.0,720.0,10736.8046875,48.5833333333
2013.0,12.0,5.0,2.0,10.7516666667,51.353,10.1683333333,96.1166666667,1.0,0.0,0.0,297.166666667,1.13725,0.0,720.0,10736.8046875,47.9166666667
2013.0,12.0,5.0,3.0,10.31,50.558,9.97,97.6833333333,1.0,0.0,0.0,231.75,1.2035,0.0,720.0,10736.8046875,49.2291666667
2013.0,12.0,5.0,4.0,9.7425,49.5365,9.74083333333,99.9166666667,1.0,0.0,0.0,202.166666667,1.288625,0.0,720.0,10736.8046875,51.8958333333
2013.0,12.0,5.0,5.0,9.94,49.892,9.91666666667,99.775,1.0,0.0,0.0166666666667,206.666666667,1.259,0.0,720.0,10736.8046875,51.7708333333
2013.0,12.0,5.0,6.0,10.5083333333,50.915,10.3141666667,98.6416666667,1.0,0.0,0.0,268.25,1.17375,0.0,720.0,10736.8046875,51.5833333333
2013.0,12.0,5.0,7.0,10.7966666667,51.434,10.6816666667,99.15,10.5833333333,0.0,0.0,302.166666667,1.1305,0.0,720.0,10736.8046875,52.1458333333
2013.0,12.0,5.0,8.0,11.7825,53.2085,11.0783333333,95.375,40.5,0.0,0.0,298.416666667,0.982625,0.0,720.0,10736.8046875,52.625
2013.0,12.0,5.0,9.0,12.5741666667,54.6335,11.4308333333,92.6583333333,76.0833333333,0.0166666666667,0.7,319.916666667,0.863875,0.0,720.0,10736.8046875,54.3541666667
2013.0,12.0,5.0,10.0,13.3791666667,56.0825,11.9791666667,91.15,71.5,0.0,0.458333333333,323.833333333,0.743125,0.0,720.0,10736.8046875,56.0416666667
2013.0,12.0,5.0,11.0,14.2158333333,57.5885,12.81,91.1583333333,58.3333333333,0.133333333333,1.825,311.25,0.617625,0.0,720.0,10736.8046875,57.625
2013.0,12.0,5.0,12.0,14.175,57.515,12.9666666667,92.3416666667,56.75,0.225,2.05,121.083333333,0.62375,0.0,720.0,10736.8046875,58.4166666667
2013.0,12.0,5.0,13.0,14.16,57.488,13.1041666667,93.2583333333,38.8333333333,0.0833333333333,1.69166666667,258.583333333,0.626,0.0,720.0,10736.8046875,58.75
2013.0,12.0,5.0,14.0,14.5075,58.1135,13.3991666667,92.9583333333,36.1666666667,0.0333333333333,1.36666666667,123.166666667,0.573875,0.0,720.0,10736.8046875,58.9791666667
2013.0,12.0,5.0,15.0,14.78,58.604,13.5266666667,92.1,15.25,0.0,0.05,79.5833333333,0.533,0.0,720.0,10736.8046875,58.0625
2013.0,12.0,5.0,16.0,14.7,58.46,13.4558333333,92.15,1.5,0.0,0.233333333333,332.416666667,0.545,0.0,720.0,10736.8046875,57.2708333333
2013.0,12.0,5.0,17.0,14.9516666667,58.913,13.6416666667,91.775,1.0,0.0,0.0,317.416666667,0.50725,0.0,720.0,10736.8046875,57.5833333333
2013.0,12.0,5.0,18.0,14.8583333333,58.745,13.6425,92.3166666667,1.0,0.0,0.05,189.5,0.52125,0.0,720.0,10736.8046875,57.1875
2013.0,12.0,5.0,19.0,15.1516666667,59.273,14.3975,95.1583333333,1.0,0.0,0.0333333333333,272.916666667,0.47725,0.0,720.0,10736.8046875,56.9583333333
2013.0,12.0,5.0,20.0,15.0516666667,59.093,14.8841666667,98.8166666667,1.0,0.0,0.0,116.75,0.49225,0.0,720.0,10736.8046875,55.3125
2013.0,12.0,5.0,21.0,15.5141666667,59.9255,15.155,97.6083333333,1.0,0.0,0.0833333333333,65.5,0.422875,0.0,720.0,10736.8046875,52.4375
2013.0,12.0,5.0,22.0,15.7725,60.3905,15.3216666667,97.025,1.0,0.0166666666667,0.675,260.75,0.384125,0.0,720.0,10736.8046875,50.2291666667
2013.0,12.0,5.0,23.0,15.8941666667,60.6095,15.4175,96.8666666667,1.0,0.0,0.0166666666667,64.3333333333,0.365875,0.0,720.0,10736.8046875,49.8541666667
2013.0,12.0,6.0,0.0,15.8391666667,60.5105,15.705,99.0333333333,1.0,0.0,0.25,118.583333333,0.374125,0.0,720.0,10736.8046875,48.6875
2013.0,12.0,6.0,1.0,15.8275,60.4895,15.8475,100.0,1.0,0.0,0.658333333333,51.8333333333,0.375875,0.0,720.0,10736.8046875,47.7916666667
2013.0,12.0,6.0,2.0,16.2633333333,61.274,16.2833333333,100.0,1.0,0.133333333333,1.925,97.1666666667,0.3105,0.0,720.0,10736.8046875,48.0208333333
2013.0,12.0,6.0,3.0,16.3775,61.4795,16.3975,100.0,1.0,0.1,1.18333333333,59.1666666667,0.293375,0.0,720.0,10736.8046875,48.7916666667
2013.0,12.0,6.0,4.0,16.3741666667,61.4735,16.35,99.7083333333,1.0,0.333333333333,3.15833333333,57.4166666667,0.293875,0.0,720.0,10736.8046875,52.0625
2013.0,12.0,6.0,5.0,16.0291666667,60.8525,16.0491666667,100.0,1.0,0.0166666666667,0.5,71.75,0.345625,0.0,720.0,10736.8046875,50.9166666667
2013.0,12.0,6.0,6.0,15.9425,60.6965,15.9625,100.0,1.0,0.325,3.075,60.4166666667,0.358625,0.0,720.0,10736.8046875,51.3125
2013.0,12.0,6.0,7.0,12.2916666667,54.125,-34.65,11.5083333333,4.41666666667,0.975,5.38333333333,119.75,0.90625,0.0,720.0,10736.8046875,50.8125
2013.0,12.0,6.0,8.0,10.1541666667,50.2775,-43.7608333333,1.0,14.4166666667,0.45,4.1,156.166666667,1.226875,0.0,720.0,10736.8046875,51.7291666667
2013.0,12.0,6.0,9.0,9.16166666667,48.491,-44.3691666667,1.0,17.5833333333,1.03333333333,4.49166666667,181.25,1.37575,0.0,720.0,10736.8046875,53.5833333333
2013.0,12.0,6.0,10.0,8.78916666667,47.8205,-17.3091666667,50.2583333333,38.0,0.508333333333,2.86666666667,186.916666667,1.431625,0.0,720.0,10736.8046875,55.4583333333
2013.0,12.0,6.0,11.0,8.45416666667,47.2175,8.39833333333,99.5583333333,30.0833333333,0.241666666667,2.08333333333,175.333333333,1.481875,0.0,720.0,10736.8046875,56.1875
2013.0,12.0,6.0,12.0,8.12416666667,46.6235,8.12,99.9083333333,33.5833333333,0.441666666667,2.675,173.416666667,1.531375,0.0,720.0,10736.8046875,56.6458333333
2013.0,12.0,6.0,13.0,7.7025,45.8645,7.69916666667,99.9166666667,35.4166666667,0.558333333333,3.49166666667,192.916666667,1.594625,0.0,720.0,10736.8046875,57.9583333333
2013.0,12.0,6.0,14.0,7.955,46.319,6.87083333333,92.85,21.75,0.533333333333,3.21666666667,182.916666667,1.55675,0.0,720.0,10736.8046875,58.5208333333
2013.0,12.0,6.0,15.0,6.96916666667,44.5445,6.1475,94.525,10.75,0.508333333333,3.55833333333,198.666666667,1.704625,0.0,720.0,10736.8046875,58.9375
2013.0,12.0,6.0,16.0,5.64666666667,42.164,-16.6875,42.9833333333,1.08333333333,0.575,3.51666666667,192.166666667,1.903,0.0,720.0,10736.8046875,57.75
2013.0,12.0,6.0,17.0,3.9,39.02,-47.6175,1.0,1.0,1.475,6.075,173.416666667,2.165,0.0,720.0,10736.8046875,57.75
2013.0,12.0,6.0,18.0,3.61,38.498,-47.7975,1.0,1.0,1.05833333333,5.08333333333,178.083333333,2.2085,0.0,720.0,10736.8046875,56.6041666667
2013.0,12.0,6.0,19.0,3.17333333333,37.712,-48.0683333333,1.0,1.0,1.71666666667,6.46666666667,171.666666667,2.274,0.0,720.0,10736.8046875,56.1041666667
2013.0,12.0,6.0,20.0,3.1,37.58,-48.115,1.0,1.0,1.43333333333,5.54166666667,175.833333333,2.285,0.0,720.0,10736.8046875,55.1041666667
2013.0,12.0,6.0,21.0,2.85,37.13,-48.27,1.0,1.0,1.125,4.79166666667,177.75,2.3225,0.0,720.0,10736.8046875,54.7291666667
2013.0,12.0,6.0,22.0,2.74666666667,36.944,-48.3341666667,1.0,1.0,1.03333333333,4.50833333333,159.916666667,2.338,0.0,720.0,10736.8046875,51.9375
2013.0,12.0,6.0,23.0,2.62083333333,36.7175,-48.4133333333,1.0,1.0,0.9,5.00833333333,174.25,2.356875,0.0,720.0,10736.8046875,52.2291666667
2013.0,12.0,7.0,0.0,2.47583333333,36.4565,-48.5033333333,1.0,1.0,0.858333333333,4.75833333333,173.666666667,2.378625,0.0,0.0,10736.8046875,51.6041666667
2013.0,12.0,7.0,1.0,2.47333333333,36.452,-48.5058333333,1.0,1.0,0.45,3.25,153.666666667,2.379,0.0,0.0,10736.8046875,51.2083333333
2013.0,12.0,7.0,2.0,2.30666666667,36.152,-48.6091666667,1.0,1.0,0.725,4.89166666667,165.166666667,2.404,0.0,0.0,10736.8046875,50.7916666667
2013.0,12.0,7.0,3.0,2.26083333333,36.0695,-45.2866666667,4.64166666667,1.0,1.16666666667,5.04166666667,172.083333333,2.410875,0.0,0.0,10736.8046875,51.1875
2013.0,12.0,7.0,4.0,2.6325,36.7385,1.7125,94.475,1.0,0.741666666667,3.63333333333,174.166666667,2.355125,0.0,0.0,10736.8046875,54.7083333333
2013.0,12.0,7.0,5.0,2.82,37.076,1.665,92.1,1.0,0.5,3.1,173.333333333,2.327,0.0,0.0,10736.8046875,52.875
2013.0,12.0,7.0,6.0,2.52083333333,36.5375,1.5225,93.125,1.0,0.166666666667,2.0,132.833333333,2.371875,0.0,0.0,10736.8046875,52.4375
2013.0,12.0,7.0,7.0,2.32583333333,36.1865,0.7675,89.4666666667,29.8333333333,0.0833333333333,1.45,126.75,2.401125,0.0,0.0,10736.8046875,50.5625
2013.0,12.0,7.0,8.0,2.78833333333,37.019,-0.345833333333,79.825,101.5,1.08333333333,4.93333333333,122.833333333,2.33175,0.0,0.0,10736.8046875,49.8958333333
2013.0,12.0,7.0,9.0,2.82083333333,37.0775,-0.7475,77.3416666667,113.666666667,1.33333333333,5.5,128.666666667,2.326875,0.0,0.0,10736.8046875,49.5
2013.0,12.0,7.0,10.0,4.095,39.371,-1.31583333333,67.875,255.666666667,0.908333333333,4.975,129.25,2.13575,0.0,0.0,10736.8046875,52.2916666667
2013.0,12.0,7.0,11.0,4.805,40.649,-1.47916666667,63.7583333333,259.666666667,0.666666666667,4.04166666667,129.333333333,2.02925,0.0,0.0,10736.8046875,51.1666666667
2013.0,12.0,7.0,12.0,4.00166666667,39.203,-1.9475,65.1416666667,149.0,1.66666666667,6.275,127.25,2.14975,0.0,0.0,10736.8046875,51.9375
2013.0,12.0,7.0,13.0,3.9025,39.0245,-1.84333333333,66.1083333333,106.166666667,0.691666666667,4.35,132.833333333,2.164625,0.0,0.0,10736.8046875,52.9166666667
2013.0,12.0,7.0,14.0,4.51833333333,40.133,-2.5325,60.225,197.583333333,0.658333333333,3.99166666667,127.25,2.07225,0.0,0.0,10736.8046875,53.1458333333
2013.0,12.0,7.0,15.0,3.89666666667,39.014,-3.05416666667,60.4583333333,74.5,0.433333333333,3.61666666667,113.916666667,2.1655,0.0,0.0,10736.8046875,53.0833333333
2013.0,12.0,7.0,16.0,2.97166666667,37.349,-2.88833333333,65.35,8.75,0.175,2.09166666667,109.583333333,2.30425,0.0,0.0,10736.8046875,18.4871794872
2013.0,12.0,7.0,17.0,2.42333333333,36.362,-3.13583333333,66.6916666667,1.0,0.275,2.51666666667,134.333333333,2.3865,0.0,0.0,10736.8046875,2.66666666667
2013.0,12.0,7.0,18.0,2.02666666667,35.648,-2.8975,69.8416666667,1.0,0.166666666667,1.54166666667,122.916666667,2.446,0.0,0.0,10736.8046875,2.66666666667
2013.0,12.0,7.0,19.0,1.60333333333,34.886,-2.68916666667,73.1166666667,1.0,0.0,0.0,162.416666667,2.5095,0.0,0.0,10736.8046875,2.66666666667
2013.0,12.0,7.0,20.0,1.33583333333,34.4045,-2.71166666667,74.4166666667,1.0,0.0,0.25,138.083333333,2.549625,0.0,0.0,10736.8046875,2.63888888889
2013.0,12.0,7.0,21.0,1.09583333333,33.9725,-2.9125,74.5833333333,1.0,0.0,0.125,157.083333333,2.585625,0.0,0.0,10736.8046875,2.63888888889
2013.0,12.0,7.0,22.0,0.934166666667,33.6815,-2.71083333333,76.6,1.0,0.05,0.633333333333,123.5,2.609875,0.0,0.0,10736.8046875,2.58333333333
2013.0,12.0,7.0,23.0,0.475833333333,32.8565,-2.81333333333,78.5916666667,1.0,0.208333333333,1.75,147.416666667,2.678625,0.0,0.0,10736.8046875,2.58333333333
2013.0,12.0,8.0,0.0,-0.1825,31.6715,-4.34583333333,73.5333333333,1.0,0.525,2.725,179.333333333,2.777375,0.0,0.0,10736.8046875,2.61111111111
2013.0,12.0,8.0,1.0,-0.873333333333,30.428,-5.41166666667,71.3166666667,1.0,0.575,3.1,172.583333333,2.881,0.0,0.0,10736.8046875,44.9347826087
2013.0,12.0,8.0,2.0,-1.475,29.345,-6.2775,69.775,1.0,0.641666666667,3.83333333333,172.25,2.97125,0.0,0.0,10736.8046875,51.0833333333
2013.0,12.0,8.0,3.0,-2.01416666667,28.3745,-7.28083333333,67.2,1.0,0.7,4.15,171.333333333,3.052125,0.0,0.0,10736.8046875,50.4583333333
2013.0,12.0,8.0,4.0,-2.47916666667,27.5375,-7.36416666667,69.1083333333,1.0,0.366666666667,2.94166666667,164.333333333,3.121875,0.0,0.0,10736.8046875,53.4791666667
2013.0,12.0,8.0,5.0,-2.565,27.383,-7.74083333333,67.5583333333,1.0,0.433333333333,3.0,175.416666667,3.13475,0.0,0.0,10736.8046875,53.375
2013.0,12.0,8.0,6.0,-2.14916666667,28.1315,-7.65833333333,65.925,1.0,0.133333333333,1.28333333333,182.0,3.072375,0.0,0.0,10736.8046875,53.4166666667
2013.0,12.0,8.0,7.0,-1.6825,28.9715,-7.88333333333,62.5916666667,6.41666666667,0.2,2.04166666667,181.666666667,3.002375,0.0,0.0,10736.8046875,51.3125
2013.0,12.0,8.0,8.0,-1.455,29.381,-8.09916666667,60.525,36.75,0.708333333333,3.74166666667,194.166666667,2.96825,0.0,0.0,10736.8046875,51.4375
2013.0,12.0,8.0,9.0,-1.39666666667,29.486,-8.1375,60.075,30.6666666667,0.808333333333,3.76666666667,196.0,2.9595,0.0,0.0,10736.8046875,52.0625
2013.0,12.0,8.0,10.0,-1.07333333333,30.068,-7.8575,59.9583333333,34.1666666667,0.116666666667,1.45833333333,202.0,2.911,0.0,0.0,10736.8046875,52.6666666667
2013.0,12.0,8.0,11.0,-2.09416666667,28.2305,-4.62583333333,83.175,32.0833333333,0.0833333333333,1.125,199.083333333,3.064125,0.0,0.0,10736.8046875,53.4583333333
2013.0,12.0,8.0,12.0,-2.70166666667,27.137,-7.42833333333,87.1333333333,15.3333333333,0.0166666666667,0.666666666667,200.75,3.15525,0.0,0.0,10736.8046875,54.375
2013.0,12.0,8.0,13.0,-2.67666666667,27.182,-7.1575,88.9083333333,-41.25,1.88333333333,9.18333333333,206.333333333,3.1515,0.0,0.0,10736.8046875,54.5208333333
2013.0,12.0,8.0,14.0,-2.04666666667,28.316,-2.62083333333,95.9,57.5,0.166666666667,2.01666666667,212.666666667,3.057,0.0,0.0,10736.8046875,54.7291666667
2013.0,12.0,8.0,15.0,-1.89083333333,28.5965,-2.775,93.7166666667,16.6666666667,0.3,2.73333333333,197.083333333,3.033625,0.0,0.0,10736.8046875,55.7291666667
2013.0,12.0,8.0,16.0,-1.9525,28.4855,-2.645,95.0583333333,1.41666666667,0.316666666667,2.38333333333,194.166666667,3.042875,0.0,0.0,10736.8046875,54.7916666667
2013.0,12.0,8.0,17.0,-1.91,28.562,-2.60833333333,95.0083333333,1.0,0.35,2.425,198.666666667,3.0365,0.0,0.0,10736.8046875,54.6875
2013.0,12.0,8.0,18.0,-1.74416666667,28.8605,-2.405,95.275,1.0,0.791666666667,3.80833333333,196.0,3.011625,0.0,0.0,10736.8046875,54.3958333333
2013.0,12.0,8.0,19.0,-1.54416666667,29.2205,-2.34,94.3333333333,1.0,0.475,3.225,199.833333333,2.981625,0.0,0.0,10736.8046875,55.2291666667
2013.0,12.0,8.0,20.0,-1.66416666667,29.0045,-1.96,97.925,1.0,0.308333333333,1.29166666667,205.166666667,2.999625,0.0,0.0,10736.8046875,54.7291666667
2013.0,12.0,8.0,21.0,-1.48833333333,29.321,-1.49833333333,100.0,1.0,0.0,0.0,204.25,2.97325,0.0,0.0,10736.8046875,52.9166666667
2013.0,12.0,8.0,22.0,-1.01583333333,30.1715,-1.02583333333,100.0,1.0,0.0,0.0,194.916666667,2.902375,0.0,0.0,10736.8046875,52.1458333333
2013.0,12.0,8.0,23.0,-0.8375,30.4925,-0.8475,100.0,1.0,0.0,0.0,197.166666667,2.875625,0.0,0.0,10736.8046875,52.0833333333
2013.0,12.0,9.0,0.0,-0.740833333333,30.6665,-0.750833333333,100.0,1.0,0.0,0.0,202.083333333,2.861125,0.0,720.0,10736.8046875,52.6458333333
2013.0,12.0,9.0,1.0,-0.305833333333,31.4495,-0.315833333333,100.0,1.0,0.0,0.0,194.833333333,2.795875,0.0,720.0,10736.8046875,52.125
2013.0,12.0,9.0,2.0,-0.105,31.811,-0.115,100.0,1.0,0.0,0.0,200.583333333,2.76575,0.0,720.0,10736.8046875,52.4375
2013.0,12.0,9.0,3.0,-0.045,31.919,-0.0541666666667,100.0,1.0,0.0,0.0,204.0,2.75675,0.0,720.0,10736.8046875,52.0416666667
2013.0,12.0,9.0,4.0,0.124166666667,32.2235,0.124166666667,100.0,1.0,0.0,0.0,201.5,2.731375,0.0,720.0,10736.8046875,54.7083333333
2013.0,12.0,9.0,5.0,0.656666666667,33.182,0.0641666666667,95.825,1.0,0.0333333333333,0.308333333333,181.0,2.6515,0.0,720.0,10736.8046875,53.6875
2013.0,12.0,9.0,6.0,0.909166666667,33.6365,0.1075,94.3833333333,1.0,0.866666666667,4.84166666667,196.75,2.613625,0.0,720.0,10736.8046875,54.75
2013.0,12.0,9.0,7.0,1.14833333333,34.067,0.104166666667,92.7666666667,5.5,0.366666666667,2.70833333333,191.166666667,2.57775,0.0,720.0,10736.8046875,55.1041666667
2013.0,12.0,9.0,8.0,1.51333333333,34.724,0.484166666667,92.8666666667,20.75,0.0333333333333,0.933333333333,198.25,2.523,0.0,720.0,10736.8046875,56.7291666667
2013.0,12.0,9.0,9.0,1.83,35.294,1.035,94.4666666667,37.6666666667,0.0,0.05,151.583333333,2.4755,0.0,720.0,10736.8046875,59.0833333333
2013.0,12.0,9.0,10.0,2.26416666667,36.0755,1.80333333333,96.775,96.4166666667,0.0,0.05,165.5,2.410375,0.0,720.0,10736.8046875,59.8541666667
2013.0,12.0,9.0,11.0,2.33833333333,36.209,2.0,97.6333333333,88.8333333333,0.0,0.0,114.083333333,2.39925,0.0,720.0,10736.8046875,60.7291666667
2013.0,12.0,9.0,12.0,2.50583333333,36.5105,2.265,98.3,106.25,0.0666666666667,0.391666666667,71.6666666667,2.374125,0.0,720.0,10736.8046875,60.7083333333
2013.0,12.0,9.0,13.0,2.80833333333,37.055,2.78833333333,99.8583333333,89.1666666667,0.508333333333,2.59166666667,66.25,2.32875,0.0,720.0,10736.8046875,60.9166666667
2013.0,12.0,9.0,14.0,3.19833333333,37.757,3.02333333333,98.7666666667,58.5,0.55,2.80833333333,68.0,2.27025,0.0,720.0,10736.8046875,61.75
2013.0,12.0,9.0,15.0,3.15666666667,37.682,2.5125,95.525,33.9166666667,0.516666666667,2.79166666667,67.0,2.2765,0.0,720.0,10736.8046875,61.7916666667
2013.0,12.0,9.0,16.0,2.84666666667,37.124,2.23416666667,95.7333333333,3.58333333333,0.775,3.25833333333,70.1666666667,2.323,0.0,720.0,10736.8046875,62.1458333333
2013.0,12.0,9.0,17.0,2.56416666667,36.6155,2.00416666667,96.1,1.0,0.425,2.48333333333,68.5,2.365375,0.0,720.0,10736.8046875,61.6041666667
2013.0,12.0,9.0,18.0,2.49166666667,36.485,2.01333333333,96.6583333333,1.0,0.25,1.88333333333,67.5833333333,2.37625,0.0,720.0,10736.8046875,58.75
2013.0,12.0,9.0,19.0,2.52833333333,36.551,1.98166666667,96.1833333333,1.0,0.158333333333,1.25833333333,78.1666666667,2.37075,0.0,720.0,10736.8046875,58.7291666667
2013.0,12.0,9.0,20.0,2.09,35.762,1.765,97.7166666667,1.0,0.116666666667,1.35,68.75,2.4365,0.0,720.0,10736.8046875,55.4583333333
2013.0,12.0,9.0,21.0,1.98083333333,35.5655,1.68916666667,97.95,1.0,0.233333333333,1.85833333333,70.75,2.452875,0.0,720.0,10736.8046875,51.8958333333
2013.0,12.0,9.0,22.0,2.0025,35.6045,1.62916666667,97.3666666667,1.0,0.258333333333,2.06666666667,66.6666666667,2.449625,0.0,720.0,10736.8046875,52.4375
2013.0,12.0,9.0,23.0,1.615,34.907,1.305,97.825,1.0,0.3,2.44166666667,63.75,2.50775,0.0,720.0,10736.8046875,52.9166666667
2013.0,12.0,10.0,0.0,1.19333333333,34.148,1.01,98.7,1.0,0.433333333333,2.49166666667,60.1666666667,2.571,0.0,720.0,10736.8046875,51.5625
2013.0,12.0,10.0,1.0,0.994166666667,33.7895,0.771666666667,98.45,1.0,0.591666666667,2.78333333333,62.5,2.600875,0.0,720.0,10736.8046875,52.0625
2013.0,12.0,10.0,2.0,0.925,33.665,0.6375,97.975,1.0,0.408333333333,2.55833333333,66.9166666667,2.61125,0.0,720.0,10736.8046875,51.7083333333
2013.0,12.0,10.0,3.0,1.09416666667,33.9695,0.711666666667,97.3083333333,1.0,0.325,2.10833333333,65.5833333333,2.585875,0.0,720.0,10736.8046875,52.4375
2013.0,12.0,10.0,4.0,1.345,34.421,0.700833333333,95.4833333333,1.0,0.0,0.283333333333,79.6666666667,2.54825,0.0,720.0,10736.8046875,55.6875
2013.0,12.0,10.0,5.0,1.59166666667,34.865,0.6725,93.625,1.0,0.0,0.0,72.0,2.51125,0.0,720.0,10736.8046875,56.0208333333
2013.0,12.0,10.0,6.0,2.01333333333,35.624,0.153333333333,87.525,1.0,0.158333333333,2.09166666667,96.8333333333,2.448,0.0,720.0,10736.8046875,55.8125
2013.0,12.0,10.0,7.0,1.26583333333,34.2785,-0.25,90.1,1.08333333333,0.15,2.06666666667,102.666666667,2.560125,0.0,720.0,10736.8046875,54.5625
2013.0,12.0,10.0,8.0,0.005,32.009,0.005,100.0,5.16666666667,0.0,0.0,133.833333333,2.74925,0.0,720.0,10736.8046875,56.2083333333
2013.0,12.0,10.0,9.0,0.085,32.153,-0.264166666667,97.7833333333,33.75,0.0,0.0,151.333333333,2.73725,0.0,720.0,10736.8046875,59.25
2013.0,12.0,10.0,10.0,0.291666666667,32.525,-5.2525,66.3416666667,44.5833333333,0.0,0.0166666666667,156.0,2.70625,0.0,720.0,10736.8046875,61.7083333333
2013.0,12.0,10.0,11.0,0.159166666667,32.2865,-5.6375,65.0166666667,57.25,0.0,0.0,121.416666667,2.726125,0.0,720.0,10736.8046875,61.25
2013.0,12.0,10.0,12.0,0.2375,32.4275,-0.2425,96.8083333333,84.1666666667,0.0,0.0333333333333,95.1666666667,2.714375,0.0,720.0,10736.8046875,61.7708333333
2013.0,12.0,10.0,13.0,0.564166666667,33.0155,0.395833333333,98.8083333333,92.25,0.05,1.18333333333,86.9166666667,2.665375,0.0,720.0,10736.8046875,60.0833333333
2013.0,12.0,10.0,14.0,1.04833333333,33.887,-0.385833333333,90.275,125.083333333,0.0,0.258333333333,79.75,2.59275,0.0,720.0,10736.8046875,60.5625
2013.0,12.0,10.0,15.0,1.23583333333,34.2245,-1.33,83.0166666667,115.166666667,0.741666666667,3.65833333333,76.8333333333,2.564625,0.0,720.0,10736.8046875,61.4375
2013.0,12.0,10.0,16.0,0.114166666667,32.2055,-1.4425,89.3166666667,6.83333333333,0.366666666667,2.54166666667,73.5,2.732875,0.0,720.0,10736.8046875,59.8958333333
2013.0,12.0,10.0,17.0,-0.3625,31.3475,-1.41083333333,92.65,1.0,0.5,3.06666666667,70.0833333333,2.804375,0.0,720.0,10736.8046875,60.6666666667
2013.0,12.0,10.0,18.0,-0.838333333333,30.491,-1.7225,93.7583333333,1.0,0.408333333333,2.65833333333,69.0833333333,2.87575,0.0,720.0,10736.8046875,62.1041666667
2013.0,12.0,10.0,19.0,-0.858333333333,30.455,-2.29333333333,90.0666666667,1.0,0.758333333333,3.44166666667,73.5,2.87875,0.0,720.0,10736.8046875,58.6041666667
2013.0,12.0,10.0,20.0,-1.0875,30.0425,-3.35166666667,84.6083333333,1.0,0.775,3.39166666667,70.3333333333,2.913125,0.0,720.0,10736.8046875,56.7916666667
2013.0,12.0,10.0,21.0,-1.56083333333,29.1905,-4.76,78.8166666667,1.0,1.24166666667,4.41666666667,73.5,2.984125,0.0,720.0,10736.8046875,53.5625
2013.0,12.0,10.0,22.0,-1.81666666667,28.73,-5.24666666667,77.4166666667,1.0,0.941666666667,3.95833333333,74.0,3.0225,0.0,720.0,10736.8046875,52.6458333333
2013.0,12.0,10.0,23.0,-2.115,28.193,-5.1325,79.8166666667,1.0,1.10833333333,4.5,74.1666666667,3.06725,0.0,720.0,10736.8046875,51.8333333333
2013.0,12.0,11.0,0.0,-2.51916666667,27.4655,-5.37833333333,80.725,1.0,0.516666666667,3.04166666667,73.4166666667,3.127875,0.0,720.0,10736.8046875,46.8333333333
2013.0,12.0,11.0,1.0,-2.78,26.996,-5.6425,80.6666666667,1.0,0.416666666667,2.60833333333,75.5833333333,3.167,0.0,720.0,10736.8046875,45.0833333333
2013.0,12.0,11.0,2.0,-3.03083333333,26.5445,-6.02,79.8583333333,1.0,0.275,1.76666666667,73.0833333333,3.204625,0.0,720.0,10736.8046875,44.375
2013.0,12.0,11.0,3.0,-3.3775,25.9205,-6.22666666667,80.6666666667,1.0,0.05,0.7,72.9166666667,3.256625,0.0,720.0,10736.8046875,45.2916666667
2013.0,12.0,11.0,4.0,-3.6825,25.3715,-6.54333333333,80.5583333333,1.0,0.141666666667,1.50833333333,70.6666666667,3.302375,0.0,720.0,10736.8046875,47.7916666667
2013.0,12.0,11.0,5.0,-3.85,25.07,-7.04083333333,78.5166666667,1.0,0.0666666666667,1.53333333333,71.0833333333,3.3275,0.0,720.0,10736.8046875,47.0625
2013.0,12.0,11.0,6.0,-3.605,25.511,-7.41333333333,74.9,1.08333333333,0.0833333333333,1.125,73.9166666667,3.29075,0.0,720.0,10736.8046875,47.7291666667
2013.0,12.0,11.0,7.0,-2.99,26.618,-8.16666666667,67.5083333333,45.6666666667,0.533333333333,3.08333333333,72.25,3.1985,0.0,720.0,10736.8046875,47.0
2013.0,12.0,11.0,8.0,-1.77666666667,28.802,-8.55166666667,59.85,191.166666667,0.908333333333,3.89166666667,68.6666666667,3.0165,0.0,720.0,10736.8046875,47.8333333333
2013.0,12.0,11.0,9.0,-0.660833333333,30.8105,-8.5375,55.175,318.583333333,1.60833333333,4.84166666667,68.9166666667,2.849125,0.0,720.0,10736.8046875,50.0
2013.0,12.0,11.0,10.0,-0.0383333333333,31.931,-8.62833333333,52.375,328.916666667,1.4,5.04166666667,68.5,2.75575,0.0,720.0,10736.8046875,50.9375
2013.0,12.0,11.0,11.0,0.19,32.342,-8.375,52.5166666667,368.0,1.93333333333,5.89166666667,69.75,2.7215,0.0,720.0,10736.8046875,51.25
2013.0,12.0,11.0,12.0,0.461666666667,32.831,-8.25833333333,51.9833333333,422.333333333,2.10833333333,6.93333333333,69.0,2.68075,0.0,720.0,10736.8046875,51.7291666667
2013.0,12.0,11.0,13.0,1.00833333333,33.815,-8.33666666667,49.65,371.333333333,2.41666666667,7.19166666667,72.9166666667,2.59875,0.0,720.0,10736.8046875,51.8958333333
2013.0,12.0,11.0,14.0,1.8,35.24,-8.18,47.475,263.25,1.69166666667,5.975,77.3333333333,2.48,0.0,720.0,10736.8046875,54.3333333333
2013.0,12.0,11.0,15.0,1.79833333333,35.237,-7.505,50.075,121.083333333,0.583333333333,3.54166666667,76.75,2.48025,0.0,720.0,10736.8046875,52.6666666667
2013.0,12.0,11.0,16.0,0.4625,32.8325,-6.83916666667,58.0333333333,9.41666666667,0.383333333333,2.75,70.4166666667,2.680625,0.0,720.0,10736.8046875,52.3333333333
2013.0,12.0,11.0,17.0,0.0625,32.1125,-6.5725,60.9416666667,1.0,0.45,2.71666666667,75.0833333333,2.740625,0.0,720.0,10736.8046875,51.875
2013.0,12.0,11.0,18.0,-0.143333333333,31.742,-6.3025,63.1583333333,1.0,0.183333333333,1.76666666667,73.1666666667,2.7715,0.0,720.0,10736.8046875,50.5625
2013.0,12.0,11.0,19.0,-0.459166666667,31.1735,-6.34916666667,64.4,1.0,0.116666666667,1.36666666667,69.75,2.818875,0.0,720.0,10736.8046875,50.5416666667
2013.0,12.0,11.0,20.0,-0.986666666667,30.224,-6.435,66.5,1.0,0.0333333333333,0.708333333333,71.9166666667,2.898,0.0,720.0,10736.8046875,49.0208333333
2013.0,12.0,11.0,21.0,-1.35166666667,29.567,-7.06333333333,65.0833333333,1.0,0.0,0.533333333333,111.5,2.95275,0.0,720.0,10736.8046875,46.4583333333
2013.0,12.0,11.0,22.0,-1.75833333333,28.835,-7.39666666667,65.3666666667,1.0,0.0,0.3,127.416666667,3.01375,0.0,720.0,10736.8046875,44.8958333333
2013.0,12.0,11.0,23.0,-1.5775,29.1605,-7.18416666667,65.5666666667,1.0,0.0,0.0,70.3333333333,2.986625,0.0,720.0,10736.8046875,44.7708333333
2013.0,12.0,12.0,0.0,-2.02,28.364,-7.4525,66.35,1.0,0.0,0.0,92.3333333333,3.053,0.0,720.0,10736.8046875,44.3958333333
2013.0,12.0,12.0,1.0,-2.49833333333,27.503,-7.13166666667,70.475,1.0,0.0166666666667,0.825,145.166666667,3.12475,0.0,720.0,10736.8046875,44.3541666667
2013.0,12.0,12.0,2.0,-3.15916666667,26.3135,-6.67833333333,76.675,1.0,0.258333333333,1.89166666667,135.416666667,3.223875,0.0,720.0,10736.8046875,44.6875
2013.0,12.0,12.0,3.0,-3.4725,25.7495,-6.535,79.3416666667,1.0,0.0166666666667,0.841666666667,108.666666667,3.270875,0.0,720.0,10736.8046875,44.8958333333
2013.0,12.0,12.0,4.0,-3.43,25.826,-6.85916666667,77.1416666667,1.0,0.0833333333333,2.325,97.5,3.2645,0.0,720.0,10736.8046875,47.3958333333
2013.0,12.0,12.0,5.0,-3.7825,25.1915,-7.35916666667,76.2166666667,1.0,0.0166666666667,0.575,98.9166666667,3.317375,0.0,720.0,10736.8046875,47.0208333333
2013.0,12.0,12.0,6.0,-4.2875,24.2825,-7.26416666667,79.825,1.0,0.516666666667,4.125,124.583333333,3.393125,0.0,720.0,10736.8046875,47.2916666667
2013.0,12.0,12.0,7.0,-4.6,23.72,-7.26416666667,81.675,34.9166666667,0.425,2.775,137.916666667,3.44,0.0,720.0,10736.8046875,47.5
2013.0,12.0,12.0,8.0,-4.29,24.278,-7.5775,77.8916666667,92.1666666667,0.458333333333,2.80833333333,131.583333333,3.3935,0.0,720.0,10736.8046875,39.3636363636
2013.0,12.0,12.0,9.0,-3.50916666667,25.6835,-8.8225,66.6916666667,171.333333333,0.383333333333,2.73333333333,137.916666667,3.276375,0.0,720.0,10736.8046875,0.0
2013.0,12.0,17.0,21.0,-3.215,26.213,-4.98583333333,87.5916666667,1.0,0.0666666666667,1.05,173.916666667,3.23225,0.0,720.0,10736.8046875,106.285714286
2013.0,12.0,17.0,22.0,-3.65,25.43,-5.34166666667,88.0833333333,1.0,0.0833333333333,1.15833333333,181.5,3.2975,0.0,720.0,10736.8046875,66.0526315789
2013.0,12.0,17.0,23.0,-3.685,25.367,-5.4425,87.6416666667,1.0,0.0,0.125,197.416666667,3.30275,0.0,720.0,10736.8046875,52.8541666667
2013.0,12.0,18.0,0.0,-3.57,25.574,-5.52833333333,86.3166666667,1.0,0.0666666666667,1.28333333333,142.833333333,3.2855,0.0,720.0,10736.8046875,51.9583333333
2013.0,12.0,18.0,1.0,-3.535,25.637,-5.69666666667,85.0083333333,1.0,0.1,1.525,165.166666667,3.28025,0.0,720.0,10736.8046875,51.3125
2013.0,12.0,18.0,2.0,-3.92,24.944,-6.02083333333,85.35,1.0,0.2,2.25833333333,151.333333333,3.338,0.0,720.0,10736.8046875,50.8333333333
2013.0,12.0,18.0,3.0,-3.86,25.052,-5.895,85.7833333333,1.0,0.0,0.375,130.75,3.329,0.0,720.0,10736.8046875,50.8958333333
2013.0,12.0,18.0,4.0,-4.21,24.422,-5.87833333333,88.1916666667,1.0,0.0,0.0333333333333,137.333333333,3.3815,0.0,720.0,10736.8046875,53.875
2013.0,12.0,18.0,5.0,-3.685,25.367,-5.38416666667,88.025,1.0,0.0166666666667,0.525,91.75,3.30275,0.0,720.0,10736.8046875,53.1458333333
2013.0,12.0,18.0,6.0,-2.46833333333,27.557,-4.74416666667,84.4166666667,1.0,0.1,2.05,87.5833333333,3.12025,0.0,720.0,10736.8046875,53.375
2013.0,12.0,18.0,7.0,-1.10083333333,30.0185,-5.07166666667,74.5166666667,33.0,0.05,1.24166666667,90.0,2.915125,0.0,720.0,10736.8046875,52.3541666667
2013.0,12.0,18.0,8.0,0.47,32.846,-5.37333333333,64.9083333333,161.083333333,0.3,2.81666666667,90.0833333333,2.6795,0.0,720.0,10736.8046875,53.75
2013.0,12.0,18.0,9.0,2.01833333333,35.633,-5.5375,57.3333333333,292.416666667,0.825,4.85833333333,84.75,2.44725,0.0,720.0,10736.8046875,55.75
2013.0,12.0,18.0,10.0,2.87083333333,37.1675,-6.33333333333,50.7666666667,390.833333333,1.34166666667,6.95833333333,86.8333333333,2.319375,0.0,720.0,10736.8046875,57.7083333333
2013.0,12.0,18.0,11.0,3.53833333333,38.369,-7.19833333333,45.3,439.0,2.10833333333,7.35,90.6666666667,2.21925,0.0,720.0,10736.8046875,58.9375
2013.0,12.0,18.0,12.0,3.3425,38.0165,-6.44666666667,48.75,423.583333333,1.59166666667,6.5,86.5,2.248625,0.0,720.0,10736.8046875,59.0
2013.0,12.0,18.0,13.0,3.1325,37.6385,-5.83333333333,51.7416666667,331.583333333,1.775,7.03333333333,87.5,2.280125,0.0,720.0,10736.8046875,58.7083333333
2013.0,12.0,18.0,14.0,3.025,37.445,-6.18916666667,50.7333333333,192.916666667,1.15833333333,5.475,79.25,2.29625,0.0,720.0,10736.8046875,58.9791666667
2013.0,12.0,18.0,15.0,3.235,37.823,-6.71,48.0333333333,122.5,0.683333333333,4.675,81.9166666667,2.26475,0.0,720.0,10736.8046875,59.8541666667
2013.0,12.0,18.0,16.0,2.15416666667,35.8775,-6.945,50.9666666667,9.5,0.375,2.95833333333,76.5,2.426875,0.0,720.0,10736.8046875,60.25
2013.0,12.0,18.0,17.0,1.53583333333,34.7645,-6.73583333333,54.1083333333,1.0,0.308333333333,2.59166666667,76.0,2.519625,0.0,720.0,10736.8046875,60.3333333333
2013.0,12.0,18.0,18.0,0.93,33.674,-6.495,57.6,1.0,0.316666666667,2.56666666667,70.8333333333,2.6105,0.0,720.0,10736.8046875,59.0833333333
2013.0,12.0,18.0,19.0,0.464166666667,32.8355,-5.8775,62.425,1.0,0.166666666667,2.30833333333,70.1666666667,2.680375,0.0,720.0,10736.8046875,57.6041666667
2013.0,12.0,18.0,20.0,0.225833333333,32.4065,-5.5425,65.1666666667,1.0,0.05,1.04166666667,73.8333333333,2.716125,0.0,720.0,10736.8046875,55.2708333333
2013.0,12.0,18.0,21.0,0.348333333333,32.627,-5.28166666667,65.875,1.0,0.0666666666667,1.45833333333,86.6666666667,2.69775,0.0,720.0,10736.8046875,53.0416666667
2013.0,12.0,18.0,22.0,0.256666666667,32.462,-5.105,67.225,1.0,0.0166666666667,0.925,81.75,2.7115,0.0,720.0,10736.8046875,52.4583333333
2013.0,12.0,18.0,23.0,-0.3575,31.3565,-5.00916666667,70.8083333333,1.0,0.0666666666667,0.825,68.8333333333,2.803625,0.0,720.0,10736.8046875,53.2083333333
2013.0,12.0,19.0,0.0,-0.481666666667,31.133,-4.37833333333,74.9333333333,1.0,0.0,0.4,71.3333333333,2.82225,0.0,720.0,10736.8046875,52.3958333333
2013.0,12.0,19.0,1.0,-0.595833333333,30.9275,-4.06,77.4083333333,1.0,0.116666666667,1.5,70.3333333333,2.839375,0.0,720.0,10736.8046875,52.2291666667
2013.0,12.0,19.0,2.0,-1.06666666667,30.08,-4.235,79.0666666667,1.0,0.0666666666667,0.583333333333,72.1666666667,2.91,0.0,720.0,10736.8046875,52.0833333333
2013.0,12.0,19.0,3.0,-1.30583333333,29.6495,-4.04083333333,81.6583333333,1.0,0.0166666666667,0.25,71.0,2.945875,0.0,720.0,10736.8046875,51.8333333333
2013.0,12.0,19.0,4.0,-1.07,30.074,-3.97166666667,80.6666666667,1.0,0.0666666666667,1.2,69.25,2.9105,0.0,720.0,10736.8046875,54.3333333333
2013.0,12.0,19.0,5.0,-0.923333333333,30.338,-3.68083333333,81.5583333333,1.0,0.0,0.0,159.333333333,2.8885,0.0,720.0,10736.8046875,54.4375
2013.0,12.0,19.0,6.0,-0.6475,30.8345,-3.1525,83.15,1.08333333333,0.0,0.0166666666667,73.5833333333,2.847125,0.0,720.0,10736.8046875,54.75
2013.0,12.0,19.0,7.0,0.250833333333,32.4515,-2.74333333333,80.35,48.1666666667,0.0666666666667,0.6,52.0,2.712375,0.0,720.0,10736.8046875,54.875
2013.0,12.0,19.0,8.0,1.1425,34.0565,-3.0425,73.6666666667,157.916666667,1.15,4.83333333333,64.4166666667,2.578625,0.0,720.0,10736.8046875,55.8958333333
2013.0,12.0,19.0,9.0,2.62833333333,36.731,-2.8375,67.3833333333,237.75,1.14166666667,5.04166666667,64.6666666667,2.35575,0.0,720.0,10736.8046875,57.1875
2013.0,12.0,19.0,10.0,4.69666666667,40.454,-2.43583333333,59.8583333333,368.75,1.11666666667,6.13333333333,63.5833333333,2.0455,0.0,720.0,10736.8046875,52.9545454545
2013.0,12.0,19.0,11.0,6.14166666667,43.055,-1.84333333333,56.5833333333,398.5,0.766666666667,3.8,61.9166666667,1.82875,0.0,720.0,10736.8046875,59.6041666667
2013.0,12.0,19.0,12.0,6.93333333333,44.48,-1.2825,55.8333333333,383.666666667,0.216666666667,2.76666666667,60.5,1.71,0.0,720.0,10736.8046875,59.4583333333
2013.0,12.0,19.0,13.0,8.28166666667,46.907,-1.08666666667,51.675,302.666666667,0.125,1.10833333333,51.6666666667,1.50775,0.0,720.0,10736.8046875,54.7115384615
2013.0,12.0,19.0,14.0,8.73916666667,47.7305,-1.07833333333,50.075,195.666666667,0.0,0.6,47.3333333333,1.439125,0.0,720.0,10736.8046875,58.6875
2013.0,12.0,19.0,15.0,8.1525,46.6745,-1.51333333333,50.475,64.5,0.05,1.38333333333,64.1666666667,1.527125,0.0,720.0,10736.8046875,57.5208333333
2013.0,12.0,19.0,16.0,7.62583333333,45.7265,-1.4275,52.6416666667,7.16666666667,0.15,1.80833333333,68.75,1.606125,0.0,720.0,10736.8046875,57.5
2013.0,12.0,19.0,17.0,7.66416666667,45.7955,-0.973333333333,54.2916666667,1.0,0.116666666667,2.01666666667,64.3333333333,1.600375,0.0,720.0,10736.8046875,56.7291666667
2013.0,12.0,19.0,18.0,7.77833333333,46.001,-0.55,55.5583333333,1.0,0.1,1.55833333333,66.0833333333,1.58325,0.0,720.0,10736.8046875,56.9375
2013.0,12.0,19.0,19.0,7.57416666667,45.6335,-0.1875,57.85,1.0,0.0,0.175,68.3333333333,1.613875,0.0,720.0,10736.8046875,56.125
2013.0,12.0,19.0,20.0,7.3325,45.1985,-0.0516666666667,59.4,1.0,0.0,0.05,74.25,1.650125,0.0,720.0,10736.8046875,55.5833333333
2013.0,12.0,19.0,21.0,7.10833333333,44.795,0.0633333333333,60.825,1.0,0.0,0.05,74.9166666667,1.68375,0.0,720.0,10736.8046875,51.4375
2013.0,12.0,19.0,22.0,7.20416666667,44.9675,0.0975,60.5666666667,1.0,0.0166666666667,0.583333333333,80.0,1.669375,0.0,720.0,10736.8046875,49.2916666667
2013.0,12.0,19.0,23.0,7.2475,45.0455,0.240833333333,61.0166666667,1.0,0.05,1.36666666667,66.8333333333,1.662875,0.0,720.0,10736.8046875,49.7916666667
2013.0,12.0,20.0,0.0,7.37083333333,45.2675,0.240833333333,60.5083333333,1.0,0.116666666667,2.04166666667,63.4166666667,1.644375,0.0,720.0,10736.8046875,49.2291666667
2013.0,12.0,20.0,1.0,7.41333333333,45.344,0.205,60.175,1.0,0.05,0.508333333333,66.0,1.638,0.0,720.0,10736.8046875,49.0833333333
2013.0,12.0,20.0,2.0,7.15583333333,44.8805,0.188333333333,61.1916666667,1.0,0.0,0.0333333333333,76.0833333333,1.676625,0.0,720.0,10736.8046875,48.5208333333
2013.0,12.0,20.0,3.0,6.5125,43.7225,0.376666666667,64.8166666667,1.0,0.0,0.0,73.0,1.773125,0.0,720.0,10736.8046875,48.8958333333
2013.0,12.0,20.0,4.0,6.49083333333,43.6835,0.19,64.05,1.0,0.0,0.0,64.4166666667,1.776375,0.0,720.0,10736.8046875,52.1666666667
2013.0,12.0,20.0,5.0,5.71166666667,42.281,0.206666666667,67.675,1.0,0.0,0.258333333333,50.8333333333,1.89325,0.0,720.0,10736.8046875,51.3333333333
2013.0,12.0,20.0,6.0,5.4625,41.8325,0.1475,68.5583333333,1.0,0.0333333333333,0.725,68.25,1.930625,0.0,720.0,10736.8046875,51.1875
2013.0,12.0,20.0,7.0,5.51666666667,41.93,0.0491666666667,67.825,23.5,0.141666666667,1.775,69.25,1.9225,0.0,720.0,10736.8046875,52.7291666667
2013.0,12.0,20.0,8.0,6.79916666667,44.2385,-0.0283333333333,61.7333333333,122.166666667,0.0333333333333,1.08333333333,66.6666666667,1.730125,0.0,720.0,10736.8046875,52.3125
2013.0,12.0,20.0,9.0,8.41083333333,47.1395,0.0358333333333,55.575,201.916666667,0.0666666666667,0.758333333333,61.5833333333,1.488375,0.0,720.0,10736.8046875,52.7708333333
2013.0,12.0,20.0,10.0,9.70083333333,49.4615,0.26,51.7666666667,304.833333333,0.591666666667,3.40833333333,65.8333333333,1.294875,0.0,720.0,10736.8046875,55.3541666667
2013.0,12.0,20.0,11.0,11.3433333333,52.418,0.831666666667,48.3916666667,300.0,0.391666666667,3.34166666667,62.5,1.0485,0.0,720.0,10736.8046875,55.375
2013.0,12.0,20.0,12.0,11.6608333333,52.9895,1.37666666667,49.2166666667,234.666666667,0.05,1.33333333333,53.5833333333,1.000875,0.0,720.0,10736.8046875,57.4166666667
2013.0,12.0,20.0,13.0,12.1591666667,53.8865,1.40833333333,47.7333333333,272.666666667,0.225,2.10833333333,57.5833333333,0.926125,0.0,720.0,10736.8046875,57.4583333333
2013.0,12.0,20.0,14.0,12.6216666667,54.719,1.81833333333,47.6833333333,194.416666667,0.116666666667,1.50833333333,37.0833333333,0.85675,0.0,720.0,10736.8046875,56.875
2013.0,12.0,20.0,15.0,12.42,54.356,2.09,49.2666666667,82.1666666667,0.0,0.125,72.3333333333,0.887,0.0,720.0,10736.8046875,56.625
2013.0,12.0,20.0,16.0,11.5191666667,52.7345,2.40666666667,53.475,7.91666666667,0.0,0.191666666667,77.6666666667,1.022125,0.0,720.0,10736.8046875,57.3541666667
2013.0,12.0,20.0,17.0,10.8225,51.4805,3.03083333333,58.5666666667,1.0,0.0,0.183333333333,180.166666667,1.126625,0.0,720.0,10736.8046875,56.9166666667
2013.0,12.0,20.0,18.0,10.2708333333,50.4875,3.7075,63.725,1.0,0.0,0.0,275.083333333,1.209375,0.0,720.0,10736.8046875,55.8125
2013.0,12.0,20.0,19.0,10.7708333333,51.3875,5.675,70.7416666667,1.0,0.0,0.266666666667,294.166666667,1.134375,0.0,720.0,10736.8046875,54.3541666667
2013.0,12.0,20.0,20.0,10.6191666667,51.1145,6.89666666667,77.7083333333,1.0,0.0166666666667,0.375,71.25,1.157125,0.0,720.0,10736.8046875,53.125
2013.0,12.0,20.0,21.0,10.7241666667,51.3035,7.735,81.7166666667,1.0,0.0,0.0,70.1666666667,1.141375,0.0,720.0,10736.8046875,50.6458333333
2013.0,12.0,20.0,22.0,10.6633333333,51.194,8.44166666667,86.075,1.0,0.05,1.4,68.5,1.1505,0.0,720.0,10736.8046875,49.4166666667
2013.0,12.0,20.0,23.0,10.7441666667,51.3395,8.9675,88.7,1.0,0.0833333333333,1.23333333333,67.5833333333,1.138375,0.0,720.0,10736.8046875,48.8333333333
2013.0,12.0,21.0,0.0,10.7066666667,51.272,9.2875,90.8666666667,1.0,0.0166666666667,0.883333333333,70.25,1.144,0.0,0.0,10736.8046875,49.5416666667
2013.0,12.0,21.0,1.0,10.7933333333,51.428,9.595,92.225,1.0,0.0166666666667,0.2,74.5833333333,1.131,0.0,0.0,10736.8046875,49.625
2013.0,12.0,21.0,2.0,10.9616666667,51.731,9.58583333333,91.1583333333,1.0,0.0,0.4,71.75,1.10575,0.0,0.0,10736.8046875,48.625
2013.0,12.0,21.0,3.0,10.89,51.602,9.2675,89.65,1.0,0.0,0.775,55.25,1.1165,0.0,0.0,10736.8046875,49.1041666667
2013.0,12.0,21.0,4.0,11.13,52.034,9.025,86.8,1.0,0.0,0.0666666666667,86.5,1.0805,0.0,0.0,10736.8046875,51.4375
2013.0,12.0,21.0,5.0,10.8058333333,51.4505,8.7,86.7666666667,1.0,0.0,0.0833333333333,68.75,1.129125,0.0,0.0,10736.8046875,50.4166666667
2013.0,12.0,21.0,6.0,10.835,51.503,8.51333333333,85.5083333333,1.0,0.0,0.0916666666667,67.1666666667,1.12475,0.0,0.0,10736.8046875,50.2083333333
2013.0,12.0,21.0,7.0,11.0016666667,51.803,8.42416666667,84.0583333333,22.3333333333,0.0333333333333,0.616666666667,58.6666666667,1.09975,0.0,0.0,10736.8046875,44.5208333333
2013.0,12.0,21.0,8.0,11.82,53.276,8.80833333333,81.7333333333,59.6666666667,0.0,0.516666666667,61.4166666667,0.977,0.0,0.0,10736.8046875,48.4375
2013.0,12.0,21.0,9.0,13.1116666667,55.601,9.42,78.2583333333,142.666666667,0.0666666666667,0.875,57.3333333333,0.78325,0.0,0.0,10736.8046875,48.9166666667
2013.0,12.0,21.0,10.0,15.5075,59.9135,10.1808333333,70.5833333333,287.333333333,0.1,1.375,58.0,0.423875,0.0,0.0,10736.8046875,49.7708333333
2013.0,12.0,21.0,11.0,17.4933333333,63.488,10.8875,65.35,293.083333333,0.0833333333333,2.45833333333,38.9166666667,0.15225,0.02625,0.0,10736.8046875,51.0625
2013.0,12.0,21.0,12.0,18.1983333333,64.757,11.5333333333,65.0666666667,340.75,0.05,1.61666666667,38.4166666667,0.0517083333333,0.0314583333333,0.0,10736.8046875,51.9375
2013.0,12.0,21.0,13.0,19.0983333333,66.377,12.1916666667,64.1916666667,313.166666667,0.35,3.125,26.1666666667,0.0,0.11475,0.0,10736.8046875,51.625
2013.0,12.0,21.0,14.0,19.7733333333,67.592,12.2041666667,61.6166666667,230.75,0.441666666667,3.95833333333,47.1666666667,0.0,0.216,0.0,10736.8046875,52.4583333333
2013.0,12.0,21.0,15.0,19.9083333333,67.835,12.3216666667,61.575,100.25,0.0833333333333,1.86666666667,47.3333333333,0.0,0.23625,0.0,10736.8046875,52.2708333333
2013.0,12.0,21.0,16.0,18.0616666667,64.511,12.3658333333,69.3083333333,5.83333333333,0.05,0.883333333333,94.5833333333,0.0500833333333,0.00933333333333,0.0,10736.8046875,52.25
2013.0,12.0,21.0,17.0,17.2691666667,63.0845,12.4266666667,73.1166666667,1.0,0.0166666666667,0.625,46.25,0.159625,0.0,0.0,10736.8046875,52.5
2013.0,12.0,21.0,18.0,17.015,62.627,12.7625,75.9583333333,1.0,0.1,1.625,29.25,0.19775,0.0,0.0,10736.8046875,51.0208333333
2013.0,12.0,21.0,19.0,16.5725,61.8305,12.9041666667,78.85,1.0,0.0166666666667,0.483333333333,26.3333333333,0.264125,0.0,0.0,10736.8046875,51.125
2013.0,12.0,21.0,20.0,16.265,61.277,13.1116666667,81.5,1.0,0.0333333333333,1.39166666667,19.8333333333,0.31025,0.0,0.0,10736.8046875,50.9791666667
2013.0,12.0,21.0,21.0,16.2033333333,61.166,13.3258333333,82.9583333333,1.0,0.0833333333333,1.75833333333,76.0833333333,0.3195,0.0,0.0,10736.8046875,48.6458333333
2013.0,12.0,21.0,22.0,17.0983333333,62.777,13.9758333333,81.7583333333,1.0,0.15,2.46666666667,46.3333333333,0.18525,0.0,0.0,10736.8046875,49.0416666667
2013.0,12.0,21.0,23.0,17.3541666667,63.2375,14.5141666667,83.3083333333,1.0,0.333333333333,3.325,16.5,0.146875,0.0,0.0,10736.8046875,49.375
2013.0,12.0,22.0,0.0,17.0733333333,62.732,14.7983333333,86.3583333333,1.0,0.283333333333,3.58333333333,20.6666666667,0.189,0.0,0.0,10736.8046875,49.4166666667
2013.0,12.0,22.0,1.0,17.1958333333,62.9525,15.3058333333,88.5416666667,1.0,0.225,3.28333333333,76.4166666667,0.170625,0.0,0.0,10736.8046875,49.1041666667
2013.0,12.0,22.0,2.0,17.995,64.391,16.2491666667,89.425,1.0,0.458333333333,3.125,23.25,0.0673333333333,0.0165833333333,0.0,10736.8046875,48.9375
2013.0,12.0,22.0,3.0,18.935,66.083,16.9041666667,87.8916666667,1.0,0.683333333333,5.875,34.6666666667,0.0,0.09025,0.0,10736.8046875,49.5625
2013.0,12.0,22.0,4.0,19.105,66.389,17.1233333333,88.1666666667,1.0,0.983333333333,6.45833333333,27.1666666667,0.0,0.11575,0.0,10736.8046875,53.125
2013.0,12.0,22.0,5.0,19.1766666667,66.518,17.1691666667,88.0416666667,1.0,1.20833333333,7.04166666667,29.6666666667,0.0,0.1265,0.0,10736.8046875,52.6875
2013.0,12.0,22.0,6.0,19.3308333333,66.7955,17.0625,86.6083333333,1.08333333333,0.675,5.80833333333,47.3333333333,0.0,0.149625,0.0,10736.8046875,50.375
2013.0,12.0,22.0,7.0,19.07,66.326,16.7733333333,86.4333333333,26.5,0.15,3.23333333333,48.75,0.0,0.1105,0.0,10736.8046875,48.875
2013.0,12.0,22.0,8.0,19.5525,67.1945,16.9883333333,85.025,45.0,0.291666666667,3.73333333333,58.75,0.0,0.182875,0.0,10736.8046875,48.3125
2013.0,12.0,22.0,9.0,18.2725,64.8905,11.3825,79.7,31.3333333333,0.625,3.925,74.25,0.100291666667,0.0911666666667,0.0,10736.8046875,48.1458333333
2013.0,12.0,22.0,10.0,17.2725,63.0905,-39.4216666667,1.0,91.75,0.175,2.09166666667,63.6666666667,0.159125,0.0,0.0,10736.8046875,48.8333333333
2013.0,12.0,22.0,11.0,18.2475,64.8455,4.1075,71.4166666667,94.8333333333,0.15,1.45833333333,62.1666666667,0.0246666666667,0.0117916666667,0.0,10736.8046875,50.2916666667
2013.0,12.0,22.0,12.0,19.4208333333,66.9575,16.9683333333,85.65,147.833333333,0.166666666667,2.55833333333,39.9166666667,0.0,0.163125,0.0,10736.8046875,51.6041666667
2013.0,12.0,22.0,13.0,18.4575,65.2235,16.9658333333,90.9583333333,57.4166666667,0.741666666667,4.31666666667,101.25,0.0145833333333,0.0332083333333,0.0,10736.8046875,51.4791666667
2013.0,12.0,22.0,14.0,17.9183333333,64.253,15.8558333333,87.6416666667,46.1666666667,1.06666666667,5.91666666667,66.3333333333,0.06225,0.0,0.0,10736.8046875,50.4166666667
2013.0,12.0,22.0,15.0,17.8225,64.0805,14.8658333333,82.7333333333,24.3333333333,0.458333333333,3.70833333333,83.0,0.076625,0.0,0.0,10736.8046875,50.7708333333
2013.0,12.0,22.0,16.0,17.1658333333,62.8985,14.4933333333,84.2,1.58333333333,0.175,1.99166666667,111.0,0.175125,0.0,0.0,10736.8046875,50.7708333333
2013.0,12.0,22.0,17.0,16.8308333333,62.2955,14.7458333333,87.4166666667,1.0,1.08333333333,5.525,122.333333333,0.225375,0.0,0.0,10736.8046875,51.8958333333
2013.0,12.0,22.0,18.0,16.5625,61.8125,14.7633333333,89.025,1.0,0.575,3.475,52.0,0.265625,0.0,0.0,10736.8046875,51.7083333333
2013.0,12.0,22.0,19.0,16.6383333333,61.949,14.7025,88.2333333333,1.0,0.225,2.35,50.0833333333,0.25425,0.0,0.0,10736.8046875,52.0
2013.0,12.0,22.0,20.0,16.3141666667,61.3655,14.4183333333,88.4416666667,1.0,0.225,2.24166666667,54.3333333333,0.302875,0.0,0.0,10736.8046875,50.7291666667
2013.0,12.0,22.0,21.0,15.9991666667,60.7985,14.1533333333,88.7083333333,1.0,0.533333333333,2.925,71.4166666667,0.350125,0.0,0.0,10736.8046875,48.1458333333
2013.0,12.0,22.0,22.0,15.7591666667,60.3665,14.0375,89.4,1.0,0.141666666667,1.51666666667,65.9166666667,0.386125,0.0,0.0,10736.8046875,48.0
2013.0,12.0,22.0,23.0,15.6483333333,60.167,14.1958333333,90.9666666667,1.0,0.0,0.341666666667,59.3333333333,0.40275,0.0,0.0,10736.8046875,47.7916666667
2013.0,12.0,23.0,0.0,15.7083333333,60.275,14.365,91.6083333333,1.0,0.441666666667,3.16666666667,70.75,0.39375,0.0,720.0,10736.8046875,47.4791666667
2013.0,12.0,23.0,1.0,15.7133333333,60.284,14.5183333333,92.5,1.0,0.0,0.575,61.25,0.393,0.0,720.0,10736.8046875,47.4583333333
2013.0,12.0,23.0,2.0,15.9933333333,60.788,14.7758333333,92.3833333333,1.0,0.183333333333,1.53333333333,71.1666666667,0.351,0.0,720.0,10736.8046875,46.8541666667
2013.0,12.0,23.0,3.0,15.8658333333,60.5585,14.9183333333,94.0083333333,1.0,0.291666666667,2.55,67.4166666667,0.370125,0.0,720.0,10736.8046875,48.1041666667
2013.0,12.0,23.0,4.0,15.0575,59.1035,14.9766666667,99.3666666667,1.0,0.0166666666667,0.55,75.0833333333,0.491375,0.0,720.0,10736.8046875,51.3541666667
2013.0,12.0,23.0,5.0,15.1958333333,59.3525,14.9266666667,98.1666666667,1.0,0.0,0.0,78.5833333333,0.470625,0.0,720.0,10736.8046875,50.0208333333
2013.0,12.0,23.0,6.0,15.2475,59.4455,-22.6725,19.7083333333,1.0,0.0833333333333,1.01666666667,68.25,0.462875,0.0,720.0,10736.8046875,49.8333333333
2013.0,12.0,23.0,7.0,15.2466666667,59.444,-40.6533333333,1.0,3.75,0.0,0.0,80.1666666667,0.463,0.0,720.0,10736.8046875,48.9375
2013.0,12.0,23.0,8.0,15.4108333333,59.7395,-40.5525,1.0,13.5,0.0,0.0,149.916666667,0.438375,0.0,720.0,10736.8046875,50.25
2013.0,12.0,23.0,9.0,15.5133333333,59.924,-40.4883333333,1.0,18.0,0.0666666666667,1.21666666667,319.75,0.423,0.0,720.0,10736.8046875,52.5208333333
2013.0,12.0,23.0,10.0,15.8741666667,60.5735,-40.27,1.0,18.5,0.0833333333333,1.30833333333,140.333333333,0.368875,0.0,720.0,10736.8046875,53.6875
2013.0,12.0,23.0,11.0,15.7458333333,60.3425,-40.3491666667,1.0,14.3333333333,0.425,2.98333333333,97.0833333333,0.388125,0.0,720.0,10736.8046875,56.2291666667
2013.0,12.0,23.0,12.0,13.7808333333,56.8055,-41.5441666667,1.0,36.9166666667,0.566666666667,3.96666666667,132.583333333,0.682875,0.0,720.0,10736.8046875,55.1041666667
2013.0,12.0,23.0,13.0,12.5325,54.5585,-10.3608333333,58.4083333333,31.9166666667,0.208333333333,2.56666666667,149.416666667,0.870125,0.0,720.0,10736.8046875,55.9583333333
2013.0,12.0,23.0,14.0,11.9566666667,53.522,11.9666666667,100.0,28.5833333333,0.1,1.54166666667,132.833333333,0.9565,0.0,720.0,10736.8046875,54.4375
2013.0,12.0,23.0,15.0,11.3608333333,52.4495,10.1608333333,92.6,8.25,0.283333333333,2.81666666667,141.5,1.045875,0.0,720.0,10736.8046875,54.1458333333
2013.0,12.0,23.0,16.0,10.5216666667,50.939,9.5625,94.4833333333,1.25,0.1,1.80833333333,116.166666667,1.17175,0.0,720.0,10736.8046875,54.9583333333
2013.0,12.0,23.0,17.0,9.85833333333,49.745,9.51833333333,97.6916666667,1.0,0.175,2.24166666667,107.833333333,1.27125,0.0,720.0,10736.8046875,54.2708333333
2013.0,12.0,23.0,18.0,9.57916666667,49.2425,7.52166666667,87.1,1.0,0.625,4.375,114.833333333,1.313125,0.0,720.0,10736.8046875,54.125
2013.0,12.0,23.0,19.0,8.5275,47.3495,5.53083333333,81.425,1.0,1.06666666667,5.29166666667,113.583333333,1.470875,0.0,720.0,10736.8046875,53.0
2013.0,12.0,23.0,20.0,7.565,45.617,3.865,77.4083333333,1.0,0.958333333333,4.76666666667,127.166666667,1.61525,0.0,720.0,10736.8046875,51.625
2013.0,12.0,23.0,21.0,6.93333333333,44.48,2.41416666667,72.9,1.0,0.8,5.20833333333,128.75,1.71,0.0,720.0,10736.8046875,48.8541666667
2013.0,12.0,23.0,22.0,6.34083333333,43.4135,1.72166666667,72.2583333333,1.0,0.533333333333,4.40833333333,127.083333333,1.798875,0.0,720.0,10736.8046875,48.625
2013.0,12.0,23.0,23.0,5.50916666667,41.9165,0.685,71.05,1.0,0.616666666667,3.925,136.416666667,1.923625,0.0,720.0,10736.8046875,47.6875
2013.0,12.0,24.0,0.0,4.9125,40.8425,0.2775,71.9166666667,1.0,0.6,4.34166666667,137.833333333,2.013125,0.0,720.0,10736.8046875,48.0833333333
2013.0,12.0,24.0,1.0,4.14583333333,39.4625,-1.8975,64.825,1.0,0.833333333333,5.06666666667,160.25,2.128125,0.0,720.0,10736.8046875,47.375
2013.0,12.0,24.0,2.0,3.4075,38.1335,-3.34916666667,61.2083333333,1.0,0.625,4.3,150.5,2.238875,0.0,720.0,10736.8046875,46.8333333333
2013.0,12.0,24.0,3.0,2.65333333333,36.776,-3.49416666667,63.875,1.0,0.591666666667,4.41666666667,159.583333333,2.352,0.0,720.0,10736.8046875,48.4791666667
2013.0,12.0,24.0,4.0,2.28083333333,36.1055,-4.87166666667,59.1666666667,1.0,0.716666666667,5.14166666667,163.416666667,2.407875,0.0,720.0,10736.8046875,51.5833333333
2013.0,12.0,24.0,5.0,1.6125,34.9025,-5.5825,58.7833333333,1.0,0.741666666667,4.49166666667,170.083333333,2.508125,0.0,720.0,10736.8046875,50.625
2013.0,12.0,24.0,6.0,0.993333333333,33.788,-5.53916666667,61.6583333333,1.0,0.841666666667,4.19166666667,181.166666667,2.601,0.0,720.0,10736.8046875,51.1041666667
2013.0,12.0,24.0,7.0,0.671666666667,33.209,-5.27833333333,64.3666666667,7.75,0.408333333333,3.19166666667,183.75,2.64925,0.0,720.0,10736.8046875,48.9583333333
2013.0,12.0,24.0,8.0,2.19916666667,35.9585,-5.48083333333,57.1833333333,133.5,0.108333333333,1.54166666667,160.166666667,2.420125,0.0,720.0,10736.8046875,49.2083333333
2013.0,12.0,24.0,9.0,3.50833333333,38.315,-6.43166666667,48.1416666667,299.916666667,0.7,4.14166666667,151.833333333,2.22375,0.0,720.0,10736.8046875,49.875
2013.0,12.0,24.0,10.0,4.635,40.343,-6.58166666667,43.9666666667,391.083333333,1.01666666667,4.7,149.416666667,2.05475,0.0,720.0,10736.8046875,50.875
2013.0,12.0,24.0,11.0,5.51166666667,41.921,-6.24833333333,42.4333333333,437.833333333,0.591666666667,4.625,127.5,1.92325,0.0,720.0,10736.8046875,52.1666666667
2013.0,12.0,24.0,12.0,4.5425,40.1765,-5.51833333333,48.0416666667,273.916666667,0.783333333333,5.23333333333,113.0,2.068625,0.0,720.0,10736.8046875,51.7083333333
2013.0,12.0,24.0,13.0,3.76333333333,38.774,-5.27916666667,51.6083333333,177.166666667,0.858333333333,4.70833333333,100.166666667,2.1855,0.0,720.0,10736.8046875,52.0
2013.0,12.0,24.0,14.0,3.9425,39.0965,-5.70666666667,49.3333333333,161.166666667,0.566666666667,3.88333333333,105.833333333,2.158625,0.0,720.0,10736.8046875,52.125
2013.0,12.0,24.0,15.0,3.55583333333,38.4005,-5.34416666667,52.1166666667,69.3333333333,0.941666666667,4.63333333333,102.333333333,2.216625,0.0,720.0,10736.8046875,51.0416666667
2013.0,12.0,24.0,16.0,2.90083333333,37.2215,-5.42166666667,54.2666666667,9.58333333333,0.991666666667,4.60833333333,89.8333333333,2.314875,0.0,720.0,10736.8046875,50.9375
2013.0,12.0,24.0,17.0,0.926666666667,33.668,-2.16583333333,80.3833333333,1.0,2.11666666667,7.24166666667,91.1666666667,2.611,0.0,720.0,10736.8046875,51.2916666667
2013.0,12.0,24.0,18.0,0.489166666667,32.8805,-4.22833333333,70.8833333333,1.0,1.66666666667,7.20833333333,99.8333333333,2.676625,0.0,720.0,10736.8046875,51.875
2013.0,12.0,24.0,19.0,-0.463333333333,31.166,-8.99583333333,52.475,1.0,1.96666666667,7.725,101.0,2.8195,0.0,720.0,10736.8046875,51.25
2013.0,12.0,24.0,20.0,-1.67166666667,28.991,-10.4741666667,51.0416666667,1.0,1.75,6.96666666667,103.666666667,3.00075,0.0,720.0,10736.8046875,49.9166666667
2013.0,12.0,24.0,21.0,-2.27416666667,27.9065,-10.5908333333,52.8416666667,1.0,0.983333333333,5.475,104.0,3.091125,0.0,720.0,10736.8046875,48.0416666667
2013.0,12.0,24.0,22.0,-2.68416666667,27.1685,-10.7925,53.6083333333,1.0,0.833333333333,4.775,106.75,3.152625,0.0,720.0,10736.8046875,47.4791666667
2013.0,12.0,24.0,23.0,-3.06916666667,26.4755,-10.7475,55.375,1.0,1.04166666667,5.61666666667,107.416666667,3.210375,0.0,720.0,10736.8046875,47.7083333333
2013.0,12.0,25.0,0.0,-3.59,25.538,-10.3858333333,59.25,1.0,0.258333333333,2.81666666667,112.5,3.2885,0.0,720.0,10736.8046875,47.125
2013.0,12.0,25.0,1.0,-3.9825,24.8315,-10.6033333333,59.975,1.0,0.183333333333,2.33333333333,104.916666667,3.347375,0.0,720.0,10736.8046875,47.3125
2013.0,12.0,25.0,2.0,-4.1825,24.4715,-10.7166666667,60.3416666667,1.0,0.1,1.475,103.833333333,3.377375,0.0,720.0,10736.8046875,47.625
2013.0,12.0,25.0,3.0,-4.5525,23.8055,-11.545,58.225,1.0,0.75,4.3,130.916666667,3.432875,0.0,720.0,10736.8046875,47.625
2013.0,12.0,25.0,4.0,-5.08416666667,22.8485,-13.0366666667,53.6,1.0,0.666666666667,4.11666666667,132.5,3.512625,0.0,720.0,10736.8046875,50.5
2013.0,12.0,25.0,5.0,-5.57,21.974,-13.2375,54.725,1.0,0.425,3.275,144.166666667,3.5855,0.0,720.0,10736.8046875,50.5833333333
2013.0,12.0,25.0,6.0,-6.07916666667,21.0575,-13.3316666667,56.4666666667,1.0,0.3,2.68333333333,133.0,3.661875,0.0,720.0,10736.8046875,50.3125
2013.0,12.0,25.0,7.0,-5.48916666667,22.1195,-13.7458333333,52.2333333333,32.0833333333,0.133333333333,2.325,155.083333333,3.573375,0.0,720.0,10736.8046875,49.1041666667
2013.0,12.0,25.0,8.0,-4.155,24.521,-14.4691666667,44.475,175.333333333,0.583333333333,3.775,155.75,3.37325,0.0,720.0,10736.8046875,48.8958333333
2013.0,12.0,25.0,9.0,-2.91083333333,26.7605,-14.3825,40.8666666667,303.083333333,0.225,1.80833333333,158.416666667,3.186625,0.0,720.0,10736.8046875,49.0833333333
2013.0,12.0,25.0,10.0,-2.155,28.121,-13.9816666667,39.925,367.166666667,0.116666666667,1.93333333333,171.0,3.07325,0.0,720.0,10736.8046875,49.9583333333
2013.0,12.0,25.0,11.0,-1.68416666667,28.9685,-13.7625,39.1916666667,331.333333333,0.0,0.291666666667,134.416666667,3.002625,0.0,720.0,10736.8046875,49.3541666667
2013.0,12.0,25.0,12.0,-0.863333333333,30.446,-13.4733333333,37.85,414.25,0.0,0.233333333333,159.916666667,2.8795,0.0,720.0,10736.8046875,50.2083333333
2013.0,12.0,25.0,13.0,-0.91,30.362,-12.9366666667,39.575,365.75,0.0,0.333333333333,174.833333333,2.8865,0.0,720.0,10736.8046875,50.1458333333
2013.0,12.0,25.0,14.0,-0.24,31.568,-12.6941666667,38.45,304.25,0.0,0.0166666666667,210.666666667,2.786,0.0,720.0,10736.8046875,50.2291666667
2013.0,12.0,25.0,15.0,0.839166666667,33.5105,-12.1233333333,37.2416666667,152.166666667,0.0,0.1,245.666666667,2.624125,0.0,720.0,10736.8046875,51.5625
2013.0,12.0,25.0,16.0,-0.8775,30.4205,-12.0358333333,42.5,17.3333333333,0.0166666666667,0.533333333333,311.833333333,2.881625,0.0,720.0,10736.8046875,52.4791666667
2013.0,12.0,25.0,17.0,-1.26833333333,29.717,-11.7625,44.6666666667,1.0,0.0,0.183333333333,306.666666667,2.94025,0.0,720.0,10736.8046875,52.0625
2013.0,12.0,25.0,18.0,-1.16333333333,29.906,-11.5891666667,44.9416666667,1.0,0.0,0.533333333333,319.583333333,2.9245,0.0,720.0,10736.8046875,52.3541666667
2013.0,12.0,25.0,19.0,-1.17166666667,29.891,-11.4541666667,45.4666666667,1.0,0.116666666667,1.41666666667,299.666666667,2.92575,0.0,720.0,10736.8046875,51.5833333333
2013.0,12.0,25.0,20.0,-1.17666666667,29.882,-11.0525,46.9833333333,1.0,0.0333333333333,0.741666666667,308.916666667,2.9265,0.0,720.0,10736.8046875,49.6041666667
2013.0,12.0,25.0,21.0,-1.33916666667,29.5895,-9.52166666667,53.7333333333,1.0,0.15,2.375,330.166666667,2.950875,0.0,720.0,10736.8046875,47.2708333333
2013.0,12.0,25.0,22.0,-1.80333333333,28.754,-8.29916666667,61.1583333333,1.0,0.225,2.25833333333,337.5,3.0205,0.0,720.0,10736.8046875,47.6666666667
2013.0,12.0,25.0,23.0,-1.90666666667,28.568,-7.43583333333,65.875,1.0,0.2,2.24166666667,333.416666667,3.036,0.0,720.0,10736.8046875,47.9375
2013.0,12.0,26.0,0.0,-1.87166666667,28.631,-6.74083333333,69.3333333333,1.0,0.0333333333333,0.85,321.5,3.03075,0.0,720.0,10736.8046875,48.0416666667
2013.0,12.0,26.0,1.0,-2.0275,28.3505,-6.22916666667,72.9416666667,1.0,0.0,0.191666666667,315.916666667,3.054125,0.0,720.0,10736.8046875,47.75
2013.0,12.0,26.0,2.0,-2.15083333333,28.1285,-5.995,74.95,1.0,0.0,0.0166666666667,237.0,3.072625,0.0,720.0,10736.8046875,47.125
2013.0,12.0,26.0,3.0,-2.34833333333,27.773,-5.86416666667,76.8166666667,1.0,0.0,0.0,322.916666667,3.10225,0.0,720.0,10736.8046875,47.3333333333
2013.0,12.0,26.0,4.0,-2.355,27.761,-5.9625,76.2916666667,1.0,0.0,0.0,91.6666666667,3.10325,0.0,720.0,10736.8046875,49.2916666667
2013.0,12.0,26.0,5.0,-2.3775,27.7205,-5.56666666667,78.7583333333,1.0,0.0,0.0,253.833333333,3.106625,0.0,720.0,10736.8046875,49.7916666667
2013.0,12.0,26.0,6.0,-2.13333333333,28.16,-5.02666666667,80.5666666667,1.0,0.0,0.0,234.416666667,3.07,0.0,720.0,10736.8046875,49.7291666667
2013.0,12.0,26.0,7.0,-1.63333333333,29.06,-4.67333333333,79.7583333333,9.08333333333,0.0,0.0,188.0,2.995,0.0,720.0,10736.8046875,49.0625
2013.0,12.0,26.0,8.0,-0.848333333333,30.473,-4.38666666667,76.95,48.25,0.0,0.0583333333333,149.5,2.87725,0.0,720.0,10736.8046875,49.2291666667
2013.0,12.0,26.0,9.0,-0.2125,31.6175,-4.40583333333,73.3333333333,82.25,0.0,0.175,112.333333333,2.781875,0.0,720.0,10736.8046875,49.6041666667
2013.0,12.0,26.0,10.0,0.0116666666667,32.021,-4.2625,72.925,93.6666666667,0.166666666667,1.88333333333,136.666666667,2.74825,0.0,720.0,10736.8046875,51.1666666667
2013.0,12.0,26.0,11.0,1.30833333333,34.355,-4.08916666667,67.4666666667,312.5,1.475,5.81666666667,62.9166666667,2.55375,0.0,720.0,10736.8046875,52.0833333333
2013.0,12.0,26.0,12.0,2.04083333333,35.6735,-3.22166666667,68.125,263.916666667,1.025,4.39166666667,65.25,2.443875,0.0,720.0,10736.8046875,52.5416666667
2013.0,12.0,26.0,13.0,3.38916666667,38.1005,-2.62333333333,64.6916666667,364.916666667,1.01666666667,5.25833333333,67.4166666667,2.241625,0.0,720.0,10736.8046875,53.0625
2013.0,12.0,26.0,14.0,4.8675,40.7615,-2.48916666667,59.0166666667,285.75,1.83333333333,6.44166666667,74.0833333333,2.019875,0.0,720.0,10736.8046875,52.8333333333
2013.0,12.0,26.0,15.0,5.255,41.459,-3.69416666667,52.4,151.25,1.575,6.94166666667,87.3333333333,1.96175,0.0,720.0,10736.8046875,53.625
2013.0,12.0,26.0,16.0,3.51666666667,38.33,-3.955,58.1,14.5,0.308333333333,2.96666666667,99.25,2.2225,0.0,720.0,10736.8046875,54.5208333333
2013.0,12.0,26.0,17.0,2.625,36.725,-3.73583333333,62.8666666667,1.0,0.0166666666667,0.591666666667,93.0833333333,2.35625,0.0,720.0,10736.8046875,54.0416666667
2013.0,12.0,26.0,18.0,2.17416666667,35.9135,-3.49333333333,66.1,1.0,0.0166666666667,0.766666666667,90.6666666667,2.423875,0.0,720.0,10736.8046875,53.25
2013.0,12.0,26.0,19.0,1.8775,35.3795,-3.35333333333,68.2333333333,1.0,0.0,0.05,86.25,2.468375,0.0,720.0,10736.8046875,52.625
2013.0,12.0,26.0,20.0,1.91166666667,35.441,-3.6325,66.6583333333,1.0,0.05,0.758333333333,84.5833333333,2.46325,0.0,720.0,10736.8046875,51.8958333333
2013.0,12.0,26.0,21.0,1.59166666667,34.865,-3.915,66.7833333333,1.0,0.0333333333333,0.633333333333,89.8333333333,2.51125,0.0,720.0,10736.8046875,49.2708333333
2013.0,12.0,26.0,22.0,1.005,33.809,-4.18666666667,68.2416666667,1.0,0.0,0.0,92.0833333333,2.59925,0.0,720.0,10736.8046875,48.0416666667
2013.0,12.0,26.0,23.0,0.888333333333,33.599,-4.14,69.075,1.0,0.0,0.0,89.5833333333,2.61675,0.0,720.0,10736.8046875,48.6041666667
2013.0,12.0,27.0,0.0,0.836666666667,33.506,-4.30583333333,68.475,1.0,0.0,0.0,95.9166666667,2.6245,0.0,720.0,10736.8046875,48.9583333333
2013.0,12.0,27.0,1.0,0.5025,32.9045,-4.5275,68.975,1.0,0.0,0.416666666667,87.1666666667,2.674625,0.0,720.0,10736.8046875,48.6666666667
2013.0,12.0,27.0,2.0,0.148333333333,32.267,-4.70333333333,69.85,1.0,0.0,0.0166666666667,93.4166666667,2.72775,0.0,720.0,10736.8046875,48.2708333333
2013.0,12.0,27.0,3.0,0.14,32.252,-5.14083333333,67.6083333333,1.0,0.0,0.266666666667,95.3333333333,2.729,0.0,720.0,10736.8046875,48.0208333333
2013.0,12.0,27.0,4.0,-0.104166666667,31.8125,-5.45333333333,67.2083333333,1.0,0.0166666666667,0.225,96.5833333333,2.765625,0.0,720.0,10736.8046875,50.3125
2013.0,12.0,27.0,5.0,-0.515,31.073,-5.77333333333,67.5833333333,1.0,0.0,0.0,101.166666667,2.82725,0.0,720.0,10736.8046875,49.25
2013.0,12.0,27.0,6.0,-0.704166666667,30.7325,-6.15666666667,66.5416666667,1.0,0.0,0.0,100.583333333,2.855625,0.0,720.0,10736.8046875,49.7916666667
2013.0,12.0,27.0,7.0,-0.165833333333,31.7015,-6.4575,62.6083333333,28.75,0.0,0.0,94.5,2.774875,0.0,720.0,10736.8046875,49.2291666667
2013.0,12.0,27.0,8.0,2.26833333333,36.083,-7.15166666667,49.825,164.5,0.0,0.0,73.1666666667,2.40975,0.0,720.0,10736.8046875,49.5625
2013.0,12.0,27.0,9.0,3.595,38.471,-7.33666666667,44.625,315.416666667,0.0,0.133333333333,67.5833333333,2.21075,0.0,720.0,10736.8046875,49.3125
2013.0,12.0,27.0,10.0,3.455,38.219,-6.58166666667,47.7666666667,232.083333333,0.458333333333,2.2,67.8333333333,2.23175,0.0,720.0,10736.8046875,50.375
2013.0,12.0,27.0,11.0,4.99166666667,40.985,-6.36083333333,43.7333333333,340.583333333,0.758333333333,4.05833333333,73.75,2.00125,0.0,720.0,10736.8046875,51.3125
2013.0,12.0,27.0,12.0,5.90166666667,42.623,-5.84333333333,42.625,379.0,0.875,3.78333333333,63.8333333333,1.86475,0.0,720.0,10736.8046875,52.0416666667
2013.0,12.0,27.0,13.0,6.56416666667,43.8155,-5.47333333333,41.85,376.0,1.79166666667,5.75,70.75,1.765375,0.0,720.0,10736.8046875,52.0833333333
2013.0,12.0,27.0,14.0,7.79916666667,46.0385,-5.9775,37.1166666667,257.833333333,1.05833333333,4.79166666667,71.25,1.580125,0.0,720.0,10736.8046875,53.0416666667
2013.0,12.0,27.0,15.0,8.19583333333,46.7525,-6.13166666667,35.6583333333,123.0,0.691666666667,4.0,71.25,1.520625,0.0,720.0,10736.8046875,51.1666666667
2013.0,12.0,27.0,16.0,6.43833333333,43.589,-4.92083333333,44.0666666667,17.5,1.01666666667,3.70833333333,67.6666666667,1.78425,0.0,720.0,10736.8046875,51.7916666667
2013.0,12.0,27.0,17.0,5.4975,41.8955,-4.7275,47.6666666667,1.0,0.05,1.05,75.5,1.925375,0.0,720.0,10736.8046875,52.4791666667
2013.0,12.0,27.0,18.0,5.01833333333,41.033,-4.91166666667,48.6,1.0,0.0166666666667,0.458333333333,76.4166666667,1.99725,0.0,720.0,10736.8046875,52.0208333333
2013.0,12.0,27.0,19.0,4.48,40.064,-5.08166666667,49.825,1.0,0.0,0.0,94.0833333333,2.078,0.0,720.0,10736.8046875,50.7708333333
2013.0,12.0,27.0,20.0,4.145,39.461,-4.62666666667,52.8,1.0,0.0,0.0,86.5,2.12825,0.0,720.0,10736.8046875,50.375
2013.0,12.0,27.0,21.0,3.325,37.985,-4.40333333333,56.9,1.0,0.0,0.0,86.0,2.25125,0.0,720.0,10736.8046875,48.7083333333
2013.0,12.0,27.0,22.0,2.88,37.184,-4.37833333333,58.825,1.0,0.0,0.0,81.0,2.318,0.0,720.0,10736.8046875,48.1875
2013.0,12.0,27.0,23.0,2.86333333333,37.154,-4.08833333333,60.2416666667,1.0,0.0,0.0,84.25,2.3205,0.0,720.0,10736.8046875,48.5625
2013.0,12.0,28.0,0.0,2.22416666667,36.0035,-2.85666666667,69.075,1.0,0.0833333333333,0.716666666667,84.1666666667,2.416375,0.0,0.0,10736.8046875,48.6041666667
2013.0,12.0,28.0,1.0,1.55083333333,34.7915,-2.72916666667,73.175,1.0,0.0833333333333,1.01666666667,70.9166666667,2.517375,0.0,0.0,10736.8046875,47.9166666667
2013.0,12.0,28.0,2.0,1.04,33.872,-2.46666666667,77.4166666667,1.0,0.341666666667,2.74166666667,68.4166666667,2.594,0.0,0.0,10736.8046875,48.0
2013.0,12.0,28.0,3.0,0.540833333333,32.9735,-2.125,82.325,1.0,0.1,0.933333333333,72.9166666667,2.668875,0.0,0.0,10736.8046875,48.7083333333
2013.0,12.0,28.0,4.0,0.508333333333,32.915,-1.83416666667,84.3,1.0,0.0833333333333,1.26666666667,69.3333333333,2.67375,0.0,0.0,10736.8046875,49.5
2013.0,12.0,28.0,5.0,0.345,32.621,-1.88416666667,84.9916666667,1.0,0.0833333333333,1.35,65.6666666667,2.69825,0.0,0.0,10736.8046875,48.8958333333
2013.0,12.0,28.0,6.0,0.356666666667,32.642,-1.85666666667,85.0833333333,1.0,0.133333333333,2.075,69.8333333333,2.6965,0.0,0.0,10736.8046875,49.0833333333
2013.0,12.0,28.0,7.0,0.933333333333,33.68,-1.97833333333,80.9666666667,29.0833333333,0.0833333333333,1.85,70.5,2.61,0.0,0.0,10736.8046875,11.7291666667
2013.0,12.0,28.0,8.0,3.62083333333,38.5175,-2.305,65.2666666667,168.5,0.0,0.108333333333,61.1666666667,2.206875,0.0,0.0,10736.8046875,0.0
2013.0,12.0,28.0,9.0,4.95916666667,40.9265,-1.6925,62.1333333333,263.416666667,0.275,2.56666666667,64.4166666667,2.006125,0.0,0.0,10736.8046875,0.0
2013.0,12.0,28.0,10.0,7.23916666667,45.0305,-1.68916666667,53.1583333333,374.583333333,0.925,4.4,69.1666666667,1.664125,0.0,0.0,10736.8046875,0.0
2013.0,12.0,28.0,11.0,10.1058333333,50.1905,-1.50916666667,44.3,425.0,1.54166666667,5.65,69.0,1.234125,0.0,0.0,10736.8046875,0.0
2013.0,12.0,28.0,12.0,11.4691666667,52.6445,-0.979166666667,42.0166666667,421.416666667,1.45833333333,6.20833333333,67.25,1.029625,0.0,0.0,10736.8046875,0.0
2013.0,12.0,28.0,13.0,12.2725,54.0905,-1.07333333333,39.575,368.5,2.85,8.1,66.0833333333,0.909125,0.0,0.0,10736.8046875,0.0
2013.0,12.0,28.0,14.0,12.8833333333,55.19,-1.23416666667,37.5833333333,271.833333333,1.43333333333,6.20833333333,64.8333333333,0.8175,0.0,0.0,10736.8046875,0.0
2013.0,12.0,28.0,15.0,12.73,54.914,-1.14833333333,38.2083333333,135.166666667,1.33333333333,6.3,66.6666666667,0.8405,0.0,0.0,10736.8046875,12.1666666667
2013.0,12.0,28.0,16.0,10.9383333333,51.689,-0.828333333333,44.025,5.66666666667,1.03333333333,4.51666666667,68.0833333333,1.10925,0.0,0.0,10736.8046875,47.9791666667
2013.0,12.0,28.0,17.0,9.77583333333,49.5965,-0.830833333333,47.5416666667,1.0,0.925,4.55,68.3333333333,1.283625,0.0,0.0,10736.8046875,48.25
2013.0,12.0,28.0,18.0,8.9125,48.0425,-1.0575,49.575,1.0,0.133333333333,2.025,73.5,1.413125,0.0,0.0,10736.8046875,47.75
2013.0,12.0,28.0,19.0,8.1225,46.6205,-1.23666666667,51.6166666667,1.0,0.0333333333333,0.708333333333,77.75,1.531625,0.0,0.0,10736.8046875,48.4375
2013.0,12.0,28.0,20.0,7.37416666667,45.2735,-1.12916666667,54.7583333333,1.0,0.0,0.241666666667,82.9166666667,1.643875,0.0,0.0,10736.8046875,48.9375
2013.0,12.0,28.0,21.0,7.09166666667,44.765,-1.02083333333,56.2583333333,1.0,0.0833333333333,1.08333333333,67.25,1.68625,0.0,0.0,10736.8046875,47.9375
2013.0,12.0,28.0,22.0,6.82,44.276,-0.945833333333,57.6333333333,1.0,0.0333333333333,0.733333333333,70.4166666667,1.727,0.0,0.0,10736.8046875,47.0208333333
2013.0,12.0,28.0,23.0,6.8,44.24,-0.79,58.3666666667,1.0,0.0,0.175,63.8333333333,1.73,0.0,0.0,10736.8046875,46.7708333333
2013.0,12.0,29.0,0.0,6.5475,43.7855,-0.730833333333,59.65,1.0,0.0333333333333,1.19166666667,64.1666666667,1.767875,0.0,0.0,10736.8046875,46.0833333333
2013.0,12.0,29.0,1.0,6.31666666667,43.37,-0.488333333333,61.7,1.0,0.0666666666667,0.816666666667,74.8333333333,1.8025,0.0,0.0,10736.8046875,46.2291666667
2013.0,12.0,29.0,2.0,6.46,43.628,-0.294166666667,61.9666666667,1.0,0.0,0.0,95.6666666667,1.781,0.0,0.0,10736.8046875,45.3333333333
2013.0,12.0,29.0,3.0,6.46666666667,43.64,-0.208333333333,62.3166666667,1.0,0.241666666667,2.05833333333,71.5833333333,1.78,0.0,0.0,10736.8046875,47.875
2013.0,12.0,29.0,4.0,6.34666666667,43.424,-0.1075,63.3,1.0,0.258333333333,1.86666666667,71.0833333333,1.798,0.0,0.0,10736.8046875,47.875
2013.0,12.0,29.0,5.0,6.4875,43.6775,-0.145,62.5166666667,1.0,0.133333333333,1.275,72.0,1.776875,0.0,0.0,10736.8046875,48.0625
2013.0,12.0,29.0,6.0,6.52333333333,43.742,-0.0775,62.675,1.0,0.35,2.60833333333,70.1666666667,1.7715,0.0,0.0,10736.8046875,47.6666666667
2013.0,12.0,29.0,7.0,5.95666666667,42.722,1.35166666667,73.5333333333,2.83333333333,0.333333333333,2.775,69.0,1.8565,0.0,0.0,10736.8046875,46.2916666667
2013.0,12.0,29.0,8.0,4.75583333333,40.5605,4.47916666667,98.0833333333,9.66666666667,0.0,0.0,65.75,2.036625,0.0,0.0,10736.8046875,46.1666666667
2013.0,12.0,29.0,9.0,4.9425,40.8965,4.9425,100.0,33.4166666667,0.0,0.0,287.25,2.008625,0.0,0.0,10736.8046875,46.5625
2013.0,12.0,29.0,10.0,5.14416666667,41.2595,5.14416666667,100.0,25.25,0.05,0.6,227.583333333,1.978375,0.0,0.0,10736.8046875,47.2916666667
2013.0,12.0,29.0,11.0,5.23166666667,41.417,5.20583333333,99.8,25.5833333333,0.4,2.85833333333,223.916666667,1.96525,0.0,0.0,10736.8046875,48.0
2013.0,12.0,29.0,12.0,5.64333333333,42.158,5.38666666667,98.225,26.8333333333,0.666666666667,3.75833333333,239.416666667,1.9035,0.0,0.0,10736.8046875,48.8958333333
2013.0,12.0,29.0,13.0,6.78583333333,44.2145,-5.245,60.4166666667,14.1666666667,0.675,4.04166666667,254.583333333,1.732125,0.0,0.0,10736.8046875,48.1458333333
2013.0,12.0,29.0,14.0,7.87666666667,46.178,-30.205,5.34166666667,11.9166666667,0.241666666667,1.99166666667,245.166666667,1.5685,0.0,0.0,10736.8046875,48.1458333333
2013.0,12.0,29.0,15.0,8.16583333333,46.6985,-43.8466666667,1.25833333333,11.5833333333,0.0,0.391666666667,223.583333333,1.525125,0.0,0.0,10736.8046875,49.5
2013.0,12.0,29.0,16.0,8.335,47.003,-44.88,1.0,4.5,0.0166666666667,0.591666666667,137.833333333,1.49975,0.0,0.0,10736.8046875,50.5208333333
2013.0,12.0,29.0,17.0,6.91,44.438,-45.755,1.0,1.0,0.166666666667,2.30833333333,99.25,1.7135,0.0,0.0,10736.8046875,51.2916666667
2013.0,12.0,29.0,18.0,6.25,43.25,-41.6433333333,3.525,1.0,0.916666666667,4.24166666667,89.0833333333,1.8125,0.0,0.0,10736.8046875,51.7291666667
2013.0,12.0,29.0,19.0,6.11416666667,43.0055,-1.26666666667,64.6833333333,1.0,1.14166666667,4.925,97.1666666667,1.832875,0.0,0.0,10736.8046875,51.0625
2013.0,12.0,29.0,20.0,6.3925,43.5065,5.9225,96.7833333333,1.0,0.316666666667,3.11666666667,100.25,1.791125,0.0,0.0,10736.8046875,50.4166666667
2013.0,12.0,29.0,21.0,6.03416666667,42.8615,4.855,92.1166666667,1.0,0.333333333333,3.275,83.5,1.844875,0.0,0.0,10736.8046875,47.7083333333
2013.0,12.0,29.0,22.0,5.79833333333,42.437,4.455,91.0416666667,1.0,1.00833333333,4.975,84.0833333333,1.88025,0.0,0.0,10736.8046875,46.1875
2013.0,12.0,29.0,23.0,5.45083333333,41.8115,4.22583333333,91.7833333333,1.0,0.3,2.35,77.0,1.932375,0.0,0.0,10736.8046875,45.75
2013.0,12.0,30.0,0.0,5.08583333333,41.1545,4.09666666667,93.3083333333,1.0,0.158333333333,1.875,71.0,1.987125,0.0,720.0,10736.8046875,45.1041666667
2013.0,12.0,30.0,1.0,4.53583333333,40.1645,3.88166666667,95.5,1.0,0.375,2.65,60.4166666667,2.069625,0.0,720.0,10736.8046875,45.75
2013.0,12.0,30.0,2.0,4.54,40.172,3.83833333333,95.175,1.0,0.0166666666667,0.683333333333,73.0,2.069,0.0,720.0,10736.8046875,45.5208333333
2013.0,12.0,30.0,3.0,4.68916666667,40.4405,3.88333333333,94.4916666667,1.0,0.208333333333,1.85,73.4166666667,2.046625,0.0,720.0,10736.8046875,47.9375
2013.0,12.0,30.0,4.0,4.86583333333,40.7585,3.92083333333,93.575,1.0,0.208333333333,1.75833333333,71.4166666667,2.020125,0.0,720.0,10736.8046875,47.8125
2013.0,12.0,30.0,5.0,5.09416666667,41.1695,4.11583333333,93.3666666667,1.0,0.866666666667,3.84166666667,61.9166666667,1.985875,0.0,720.0,10736.8046875,47.5
2013.0,12.0,30.0,6.0,5.375,41.675,4.29916666667,92.7416666667,1.0,0.508333333333,2.66666666667,63.0,1.94375,0.0,720.0,10736.8046875,47.4791666667
2013.0,12.0,30.0,7.0,5.78583333333,42.4145,4.41916666667,90.9,2.16666666667,0.183333333333,1.83333333333,71.8333333333,1.882125,0.0,720.0,10736.8046875,46.8541666667
2013.0,12.0,30.0,8.0,6.54166666667,43.775,4.2625,85.375,14.3333333333,0.1,1.53333333333,88.6666666667,1.76875,0.0,720.0,10736.8046875,47.25
2013.0,12.0,30.0,9.0,7.13833333333,44.849,3.95916666667,80.2166666667,65.5833333333,0.0666666666667,1.20833333333,89.4166666667,1.67925,0.0,720.0,10736.8046875,48.0416666667
2013.0,12.0,30.0,10.0,7.34416666667,45.2195,1.6925,67.4916666667,93.1666666667,0.933333333333,4.70833333333,90.8333333333,1.648375,0.0,720.0,10736.8046875,49.5833333333
2013.0,12.0,30.0,11.0,7.3275,45.1895,-0.771666666667,56.3916666667,210.25,1.08333333333,5.25,99.1666666667,1.650875,0.0,720.0,10736.8046875,48.625
2013.0,12.0,30.0,12.0,6.4075,43.5335,-1.98916666667,54.9166666667,177.916666667,1.05,4.98333333333,108.333333333,1.788875,0.0,720.0,10736.8046875,53.1875
2013.0,12.0,30.0,13.0,5.68166666667,42.227,-2.27833333333,56.5333333333,172.666666667,1.125,5.64166666667,106.0,1.89775,0.0,720.0,10736.8046875,52.0416666667
2013.0,12.0,30.0,14.0,4.88416666667,40.7915,-2.60833333333,58.3083333333,118.666666667,0.725,4.81666666667,107.75,2.017375,0.0,720.0,10736.8046875,52.0208333333
2013.0,12.0,30.0,15.0,3.965,39.137,-3.23416666667,59.3583333333,58.75,0.816666666667,4.41666666667,106.916666667,2.15525,0.0,720.0,10736.8046875,52.8125
2013.0,12.0,30.0,16.0,2.97166666667,37.349,-3.98,60.2416666667,5.25,0.433333333333,3.71666666667,116.416666667,2.30425,0.0,720.0,10736.8046875,52.1875
2013.0,12.0,30.0,17.0,2.05416666667,35.6975,-5.005,59.5,1.0,0.316666666667,2.975,101.0,2.441875,0.0,720.0,10736.8046875,52.9791666667
2013.0,12.0,30.0,18.0,1.6925,35.0465,-4.78166666667,62.1,1.0,0.15,2.09166666667,123.166666667,2.496125,0.0,720.0,10736.8046875,50.9375
2013.0,12.0,30.0,19.0,0.866666666667,33.56,-6.16416666667,59.325,1.0,0.25,2.725,112.25,2.62,0.0,720.0,10736.8046875,49.4791666667
2013.0,12.0,30.0,20.0,0.0291666666667,32.0525,-6.32583333333,62.2833333333,1.0,0.308333333333,2.0,169.333333333,2.745625,0.0,720.0,10736.8046875,48.4375
2013.0,12.0,30.0,21.0,-1.18583333333,29.8655,-7.93166666667,60.1083333333,1.0,0.425,2.9,201.083333333,2.927875,0.0,720.0,10736.8046875,46.0
2013.0,12.0,30.0,22.0,-1.90333333333,28.574,-8.87416666667,58.8916666667,1.0,0.316666666667,2.725,212.833333333,3.0355,0.0,720.0,10736.8046875,46.1041666667
2013.0,12.0,30.0,23.0,-1.88833333333,28.601,-9.3625,56.5916666667,1.0,0.1,1.39166666667,215.0,3.03325,0.0,720.0,10736.8046875,46.7708333333
2013.0,12.0,31.0,0.0,-2.09083333333,28.2365,-9.8625,55.2333333333,1.0,0.05,0.608333333333,196.333333333,3.063625,0.0,720.0,10736.8046875,46.5
2013.0,12.0,31.0,1.0,-2.39083333333,27.6965,-9.52083333333,58.0333333333,1.0,0.0,0.0833333333333,208.916666667,3.108625,0.0,720.0,10736.8046875,46.2291666667
2013.0,12.0,31.0,2.0,-2.87583333333,26.8235,-9.18583333333,61.7583333333,1.0,0.0,0.0333333333333,209.5,3.181375,0.0,720.0,10736.8046875,45.4791666667
2013.0,12.0,31.0,3.0,-2.775,27.005,-8.98,62.2916666667,1.0,0.0,0.0,214.583333333,3.16625,0.0,720.0,10736.8046875,47.9166666667
2013.0,12.0,31.0,4.0,-2.8025,26.9555,-8.86416666667,62.9916666667,1.0,0.0,0.0166666666667,299.916666667,3.170375,0.0,720.0,10736.8046875,49.0
2013.0,12.0,31.0,12.0,2.4075,36.3335,-6.38833333333,52.225,441.583333333,1.9,7.51666666667,61.0,2.388875,0.0,720.0,10736.8046875,50.375
2013.0,12.0,31.0,13.0,2.64416666667,36.7595,-4.63083333333,58.6916666667,133.25,2.25,7.35833333333,71.1666666667,2.353375,0.0,720.0,10736.8046875,52.5208333333
2013.0,12.0,31.0,14.0,2.7075,36.8735,-2.99,66.2916666667,94.75,3.24166666667,9.425,79.0,2.343875,0.0,720.0,10736.8046875,52.3333333333
2013.0,12.0,31.0,15.0,2.29916666667,36.1385,-2.07166666667,72.8583333333,59.1666666667,1.225,4.93333333333,82.1666666667,2.405125,0.0,720.0,10736.8046875,52.0833333333
2013.0,12.0,31.0,16.0,2.31916666667,36.1745,-5.45416666667,56.525,10.6666666667,1.425,6.11666666667,94.3333333333,2.402125,0.0,720.0,10736.8046875,52.0833333333
2013.0,12.0,31.0,17.0,1.3875,34.4975,-7.26166666667,52.5583333333,1.0,1.19166666667,5.53333333333,93.75,2.541875,0.0,720.0,10736.8046875,52.6041666667
2013.0,12.0,31.0,18.0,0.299166666667,32.5385,-8.67416666667,50.9,1.0,1.775,7.64166666667,96.5,2.705125,0.0,720.0,10736.8046875,52.125
2013.0,12.0,31.0,19.0,-0.724166666667,30.6965,-9.5175,51.3166666667,1.0,0.658333333333,4.0,99.0833333333,2.858625,0.0,720.0,10736.8046875,50.7708333333
2013.0,12.0,31.0,20.0,-1.27,29.714,-9.87916666667,51.9166666667,1.0,0.4,3.675,104.0,2.9405,0.0,720.0,10736.8046875,49.4375
2013.0,12.0,31.0,21.0,-1.72,28.904,-9.85166666667,53.7833333333,1.0,0.241666666667,2.75,99.8333333333,3.008,0.0,720.0,10736.8046875,47.9375
2013.0,12.0,31.0,22.0,-2.34416666667,27.7805,-10.2883333333,54.4083333333,1.0,0.133333333333,2.13333333333,112.833333333,3.101625,0.0,720.0,10736.8046875,46.9583333333
2013.0,12.0,31.0,23.0,-2.85,26.87,-10.515,55.4916666667,1.0,0.133333333333,1.975,114.75,3.1775,0.0,720.0,10736.8046875,47.5625
2014.0,1.0,1.0,0.0,-3.19083333333,26.2565,-10.5241666667,56.8833333333,1.0,0.0333333333333,1.0,117.75,3.228625,0.0,720.0,10736.8046875,47.6666666667
2014.0,1.0,1.0,1.0,-3.2925,26.0735,-10.4108333333,57.8333333333,1.0,0.0166666666667,0.783333333333,98.0,3.243875,0.0,720.0,10736.8046875,47.8541666667
2014.0,1.0,1.0,2.0,-3.36,25.952,-10.2858333333,58.7,1.0,0.0,0.0,85.0833333333,3.254,0.0,720.0,10736.8046875,48.0833333333
2014.0,1.0,1.0,3.0,-2.98416666667,26.6285,-10.2425,57.275,1.0,0.0333333333333,0.633333333333,82.25,3.197625,0.0,720.0,10736.8046875,48.9791666667
2014.0,1.0,1.0,4.0,-2.75833333333,27.035,-9.325,60.5666666667,1.0,0.0,0.0583333333333,285.833333333,3.16375,0.0,720.0,10736.8046875,48.9375
2014.0,1.0,1.0,5.0,-2.65916666667,27.2135,-9.0925,61.225,1.0,0.0,0.0,308.333333333,3.148875,0.0,720.0,10736.8046875,49.8333333333
2014.0,1.0,1.0,6.0,-2.35166666667,27.767,-8.76416666667,61.3916666667,1.0,0.0,0.0,315.083333333,3.10275,0.0,720.0,10736.8046875,49.9583333333
2014.0,1.0,1.0,7.0,-2.23666666667,27.974,-8.63166666667,61.525,15.0,0.0333333333333,0.691666666667,317.0,3.0855,0.0,720.0,10736.8046875,48.5833333333
2014.0,1.0,1.0,8.0,-1.80416666667,28.7525,-7.7325,63.9,82.4166666667,0.05,0.558333333333,136.25,3.020625,0.0,720.0,10736.8046875,48.2291666667
2014.0,1.0,1.0,9.0,0.4125,32.7425,-7.27166666667,56.375,220.583333333,0.0666666666667,0.691666666667,111.0,2.688125,0.0,720.0,10736.8046875,47.4791666667
2014.0,1.0,1.0,10.0,1.76666666667,35.18,-6.87083333333,52.775,298.083333333,0.341666666667,2.65,67.3333333333,2.485,0.0,720.0,10736.8046875,47.875
2014.0,1.0,1.0,11.0,2.43916666667,36.3905,-6.27916666667,52.5666666667,276.75,0.633333333333,3.025,62.6666666667,2.384125,0.0,720.0,10736.8046875,48.4791666667
2014.0,1.0,1.0,12.0,3.4825,38.2685,-5.91666666667,50.2,284.5,0.283333333333,2.525,58.75,2.227625,0.0,720.0,10736.8046875,49.0833333333
2014.0,1.0,1.0,13.0,4.58083333333,40.2455,-5.92333333333,46.4,301.833333333,0.166666666667,1.75833333333,75.1666666667,2.062875,0.0,720.0,10736.8046875,49.4791666667
2014.0,1.0,1.0,14.0,4.9275,40.8695,-5.49333333333,46.8,182.833333333,0.183333333333,1.675,64.9166666667,2.010875,0.0,720.0,10736.8046875,49.3541666667
2014.0,1.0,1.0,15.0,4.62916666667,40.3325,-4.71833333333,50.7166666667,66.25,0.308333333333,2.33333333333,224.5,2.055625,0.0,720.0,10736.8046875,49.5
2014.0,1.0,1.0,16.0,4.26166666667,39.671,-3.99833333333,54.9,8.33333333333,0.0666666666667,1.33333333333,329.5,2.11075,0.0,720.0,10736.8046875,50.2291666667
2014.0,1.0,1.0,17.0,4.085,39.353,-3.99333333333,55.6083333333,1.0,0.0333333333333,0.541666666667,307.083333333,2.13725,0.0,720.0,10736.8046875,51.1041666667
2014.0,1.0,1.0,18.0,4.03333333333,39.26,-3.38333333333,58.4333333333,1.0,0.0,0.0166666666667,283.833333333,2.145,0.0,720.0,10736.8046875,50.7916666667
2014.0,1.0,1.0,19.0,2.5475,36.5855,-4.55583333333,59.4416666667,1.0,0.333333333333,2.34166666667,205.333333333,2.367875,0.0,720.0,10736.8046875,50.7708333333
2014.0,1.0,1.0,20.0,1.275,34.295,-5.20416666667,61.975,1.0,0.233333333333,2.51666666667,205.666666667,2.55875,0.0,720.0,10736.8046875,51.2916666667
2014.0,1.0,1.0,21.0,0.7025,33.2645,-5.58416666667,62.75,1.0,0.4,3.05833333333,202.166666667,2.644625,0.0,720.0,10736.8046875,48.2291666667
2014.0,1.0,1.0,22.0,0.43,32.774,-5.38583333333,64.975,1.0,0.625,3.625,203.416666667,2.6855,0.0,720.0,10736.8046875,46.0416666667
2014.0,1.0,1.0,23.0,0.6725,33.2105,-4.6875,67.3166666667,1.0,0.241666666667,2.69166666667,212.833333333,2.649125,0.0,720.0,10736.8046875,46.0
2014.0,1.0,2.0,0.0,0.655,33.179,-3.785,72.15,1.0,0.641666666667,3.74166666667,210.916666667,2.65175,0.0,720.0,10736.8046875,46.0
2014.0,1.0,2.0,1.0,0.965833333333,33.7385,-3.03,74.6333333333,1.0,0.358333333333,3.06666666667,205.75,2.605125,0.0,720.0,10736.8046875,46.0
2014.0,1.0,2.0,2.0,1.21416666667,34.1855,-2.34416666667,77.1416666667,1.0,0.133333333333,1.925,206.333333333,2.567875,0.0,720.0,10736.8046875,46.0
2014.0,1.0,2.0,3.0,1.06916666667,33.9245,-2.28333333333,78.3,1.0,0.216666666667,2.49166666667,207.666666667,2.589625,0.0,720.0,10736.8046875,46.0
2014.0,1.0,2.0,4.0,0.6375,33.1475,-2.69083333333,78.375,1.0,0.608333333333,3.75,195.583333333,2.654375,0.0,720.0,10736.8046875,46.0
2014.0,1.0,2.0,5.0,0.5125,32.9225,-2.6575,79.275,1.0,0.975,4.775,194.166666667,2.673125,0.0,720.0,10736.8046875,46.0
2014.0,1.0,2.0,6.0,0.64,33.152,-2.665,78.5166666667,1.0,0.55,4.625,196.666666667,2.654,0.0,720.0,10736.8046875,46.0
2014.0,1.0,2.0,7.0,0.790833333333,33.4235,-2.79916666667,76.8833333333,8.41666666667,0.983333333333,5.09166666667,193.583333333,2.631375,0.0,720.0,10736.8046875,46.0
2014.0,1.0,2.0,8.0,0.53,32.954,-2.14,82.2916666667,40.5,0.825,4.70833333333,203.833333333,2.6705,0.0,720.0,10736.8046875,46.0
2014.0,1.0,2.0,9.0,0.101666666667,32.183,-2.2825,83.9916666667,65.8333333333,1.2,5.84166666667,207.416666667,2.73475,0.0,720.0,10736.8046875,46.0
2014.0,1.0,2.0,10.0,-0.0516666666667,31.907,-2.47916666667,83.7083333333,78.9166666667,0.933333333333,4.65833333333,211.666666667,2.75775,0.0,720.0,10736.8046875,46.0
2014.0,1.0,2.0,11.0,-0.4825,31.1315,-2.67666666667,85.125,74.25,1.225,4.99166666667,204.916666667,2.822375,0.0,720.0,10736.8046875,46.0
2014.0,1.0,2.0,12.0,-0.659166666667,30.8135,-2.98166666667,84.3,86.6666666667,1.35,5.775,194.416666667,2.848875,0.0,720.0,10736.8046875,46.0
2014.0,1.0,7.0,14.0,-11.7783333333,10.799,-22.575,40.2583333333,310.5,2.94166666667,8.34166666667,86.6666666667,4.51675,0.0,720.0,10736.8046875,48.75
2014.0,1.0,7.0,15.0,-10.9458333333,12.2975,-22.2375,38.8,176.0,2.24166666667,7.75,88.3333333333,4.391875,0.0,720.0,10736.8046875,48.6875
2014.0,1.0,7.0,16.0,-11.5483333333,11.213,-21.9625,41.7666666667,26.9166666667,2.50833333333,7.90833333333,90.1666666667,4.48225,0.0,720.0,10736.8046875,48.0
2014.0,1.0,7.0,17.0,-12.0808333333,10.2545,-21.5058333333,45.3333333333,1.0,1.625,5.60833333333,87.5833333333,4.562125,0.0,720.0,10736.8046875,49.125
2014.0,1.0,7.0,18.0,-12.1191666667,10.1855,-21.0725,47.2333333333,1.0,1.33333333333,5.18333333333,85.0833333333,4.567875,0.0,720.0,10736.8046875,48.5625
2014.0,1.0,7.0,19.0,-12.1391666667,10.1495,-20.7791666667,48.5333333333,1.0,2.0,6.05833333333,82.9166666667,4.570875,0.0,720.0,10736.8046875,47.1875
2014.0,1.0,7.0,20.0,-12.1358333333,10.1555,-20.1841666667,51.1,1.0,1.075,4.50833333333,80.25,4.570375,0.0,720.0,10736.8046875,46.9166666667
2014.0,1.0,7.0,21.0,-12.0858333333,10.2455,-19.9133333333,52.1083333333,1.0,1.00833333333,4.41666666667,83.3333333333,4.562875,0.0,720.0,10736.8046875,44.4583333333
2014.0,1.0,7.0,22.0,-12.135,10.157,-19.6958333333,53.3,1.0,0.583333333333,3.70833333333,85.6666666667,4.57025,0.0,720.0,10736.8046875,42.2708333333
2014.0,1.0,7.0,23.0,-12.2275,9.9905,-19.3591666667,55.275,1.0,0.7,3.425,86.1666666667,4.584125,0.0,720.0,10736.8046875,41.5833333333
2014.0,1.0,8.0,0.0,-12.33,9.806,-19.1875,56.5666666667,1.0,0.416666666667,2.98333333333,83.0833333333,4.5995,0.0,720.0,10736.8046875,41.375
2014.0,1.0,8.0,1.0,-12.2966666667,9.866,-19.0391666667,57.15,1.0,0.383333333333,3.03333333333,85.0,4.5945,0.0,720.0,10736.8046875,41.0
2014.0,1.0,8.0,2.0,-12.24,9.968,-18.9241666667,57.45,1.0,0.275,2.69166666667,87.0833333333,4.586,0.0,720.0,10736.8046875,40.6875
2014.0,1.0,8.0,3.0,-12.3066666667,9.848,-19.0008333333,57.375,1.0,0.283333333333,2.70833333333,89.5,4.596,0.0,720.0,10736.8046875,43.0208333333
2014.0,1.0,8.0,4.0,-12.4375,9.6125,-18.8475,58.7666666667,1.0,0.0333333333333,1.25833333333,87.9166666667,4.615625,0.0,720.0,10736.8046875,43.0833333333
2014.0,1.0,8.0,5.0,-12.5066666667,9.488,-18.6708333333,59.9916666667,1.0,0.2,1.85,89.25,4.626,0.0,720.0,10736.8046875,43.125
2014.0,1.0,8.0,6.0,-12.5433333333,9.422,-18.6466666667,60.3,1.0,0.625,3.55,87.9166666667,4.6315,0.0,720.0,10736.8046875,43.1458333333
2014.0,1.0,8.0,7.0,-11.9125,10.5575,-18.6341666667,57.425,36.9166666667,0.55,3.38333333333,87.3333333333,4.536875,0.0,720.0,10736.8046875,42.3958333333
2014.0,1.0,8.0,8.0,-10.095,13.829,-19.0958333333,47.7083333333,185.583333333,0.575,3.69166666667,84.0833333333,4.26425,0.0,720.0,10736.8046875,45.25
2014.0,1.0,8.0,9.0,-9.3375,15.1925,-18.44,47.5083333333,196.583333333,0.0333333333333,1.14166666667,112.25,4.150625,0.0,720.0,10736.8046875,47.5
2014.0,1.0,8.0,10.0,-8.00416666667,17.5925,-18.4825,42.7666666667,301.666666667,0.358333333333,2.95,97.5833333333,3.950625,0.0,720.0,10736.8046875,48.375
2014.0,1.0,8.0,11.0,-6.18333333333,20.87,-18.3916666667,37.3416666667,446.75,0.466666666667,3.375,91.25,3.6775,0.0,720.0,10736.8046875,49.4166666667
2014.0,1.0,8.0,12.0,-5.38583333333,22.3055,-17.9091666667,36.6083333333,437.583333333,0.55,4.00833333333,85.25,3.557875,0.0,720.0,10736.8046875,48.0625
2014.0,1.0,8.0,13.0,-4.94083333333,23.1065,-17.915,35.35,358.166666667,0.5,3.63333333333,88.0833333333,3.491125,0.0,720.0,10736.8046875,47.3125
2014.0,1.0,8.0,14.0,-4.10916666667,24.6035,-17.6058333333,34.0833333333,310.416666667,0.366666666667,3.01666666667,98.25,3.366375,0.0,720.0,10736.8046875,44.7307692308
2014.0,1.0,8.0,15.0,-3.63083333333,25.4645,-17.03,34.5083333333,159.083333333,0.116666666667,1.8,109.5,3.294625,0.0,720.0,10736.8046875,40.7916666667
2014.0,1.0,8.0,16.0,-4.80833333333,23.345,-16.5316666667,39.3666666667,16.8333333333,0.0,0.2,124.833333333,3.47125,0.0,720.0,10736.8046875,49.2291666667
2014.0,1.0,8.0,17.0,-5.075,22.865,-16.0191666667,41.8916666667,1.0,0.0,0.291666666667,101.583333333,3.51125,0.0,720.0,10736.8046875,48.9375
2014.0,1.0,8.0,18.0,-5.05,22.91,-15.3375,44.2833333333,1.0,0.0,0.441666666667,85.9166666667,3.5075,0.0,720.0,10736.8046875,48.7708333333
2014.0,1.0,8.0,19.0,-5.145,22.739,-14.42,48.0833333333,1.0,0.0166666666667,0.541666666667,91.0833333333,3.52175,0.0,720.0,10736.8046875,48.0416666667
2014.0,1.0,8.0,20.0,-4.7325,23.4815,-13.6966666667,49.45,1.0,0.0,0.191666666667,94.75,3.459875,0.0,720.0,10736.8046875,47.4791666667
2014.0,1.0,8.0,21.0,-4.37,24.134,-13.2358333333,49.9666666667,1.0,0.0833333333333,1.125,92.25,3.4055,0.0,720.0,10736.8046875,44.9583333333
2014.0,1.0,8.0,22.0,-4.015,24.773,-12.9141666667,49.9333333333,1.0,0.183333333333,1.46666666667,98.3333333333,3.35225,0.0,720.0,10736.8046875,43.2083333333
2014.0,1.0,8.0,23.0,-3.885,25.007,-12.6291666667,50.6083333333,1.0,0.416666666667,2.71666666667,89.5833333333,3.33275,0.0,720.0,10736.8046875,42.8125
2014.0,1.0,9.0,0.0,-3.6775,25.3805,-11.3566666667,55.2166666667,1.0,0.566666666667,2.425,79.75,3.301625,0.0,720.0,10736.8046875,41.4583333333
2014.0,1.0,9.0,1.0,-3.44,25.808,-10.3291666667,58.85,1.0,0.0166666666667,0.325,89.5833333333,3.266,0.0,720.0,10736.8046875,41.5
2014.0,1.0,9.0,2.0,-3.04583333333,26.5175,-10.37,56.975,1.0,0.0,0.5,93.6666666667,3.206875,0.0,720.0,10736.8046875,40.6875
2014.0,1.0,9.0,3.0,-2.895,26.789,-9.91083333333,58.4166666667,1.0,0.0,0.616666666667,88.6666666667,3.18425,0.0,720.0,10736.8046875,42.8541666667
2014.0,1.0,9.0,4.0,-2.875,26.825,-9.4325,60.5666666667,1.0,0.0,0.0,109.833333333,3.18125,0.0,720.0,10736.8046875,43.8958333333
2014.0,1.0,9.0,5.0,-3.35833333333,25.955,-9.70583333333,61.4583333333,1.0,0.0,0.175,172.25,3.25375,0.0,720.0,10736.8046875,44.0833333333
2014.0,1.0,9.0,6.0,-4.17,24.494,-10.1408333333,63.1166666667,1.0,0.0,0.175,146.333333333,3.3755,0.0,720.0,10736.8046875,43.8125
2014.0,1.0,9.0,7.0,-3.78166666667,25.193,-10.4833333333,59.7583333333,29.0,0.0,0.425,202.583333333,3.31725,0.0,720.0,10736.8046875,43.1666666667
2014.0,1.0,9.0,8.0,-2.31,27.842,-10.5833333333,53.0666666667,120.916666667,0.0166666666667,0.616666666667,210.5,3.0965,0.0,720.0,10736.8046875,45.2708333333
2014.0,1.0,9.0,9.0,-1.035,30.137,-10.5525,48.625,255.583333333,0.166666666667,1.76666666667,211.666666667,2.90525,0.0,720.0,10736.8046875,46.5
2014.0,1.0,14.0,2.0,9.92083333333,49.8575,5.2175,72.4916666667,1.0,0.0666666666667,1.04166666667,47.3333333333,1.261875,0.0,720.0,10736.8046875,34.1
2014.0,1.0,14.0,3.0,9.21166666667,48.581,5.68916666667,78.5916666667,1.0,0.666666666667,3.45833333333,77.5,1.36825,0.0,720.0,10736.8046875,37.0416666667
2014.0,1.0,14.0,4.0,8.96,48.128,6.30666666667,83.4916666667,1.0,0.116666666667,0.933333333333,65.5833333333,1.406,0.0,720.0,10736.8046875,37.7916666667
2014.0,1.0,14.0,5.0,9.36083333333,48.8495,6.01833333333,79.6416666667,1.0,0.0,0.166666666667,142.5,1.345875,0.0,720.0,10736.8046875,37.75
2014.0,1.0,14.0,6.0,8.5875,47.4575,7.09333333333,90.2916666667,1.0,0.0166666666667,1.075,207.416666667,1.461875,0.0,720.0,10736.8046875,37.6875
2014.0,1.0,14.0,7.0,8.8025,47.8445,7.25166666667,89.9416666667,3.66666666667,0.116666666667,1.74166666667,178.166666667,1.429625,0.0,720.0,10736.8046875,38.4375
2014.0,1.0,14.0,8.0,9.50666666667,49.112,8.02,90.3833333333,26.9166666667,0.0166666666667,0.391666666667,130.0,1.324,0.0,720.0,10736.8046875,40.4375
2014.0,1.0,14.0,9.0,9.57666666667,49.238,8.345,91.975,31.25,0.0166666666667,0.475,237.833333333,1.3135,0.0,720.0,10736.8046875,43.0
2014.0,1.0,14.0,10.0,9.1225,48.4205,8.76,97.55,31.8333333333,0.05,0.85,83.75,1.381625,0.0,720.0,10736.8046875,43.6875
2014.0,1.0,14.0,11.0,8.875,47.975,8.87416666667,99.925,27.3333333333,0.0666666666667,1.15,89.0,1.41875,0.0,720.0,10736.8046875,44.875
2014.0,1.0,14.0,12.0,8.52416666667,47.3435,8.53416666667,100.0,18.5833333333,0.175,1.35833333333,80.75,1.471375,0.0,720.0,10736.8046875,45.3958333333
2014.0,1.0,14.0,13.0,8.37583333333,47.0765,-1.7,59.0833333333,23.0833333333,0.183333333333,2.125,97.6666666667,1.493625,0.0,720.0,10736.8046875,44.5833333333
2014.0,1.0,14.0,14.0,8.16166666667,46.691,-44.9858333333,1.0,27.25,0.233333333333,2.575,111.25,1.52575,0.0,720.0,10736.8046875,45.1458333333
2014.0,1.0,14.0,15.0,8.04,46.472,-45.0583333333,1.0,24.0,0.1,1.08333333333,156.583333333,1.544,0.0,720.0,10736.8046875,53.5416666667
2014.0,1.0,14.0,16.0,8.01916666667,46.4345,-45.07,1.0,10.5,0.0,0.0,117.083333333,1.547125,0.0,720.0,10736.8046875,54.3958333333
2014.0,1.0,14.0,17.0,8.16833333333,46.703,-44.9816666667,1.0,1.0,0.0,0.0,117.083333333,1.52475,0.0,720.0,10736.8046875,54.0416666667
2014.0,1.0,14.0,18.0,8.2275,46.8095,3.77583333333,83.0083333333,1.0,0.233333333333,1.05,92.6666666667,1.515875,0.0,720.0,10736.8046875,53.0416666667
2014.0,1.0,14.0,19.0,7.78833333333,46.019,7.52916666667,98.1916666667,1.0,0.183333333333,1.825,94.0,1.58175,0.0,720.0,10736.8046875,51.7291666667
2014.0,1.0,14.0,20.0,7.17166666667,44.909,6.93666666667,98.3583333333,1.0,0.133333333333,1.65,90.8333333333,1.67425,0.0,720.0,10736.8046875,50.1458333333
2014.0,1.0,14.0,21.0,6.58833333333,43.859,6.52416666667,99.5166666667,1.0,0.0166666666667,0.325,88.1666666667,1.76175,0.0,720.0,10736.8046875,47.9791666667
2014.0,1.0,14.0,22.0,6.19166666667,43.145,6.14,99.6,1.0,0.0833333333333,1.38333333333,103.25,1.82125,0.0,720.0,10736.8046875,46.7083333333
2014.0,1.0,14.0,23.0,5.69166666667,42.245,5.64583333333,99.6666666667,1.0,0.0166666666667,0.341666666667,100.0,1.89625,0.0,720.0,10736.8046875,46.4166666667
2014.0,1.0,15.0,0.0,5.54666666667,41.984,5.3225,98.425,1.0,0.308333333333,2.30833333333,105.166666667,1.918,0.0,720.0,10736.8046875,45.4791666667
2014.0,1.0,15.0,1.0,4.20166666667,39.563,4.15,99.6333333333,1.0,0.0333333333333,0.983333333333,97.5,2.11975,0.0,720.0,10736.8046875,44.4583333333
2014.0,1.0,15.0,2.0,3.36583333333,38.0585,3.36583333333,100.0,1.0,0.0,0.0,96.9166666667,2.245125,0.0,720.0,10736.8046875,45.1875
2014.0,1.0,15.0,3.0,3.085,37.553,3.085,100.0,1.0,0.0,0.0,64.1666666667,2.28725,0.0,720.0,10736.8046875,47.1666666667
2014.0,1.0,15.0,4.0,3.11916666667,37.6145,3.11916666667,100.0,1.0,0.0,0.0,120.583333333,2.282125,0.0,720.0,10736.8046875,48.6666666667
2014.0,1.0,15.0,5.0,3.07666666667,37.538,3.07666666667,100.0,1.0,0.0,0.0,350.916666667,2.2885,0.0,720.0,10736.8046875,48.0
2014.0,1.0,15.0,6.0,2.78166666667,37.007,2.78166666667,100.0,1.0,0.0,0.116666666667,346.666666667,2.33275,0.0,720.0,10736.8046875,48.1041666667
2014.0,1.0,15.0,7.0,2.86416666667,37.1555,2.86416666667,100.0,13.5,0.0,0.0166666666667,341.416666667,2.320375,0.0,720.0,10736.8046875,48.2916666667
2014.0,1.0,15.0,8.0,3.38166666667,38.087,3.34083333333,99.7083333333,45.8333333333,0.0,0.05,338.833333333,2.24275,0.0,720.0,10736.8046875,50.2083333333
2014.0,1.0,15.0,9.0,4.30333333333,39.746,4.24666666667,99.6,109.333333333,0.0,0.0,336.5,2.1045,0.0,720.0,10736.8046875,44.5384615385
2014.0,1.0,15.0,10.0,5.6125,42.1025,5.61333333333,100.0,149.25,0.1,1.20833333333,274.916666667,1.908125,0.0,720.0,10736.8046875,52.4583333333
2014.0,1.0,15.0,11.0,6.605,43.889,6.4125,98.65,268.583333333,0.275,2.31666666667,89.9166666667,1.75925,0.0,720.0,10736.8046875,52.8958333333
2014.0,1.0,15.0,12.0,8.55833333333,47.405,6.58833333333,87.5083333333,359.583333333,0.05,1.05,85.9166666667,1.46625,0.0,720.0,10736.8046875,53.4375
2014.0,1.0,15.0,13.0,9.84166666667,49.715,7.195,83.5666666667,392.583333333,0.0833333333333,1.10833333333,77.5,1.27375,0.0,720.0,10736.8046875,53.1875
2014.0,1.0,15.0,14.0,9.68083333333,49.4255,7.0475,83.6083333333,207.166666667,0.308333333333,2.14166666667,92.6666666667,1.297875,0.0,720.0,10736.8046875,53.4791666667
2014.0,1.0,15.0,15.0,9.09916666667,48.3785,6.96083333333,86.425,54.8333333333,0.0166666666667,0.55,91.9166666667,1.385125,0.0,720.0,10736.8046875,52.9791666667
2014.0,1.0,15.0,16.0,8.34,47.012,6.6725,89.2333333333,20.25,0.0,0.0,135.833333333,1.499,0.0,720.0,10736.8046875,53.5416666667
2014.0,1.0,15.0,17.0,8.09333333333,46.568,6.86083333333,91.8833333333,1.0,0.0,0.5,148.833333333,1.536,0.0,720.0,10736.8046875,52.6041666667
2014.0,1.0,15.0,18.0,7.2425,45.0365,6.29,93.625,1.0,0.208333333333,2.275,149.916666667,1.663625,0.0,720.0,10736.8046875,52.1875
2014.0,1.0,15.0,19.0,6.4,43.52,4.8175,89.5833333333,1.0,0.275,2.08333333333,187.083333333,1.79,0.0,720.0,10736.8046875,50.9166666667
2014.0,1.0,15.0,20.0,5.9275,42.6695,4.42416666667,90.0416666667,1.0,0.15,1.94166666667,154.083333333,1.860875,0.0,720.0,10736.8046875,49.2708333333
2014.0,1.0,15.0,21.0,5.28166666667,41.507,3.85333333333,90.4916666667,1.0,0.258333333333,2.1,157.666666667,1.95775,0.0,720.0,10736.8046875,47.9375
2014.0,1.0,15.0,22.0,4.825,40.685,3.11166666667,88.6333333333,1.0,0.475,3.56666666667,158.25,2.02625,0.0,720.0,10736.8046875,46.4791666667
2014.0,1.0,15.0,23.0,4.19166666667,39.545,2.19583333333,86.8416666667,1.0,0.5,3.75833333333,158.25,2.12125,0.0,720.0,10736.8046875,45.5208333333
2014.0,1.0,16.0,0.0,3.71166666667,38.681,2.27083333333,90.3083333333,1.0,0.191666666667,2.41666666667,155.166666667,2.19325,0.0,720.0,10736.8046875,44.9375
2014.0,1.0,16.0,1.0,3.04166666667,37.475,1.38333333333,88.9416666667,1.0,0.475,3.18333333333,173.25,2.29375,0.0,720.0,10736.8046875,45.3541666667
2014.0,1.0,16.0,2.0,2.92416666667,37.2635,0.483333333333,83.9666666667,1.0,0.0666666666667,1.325,139.333333333,2.311375,0.0,720.0,10736.8046875,45.3125
2014.0,1.0,16.0,3.0,2.54166666667,36.575,-0.115,82.6166666667,1.0,0.05,1.0,134.916666667,2.36875,0.0,720.0,10736.8046875,47.8958333333
2014.0,1.0,16.0,4.0,2.01666666667,35.63,-0.841666666667,81.35,1.0,0.233333333333,2.93333333333,136.25,2.4475,0.0,720.0,10736.8046875,47.7083333333
2014.0,1.0,16.0,5.0,1.54916666667,34.7885,-1.1725,82.125,1.0,0.291666666667,2.84166666667,152.166666667,2.517625,0.0,720.0,10736.8046875,47.0416666667
2014.0,1.0,16.0,6.0,1.93666666667,35.486,-1.92583333333,75.5583333333,1.0,0.233333333333,2.25833333333,158.75,2.4595,0.0,720.0,10736.8046875,47.9375
2014.0,1.0,16.0,7.0,1.98833333333,35.579,-2.29916666667,73.2333333333,4.91666666667,0.191666666667,2.41666666667,129.666666667,2.45175,0.0,720.0,10736.8046875,47.2291666667
2014.0,1.0,16.0,8.0,1.68916666667,35.0405,-1.97666666667,76.6083333333,34.0833333333,0.375,3.375,123.0,2.496625,0.0,720.0,10736.8046875,49.2083333333
2014.0,1.0,16.0,9.0,1.9225,35.4605,-2.0475,74.9583333333,77.1666666667,0.233333333333,2.55,134.333333333,2.461625,0.0,720.0,10736.8046875,52.4791666667
2014.0,1.0,16.0,10.0,1.8575,35.3435,-1.82833333333,76.8083333333,98.9166666667,0.241666666667,2.725,117.166666667,2.471375,0.0,720.0,10736.8046875,52.4583333333
2014.0,1.0,16.0,11.0,2.74916666667,36.9485,-1.8675,71.8166666667,231.25,0.05,1.03333333333,134.25,2.337625,0.0,720.0,10736.8046875,53.25
2014.0,1.0,16.0,12.0,3.42166666667,38.159,-3.48416666667,60.6416666667,221.083333333,0.416666666667,3.13333333333,107.666666667,2.23675,0.0,720.0,10736.8046875,52.0625
2014.0,1.0,16.0,13.0,4.18083333333,39.5255,-4.25166666667,54.175,327.5,0.2,2.375,132.5,2.122875,0.0,720.0,10736.8046875,51.7708333333
2014.0,1.0,16.0,14.0,4.17416666667,39.5135,-4.20166666667,54.4083333333,170.25,0.0,0.591666666667,156.25,2.123875,0.0,720.0,10736.8046875,53.1666666667
2014.0,1.0,16.0,15.0,4.62083333333,40.3175,-4.2475,52.5583333333,161.416666667,0.0,0.0166666666667,199.833333333,2.056875,0.0,720.0,10736.8046875,52.3125
2014.0,1.0,16.0,16.0,3.66416666667,38.5955,-4.22666666667,56.425,48.9166666667,0.0,0.0,142.666666667,2.200375,0.0,720.0,10736.8046875,53.6666666667
2014.0,1.0,16.0,17.0,2.65583333333,36.7805,-3.90166666667,61.9416666667,1.0,0.0666666666667,1.04166666667,93.75,2.351625,0.0,720.0,10736.8046875,53.625
2014.0,1.0,16.0,18.0,2.1725,35.9105,-4.15833333333,62.8916666667,1.0,0.0666666666667,1.38333333333,95.6666666667,2.424125,0.0,720.0,10736.8046875,51.8125
2014.0,1.0,16.0,19.0,1.35833333333,34.445,-5.49166666667,60.275,1.0,0.175,1.13333333333,93.3333333333,2.54625,0.0,720.0,10736.8046875,51.3541666667
2014.0,1.0,16.0,20.0,0.9725,33.7505,-6.10416666667,59.1416666667,1.0,0.1,1.41666666667,101.333333333,2.604125,0.0,720.0,10736.8046875,49.9375
2014.0,1.0,16.0,21.0,0.845833333333,33.5225,-6.60666666667,57.425,1.0,0.0333333333333,0.841666666667,96.9166666667,2.623125,0.0,720.0,10736.8046875,48.4791666667
2014.0,1.0,16.0,22.0,0.339166666667,32.6105,-6.4175,60.4583333333,1.0,0.0166666666667,0.383333333333,91.8333333333,2.699125,0.0,720.0,10736.8046875,45.9166666667
2014.0,1.0,16.0,23.0,-0.18,31.676,-6.15333333333,64.0666666667,1.0,0.0,0.0333333333333,82.5,2.777,0.0,720.0,10736.8046875,46.25
2014.0,1.0,17.0,0.0,-0.218333333333,31.607,-5.84666666667,65.7583333333,1.0,0.0166666666667,0.958333333333,94.0,2.78275,0.0,720.0,10736.8046875,45.5625
2014.0,1.0,17.0,1.0,-0.329166666667,31.4075,-5.94583333333,65.7916666667,1.0,0.05,1.1,92.8333333333,2.799375,0.0,720.0,10736.8046875,45.0833333333
2014.0,1.0,17.0,2.0,-0.715833333333,30.7115,-4.69666666667,74.5583333333,1.0,0.0166666666667,0.233333333333,97.9166666667,2.857375,0.0,720.0,10736.8046875,44.5625
2014.0,1.0,17.0,3.0,-0.991666666667,30.215,-4.26083333333,78.4916666667,1.0,0.0,0.0916666666667,169.166666667,2.89875,0.0,720.0,10736.8046875,47.9166666667
2014.0,1.0,17.0,4.0,-1.10416666667,30.0125,-3.94333333333,81.0416666667,1.0,0.0,0.0,326.916666667,2.915625,0.0,720.0,10736.8046875,47.6458333333
2014.0,1.0,17.0,5.0,-0.945833333333,30.2975,-3.7025,81.5666666667,1.0,0.0,0.0166666666667,315.333333333,2.891875,0.0,720.0,10736.8046875,47.875
2014.0,1.0,17.0,6.0,-0.856666666667,30.458,-3.1025,84.7583333333,1.0,0.0,0.0,318.833333333,2.8785,0.0,720.0,10736.8046875,47.6875
2014.0,1.0,17.0,7.0,-0.12,31.784,-2.50083333333,84.025,31.0,0.0,0.125,331.583333333,2.768,0.0,720.0,10736.8046875,47.7291666667
2014.0,1.0,17.0,8.0,2.07583333333,35.7365,-1.79416666667,75.5583333333,153.166666667,0.0333333333333,0.783333333333,336.75,2.438625,0.0,720.0,10736.8046875,47.6666666667
2014.0,1.0,17.0,9.0,4.48833333333,40.079,-1.31833333333,66.0916666667,313.166666667,0.0833333333333,1.43333333333,52.3333333333,2.07675,0.0,720.0,10736.8046875,50.6458333333
2014.0,1.0,17.0,10.0,5.52166666667,41.939,-1.17666666667,62.025,363.083333333,0.133333333333,1.55833333333,40.0,1.92175,0.0,720.0,10736.8046875,52.625
2014.0,1.0,17.0,11.0,6.66333333333,43.994,-1.51416666667,55.925,462.666666667,0.183333333333,2.2,31.25,1.7505,0.0,720.0,10736.8046875,54.2291666667
2014.0,1.0,17.0,12.0,6.32166666667,43.379,-1.9925,55.325,465.083333333,0.316666666667,2.375,60.3333333333,1.80175,0.0,720.0,10736.8046875,53.1666666667
2014.0,1.0,17.0,13.0,6.21333333333,43.184,-1.38,58.25,392.916666667,0.241666666667,2.0,78.3333333333,1.818,0.0,720.0,10736.8046875,53.7916666667
2014.0,1.0,17.0,14.0,7.30416666667,45.1475,-1.29916666667,54.3583333333,311.833333333,0.0,0.125,193.25,1.654375,0.0,720.0,10736.8046875,52.9583333333
2014.0,1.0,17.0,15.0,6.91,44.438,-1.87333333333,53.5333333333,122.75,0.0,0.0166666666667,60.4166666667,1.7135,0.0,720.0,10736.8046875,52.625
2014.0,1.0,17.0,16.0,5.81083333333,42.4595,-2.0075,57.1666666667,23.0,0.0,0.0,86.75,1.878375,0.0,720.0,10736.8046875,52.1875
2014.0,1.0,17.0,17.0,5.32666666667,41.588,-1.7175,60.3916666667,1.0,0.0,0.0,47.5,1.951,0.0,720.0,10736.8046875,52.125
2014.0,1.0,17.0,18.0,5.325,41.585,-1.65083333333,60.6916666667,1.0,0.0,0.0,238.833333333,1.95125,0.0,720.0,10736.8046875,51.1666666667
2014.0,1.0,17.0,19.0,5.24666666667,41.444,-1.8575,60.1,1.0,0.0,0.0,264.0,1.963,0.0,720.0,10736.8046875,49.625
2014.0,1.0,17.0,20.0,5.3775,41.6795,-1.35916666667,61.7833333333,1.0,0.0,0.141666666667,254.75,1.943375,0.0,720.0,10736.8046875,49.0416666667
2014.0,1.0,17.0,21.0,5.10416666667,41.1875,-1.81916666667,60.8666666667,1.0,0.0,0.391666666667,242.0,1.984375,0.0,720.0,10736.8046875,46.8125
2014.0,1.0,17.0,22.0,4.78333333333,40.61,-1.94833333333,61.6583333333,1.0,0.0333333333333,0.966666666667,238.75,2.0325,0.0,720.0,10736.8046875,45.0833333333
2014.0,1.0,17.0,23.0,4.39333333333,39.908,-1.66833333333,64.7083333333,1.0,0.0333333333333,1.39166666667,236.0,2.091,0.0,720.0,10736.8046875,44.0208333333
2014.0,1.0,18.0,0.0,4.52416666667,40.1435,-0.3275,70.725,1.0,0.05,0.808333333333,265.666666667,2.071375,0.0,0.0,10736.8046875,44.25
2014.0,1.0,18.0,1.0,3.95416666667,39.1175,1.23,82.6583333333,1.0,0.0333333333333,0.341666666667,325.916666667,2.156875,0.0,0.0,10736.8046875,44.5208333333
2014.0,1.0,18.0,2.0,3.87833333333,38.981,1.7425,85.9416666667,1.0,0.0,0.0,278.916666667,2.16825,0.0,0.0,10736.8046875,43.8125
2014.0,1.0,18.0,3.0,3.44166666667,38.195,1.2275,85.4083333333,1.0,0.0166666666667,0.266666666667,252.833333333,2.23375,0.0,0.0,10736.8046875,47.1041666667
2014.0,1.0,18.0,4.0,2.99166666667,37.385,1.1,87.3666666667,1.0,0.0166666666667,0.275,243.5,2.30125,0.0,0.0,10736.8046875,47.8541666667
2014.0,1.0,18.0,5.0,2.91833333333,37.253,1.2225,88.6,1.0,0.05,0.925,193.166666667,2.31225,0.0,0.0,10736.8046875,47.7291666667
2014.0,1.0,18.0,6.0,2.16083333333,35.8895,-0.183333333333,84.4833333333,1.0,0.258333333333,2.79166666667,149.5,2.425875,0.0,0.0,10736.8046875,47.5
2014.0,1.0,18.0,7.0,1.69666666667,35.054,-0.560833333333,84.9583333333,5.75,0.6,5.6,133.666666667,2.4955,0.0,0.0,10736.8046875,46.0
2014.0,1.0,18.0,8.0,1.23333333333,34.22,-1.46666666667,82.2,18.75,0.716666666667,5.6,128.416666667,2.565,0.0,0.0,10736.8046875,45.7083333333
2014.0,1.0,18.0,9.0,1.3375,34.4075,-2.59083333333,75.125,104.25,0.941666666667,5.30833333333,114.833333333,2.549375,0.0,0.0,10736.8046875,46.1041666667
2014.0,1.0,18.0,10.0,2.265,36.077,-3.9825,63.5416666667,243.916666667,1.04166666667,5.825,120.166666667,2.41025,0.0,0.0,10736.8046875,46.5208333333
2014.0,1.0,18.0,11.0,3.7475,38.7455,-5.10666666667,52.4166666667,469.25,1.48333333333,7.00833333333,107.0,2.187875,0.0,0.0,10736.8046875,48.6041666667
2014.0,1.0,18.0,12.0,1.98416666667,35.5715,-5.2775,58.625,364.416666667,2.70833333333,8.56666666667,96.3333333333,2.452375,0.0,0.0,10736.8046875,48.4583333333
2014.0,1.0,18.0,13.0,1.14833333333,34.067,-6.58333333333,56.3,394.416666667,1.93333333333,6.90833333333,93.9166666667,2.57775,0.0,0.0,10736.8046875,48.7708333333
2014.0,1.0,18.0,14.0,0.613333333333,33.104,-8.11416666667,51.9833333333,329.75,2.18333333333,7.09166666667,97.5833333333,2.658,0.0,0.0,10736.8046875,49.4375
2014.0,1.0,18.0,15.0,0.3825,32.6885,-8.98416666667,49.3916666667,198.833333333,2.4,8.06666666667,97.6666666667,2.692625,0.0,0.0,10736.8046875,49.4583333333
2014.0,1.0,18.0,16.0,-1.26333333333,29.726,-10.1616666667,50.7666666667,44.8333333333,2.85833333333,8.28333333333,102.416666667,2.9395,0.0,0.0,10736.8046875,49.7916666667
2014.0,1.0,18.0,17.0,-2.54333333333,27.422,-11.0016666667,52.175,1.0,2.01666666667,7.25833333333,102.916666667,3.1315,0.0,0.0,10736.8046875,50.1458333333
2014.0,1.0,18.0,18.0,-3.06833333333,26.477,-11.39,52.6,1.0,2.24166666667,7.275,101.833333333,3.21025,0.0,0.0,10736.8046875,51.0
2014.0,1.0,18.0,19.0,-3.5925,25.5335,-11.5541666667,53.9833333333,1.0,1.38333333333,5.65,103.916666667,3.288875,0.0,0.0,10736.8046875,46.6041666667
2014.0,1.0,18.0,20.0,-4.1675,24.4985,-11.645,55.9666666667,1.0,0.666666666667,4.65,102.75,3.375125,0.0,0.0,10736.8046875,45.25
2014.0,1.0,18.0,21.0,-4.525,23.855,-11.4825,58.2416666667,1.0,0.55,3.65833333333,102.666666667,3.42875,0.0,0.0,10736.8046875,43.0625
2014.0,1.0,18.0,22.0,-4.84666666667,23.276,-11.3033333333,60.55,1.0,1.2,4.66666666667,95.5833333333,3.477,0.0,0.0,10736.8046875,41.5625
2014.0,1.0,18.0,23.0,-5.25916666667,22.5335,-11.27,62.6333333333,1.0,0.666666666667,3.93333333333,99.9166666667,3.538875,0.0,0.0,10736.8046875,41.625
2014.0,1.0,19.0,0.0,-5.38833333333,22.301,-11.27,63.2583333333,1.0,0.65,3.4,89.75,3.55825,0.0,0.0,10736.8046875,41.625
2014.0,1.0,19.0,1.0,-5.50333333333,22.094,-11.1766666667,64.2916666667,1.0,0.325,3.04166666667,100.0,3.5755,0.0,0.0,10736.8046875,41.0416666667
2014.0,1.0,19.0,2.0,-5.70583333333,21.7295,-11.2558333333,64.8833333333,1.0,0.133333333333,1.575,96.3333333333,3.605875,0.0,0.0,10736.8046875,40.8333333333
2014.0,1.0,19.0,3.0,-5.37166666667,22.331,-11.1291666667,63.8916666667,1.0,0.383333333333,2.91666666667,95.4166666667,3.55575,0.0,0.0,10736.8046875,43.7083333333
2014.0,1.0,19.0,4.0,-5.18333333333,22.67,-11.1183333333,63.0333333333,1.0,0.208333333333,2.39166666667,98.3333333333,3.5275,0.0,0.0,10736.8046875,43.6666666667
2014.0,1.0,19.0,5.0,-5.30583333333,22.4495,-10.9875,64.2916666667,1.0,0.616666666667,3.30833333333,92.3333333333,3.545875,0.0,0.0,10736.8046875,43.7916666667
2014.0,1.0,19.0,6.0,-5.50666666667,22.088,-10.9358333333,65.5583333333,1.0,0.608333333333,3.575,89.6666666667,3.576,0.0,0.0,10736.8046875,43.8333333333
2014.0,1.0,19.0,7.0,-4.89333333333,23.192,-10.5191666667,64.7166666667,34.1666666667,0.216666666667,2.15833333333,81.0,3.484,0.0,0.0,10736.8046875,42.0
2014.0,1.0,19.0,8.0,-4.3575,24.1565,-10.2683333333,63.3833333333,80.75,0.391666666667,3.03333333333,86.5833333333,3.403625,0.0,0.0,10736.8046875,41.8541666667
2014.0,1.0,19.0,9.0,-2.0275,28.3505,-9.96416666667,54.5916666667,274.083333333,0.216666666667,2.68333333333,73.25,3.054125,0.0,0.0,10736.8046875,42.25
2014.0,1.0,19.0,10.0,-0.9625,30.2675,-8.87833333333,54.975,292.583333333,0.458333333333,2.48333333333,63.8333333333,2.894375,0.0,0.0,10736.8046875,39.5416666667
2014.0,1.0,19.0,11.0,0.820833333333,33.4775,-7.95083333333,51.8916666667,354.25,1.36666666667,5.35,81.25,2.626875,0.0,0.0,10736.8046875,38.8333333333
2014.0,1.0,19.0,12.0,1.58083333333,34.8455,-6.9775,52.9333333333,374.0,0.975,4.35833333333,82.8333333333,2.512875,0.0,0.0,10736.8046875,38.5833333333
2014.0,1.0,19.0,13.0,3.57166666667,38.429,-5.58583333333,51.125,280.0,0.966666666667,4.93333333333,84.5833333333,2.21425,0.0,0.0,10736.8046875,39.75
2014.0,1.0,19.0,14.0,4.3375,39.8075,-4.60416666667,52.1666666667,150.083333333,2.55833333333,8.18333333333,92.4166666667,2.099375,0.0,0.0,10736.8046875,38.5416666667
2014.0,1.0,19.0,15.0,5.05416666667,41.0975,-4.58166666667,49.7083333333,172.333333333,3.56666666667,9.05833333333,93.3333333333,1.991875,0.0,0.0,10736.8046875,39.5208333333
2014.0,1.0,19.0,16.0,4.51666666667,40.13,-4.21916666667,53.1083333333,46.6666666667,1.425,5.86666666667,89.4166666667,2.0725,0.0,0.0,10736.8046875,40.0208333333
2014.0,1.0,19.0,17.0,3.475,38.255,-3.91333333333,58.4,1.0,0.716666666667,3.76666666667,80.1666666667,2.22875,0.0,0.0,10736.8046875,40.8541666667
2014.0,1.0,19.0,18.0,3.40333333333,38.126,-3.5175,60.4666666667,1.0,0.658333333333,3.28333333333,80.5,2.2395,0.0,0.0,10736.8046875,40.4791666667
2014.0,1.0,19.0,19.0,3.00916666667,37.4165,-3.35333333333,62.9416666667,1.0,0.441666666667,3.075,87.75,2.298625,0.0,0.0,10736.8046875,39.1875
2014.0,1.0,19.0,20.0,3.725,38.705,-3.84,57.7583333333,1.0,0.741666666667,4.51666666667,91.0,2.19125,0.0,0.0,10736.8046875,39.2291666667
2014.0,1.0,19.0,21.0,3.01583333333,37.4285,-3.62833333333,61.6333333333,1.0,0.316666666667,2.99166666667,79.6666666667,2.297625,0.0,0.0,10736.8046875,37.6458333333
2014.0,1.0,19.0,22.0,3.0325,37.4585,-3.805,60.7583333333,1.0,0.833333333333,4.29166666667,74.8333333333,2.295125,0.0,0.0,10736.8046875,36.0625
2014.0,1.0,19.0,23.0,2.79833333333,37.037,-3.565,62.9166666667,1.0,0.291666666667,2.475,84.9166666667,2.33025,0.0,0.0,10736.8046875,36.4583333333
2014.0,1.0,20.0,0.0,2.55583333333,36.6005,-3.46083333333,64.8333333333,1.0,0.133333333333,1.39166666667,78.0,2.366625,0.0,720.0,10736.8046875,36.7708333333
2014.0,1.0,20.0,1.0,2.21333333333,35.984,-2.77416666667,69.5583333333,1.0,0.816666666667,4.025,84.5833333333,2.418,0.0,720.0,10736.8046875,36.6875
2014.0,1.0,20.0,2.0,2.545,36.581,-2.18333333333,70.9666666667,1.0,0.45,3.075,82.5,2.36825,0.0,720.0,10736.8046875,36.25
2014.0,1.0,20.0,3.0,2.62333333333,36.722,-2.30666666667,69.9333333333,1.0,0.458333333333,3.39166666667,83.4166666667,2.3565,0.0,720.0,10736.8046875,38.1666666667
2014.0,1.0,20.0,4.0,2.71666666667,36.89,-2.155,70.2583333333,1.0,0.425,2.39166666667,78.8333333333,2.3425,0.0,720.0,10736.8046875,38.1875
2014.0,1.0,20.0,5.0,2.4825,36.4685,-2.0275,72.1083333333,1.0,0.0166666666667,0.525,73.75,2.377625,0.0,720.0,10736.8046875,38.6458333333
2014.0,1.0,20.0,6.0,2.25833333333,36.065,-2.01833333333,73.3166666667,1.0,0.933333333333,3.95833333333,82.1666666667,2.41125,0.0,720.0,10736.8046875,38.3125
2014.0,1.0,20.0,7.0,2.31583333333,36.1685,-1.84333333333,73.975,10.9166666667,1.225,4.225,78.4166666667,2.402625,0.0,720.0,10736.8046875,37.2708333333
2014.0,1.0,20.0,8.0,2.525,36.545,-1.56833333333,74.3833333333,32.1666666667,0.216666666667,1.625,76.5833333333,2.37125,0.0,720.0,10736.8046875,39.6041666667
2014.0,1.0,20.0,9.0,3.405,38.129,-1.67416666667,69.4333333333,127.583333333,0.7,2.91666666667,79.8333333333,2.23925,0.0,720.0,10736.8046875,42.125
2014.0,1.0,20.0,10.0,4.12,39.416,-1.65916666667,65.9833333333,107.333333333,0.116666666667,1.54166666667,75.75,2.132,0.0,720.0,10736.8046875,42.4375
2014.0,1.0,20.0,11.0,7.16166666667,44.891,-1.86916666667,52.7583333333,385.5,0.25,2.4,73.5833333333,1.67575,0.0,720.0,10736.8046875,43.4166666667
2014.0,1.0,20.0,12.0,9.90083333333,49.8215,-2.445,41.875,288.75,2.21666666667,6.93333333333,90.25,1.264875,0.0,720.0,10736.8046875,43.8125
2014.0,1.0,20.0,13.0,9.33583333333,48.8045,-2.55666666667,43.1333333333,194.75,3.625,9.59166666667,96.3333333333,1.349625,0.0,720.0,10736.8046875,43.2291666667
2014.0,1.0,20.0,14.0,9.48666666667,49.076,-2.24583333333,43.6916666667,240.333333333,3.36666666667,9.99166666667,96.8333333333,1.327,0.0,720.0,10736.8046875,42.0833333333
2014.0,1.0,20.0,15.0,8.86416666667,47.9555,-1.92166666667,46.6833333333,79.3333333333,2.30833333333,9.15,99.75,1.420375,0.0,720.0,10736.8046875,41.9583333333
2014.0,1.0,20.0,16.0,8.01833333333,46.433,-1.4825,51.0583333333,17.75,1.45,6.825,105.25,1.54725,0.0,720.0,10736.8046875,41.5
2014.0,1.0,20.0,17.0,6.91083333333,44.4395,-1.215,56.1666666667,1.16666666667,0.5,4.3,114.0,1.713375,0.0,720.0,10736.8046875,42.5
2014.0,1.0,20.0,18.0,5.91583333333,42.6485,-1.105,60.65,1.0,0.566666666667,4.65833333333,109.916666667,1.862625,0.0,720.0,10736.8046875,40.6458333333
2014.0,1.0,20.0,19.0,5.55916666667,42.0065,-1.21083333333,61.6666666667,1.0,0.491666666667,4.54166666667,107.666666667,1.916125,0.0,720.0,10736.8046875,40.5208333333
2014.0,1.0,20.0,20.0,5.26333333333,41.474,-1.25083333333,62.7833333333,1.0,0.391666666667,3.25,114.416666667,1.9605,0.0,720.0,10736.8046875,40.0416666667
2014.0,1.0,20.0,21.0,4.47416666667,40.0535,-2.1825,61.9583333333,1.0,0.391666666667,3.675,130.583333333,2.078875,0.0,720.0,10736.8046875,39.1875
2014.0,1.0,20.0,22.0,3.62666666667,38.528,-4.02833333333,57.275,1.0,0.183333333333,2.70833333333,123.75,2.206,0.0,720.0,10736.8046875,36.7083333333
2014.0,1.0,20.0,23.0,3.02583333333,37.4465,-4.24666666667,58.8,1.0,0.0333333333333,0.9,128.916666667,2.296125,0.0,720.0,10736.8046875,35.9791666667
2014.0,1.0,21.0,0.0,2.66083333333,36.7895,-4.37583333333,59.75,1.0,0.0,0.433333333333,155.083333333,2.350875,0.0,720.0,10736.8046875,36.25
2014.0,1.0,21.0,1.0,1.94166666667,35.495,-3.9475,65.1,1.0,0.241666666667,1.75,210.5,2.45875,0.0,720.0,10736.8046875,34.9375
2014.0,1.0,21.0,2.0,0.356666666667,32.642,-4.40583333333,70.3583333333,1.0,1.09166666667,4.95,200.916666667,2.6965,0.0,720.0,10736.8046875,35.1666666667
2014.0,1.0,21.0,3.0,-1.0075,30.1865,-6.51833333333,66.1916666667,1.0,1.25833333333,5.36666666667,201.333333333,2.901125,0.0,720.0,10736.8046875,36.3541666667
2014.0,1.0,21.0,4.0,-2.16916666667,28.0955,-8.7525,60.625,1.0,0.966666666667,4.68333333333,202.666666667,3.075375,0.0,720.0,10736.8046875,35.9791666667
2014.0,1.0,21.0,5.0,-2.4125,27.6575,-8.75666666667,61.7083333333,1.0,0.516666666667,3.875,211.75,3.111875,0.0,720.0,10736.8046875,35.875
2014.0,1.0,21.0,6.0,-2.90083333333,26.7785,-9.84833333333,58.7333333333,1.0,0.891666666667,4.56666666667,214.083333333,3.185125,0.0,720.0,10736.8046875,35.9166666667
2014.0,1.0,21.0,7.0,-3.18333333333,26.27,-10.9733333333,54.8416666667,10.3333333333,1.20833333333,5.38333333333,212.333333333,3.2275,0.0,720.0,10736.8046875,35.125
2014.0,1.0,21.0,8.0,-2.9825,26.6315,-10.8466666667,54.5833333333,33.0833333333,0.925,4.9,214.916666667,3.197375,0.0,720.0,10736.8046875,36.8958333333
2014.0,1.0,21.0,9.0,-3.74333333333,25.262,-9.94166666667,62.55,42.1666666667,1.89166666667,6.26666666667,212.416666667,3.3115,0.0,720.0,10736.8046875,47.25
2014.0,1.0,21.0,10.0,-5.10916666667,22.8035,-6.03083333333,93.4333333333,42.9166666667,1.65833333333,6.40833333333,190.0,3.516375,0.0,720.0,10736.8046875,47.4791666667
2014.0,1.0,21.0,11.0,-5.48583333333,22.1255,-5.90166666667,96.975,67.5,2.7,7.21666666667,189.333333333,3.572875,0.0,720.0,10736.8046875,49.4791666667
2014.0,1.0,21.0,12.0,-5.74833333333,21.653,-6.1425,97.15,60.1666666667,4.3,9.09166666667,189.916666667,3.61225,0.0,720.0,10736.8046875,49.4583333333
2014.0,1.0,21.0,13.0,-5.74583333333,21.6575,-6.09583333333,97.4666666667,75.8333333333,3.63333333333,8.825,207.166666667,3.611875,0.0,720.0,10736.8046875,49.5833333333
2014.0,1.0,21.0,14.0,-5.82583333333,21.5135,-6.18083333333,97.4416666667,65.1666666667,2.25833333333,7.66666666667,209.5,3.623875,0.0,720.0,10736.8046875,50.3333333333
2014.0,1.0,21.0,15.0,-6.50916666667,20.2835,-6.91666666667,97.025,26.8333333333,2.18333333333,7.50833333333,206.416666667,3.726375,0.0,720.0,10736.8046875,48.8958333333
2014.0,1.0,21.0,16.0,-7.57916666667,18.3575,-8.11833333333,96.0166666667,5.41666666667,3.54166666667,9.075,200.666666667,3.886875,0.0,720.0,10736.8046875,48.0208333333
2014.0,1.0,21.0,17.0,-7.975,17.645,-8.54833333333,95.7666666667,1.0,2.68333333333,7.43333333333,204.5,3.94625,0.0,720.0,10736.8046875,47.75
2014.0,1.0,21.0,18.0,-8.31916666667,17.0255,-8.91083333333,95.6083333333,1.0,2.325,7.025,201.583333333,3.997875,0.0,720.0,10736.8046875,46.8958333333
2014.0,1.0,21.0,19.0,-8.5825,16.5515,-9.20166666667,95.3916666667,1.0,2.24166666667,7.06666666667,203.333333333,4.037375,0.0,720.0,10736.8046875,46.5416666667
2014.0,1.0,21.0,20.0,-8.9825,15.8315,-9.62666666667,95.1833333333,1.0,2.175,7.33333333333,207.666666667,4.097375,0.0,720.0,10736.8046875,45.2708333333
2014.0,1.0,21.0,21.0,-9.44583333333,14.9975,-10.1291666667,94.8833333333,1.0,3.64166666667,9.83333333333,188.666666667,4.166875,0.0,720.0,10736.8046875,43.3541666667
2014.0,1.0,21.0,22.0,-9.90416666667,14.1725,-10.6833333333,94.1583333333,1.0,4.275,10.5666666667,190.166666667,4.235625,0.0,720.0,10736.8046875,41.9166666667
2014.0,1.0,21.0,23.0,-10.1191666667,13.7855,-10.9416666667,93.8333333333,1.0,3.2,8.65833333333,186.583333333,4.267875,0.0,720.0,10736.8046875,42.375
2014.0,1.0,22.0,0.0,-10.0558333333,13.8995,-11.2425,91.1666666667,1.0,1.925,7.05,175.916666667,4.258375,0.0,720.0,10736.8046875,41.0
2014.0,1.0,22.0,1.0,-10.4875,13.1225,-15.3008333333,68.1583333333,1.0,0.991666666667,5.43333333333,146.25,4.323125,0.0,720.0,10736.8046875,40.6458333333
2014.0,1.0,22.0,2.0,-11.6208333333,11.0825,-14.185,81.4166666667,1.0,2.05833333333,8.225,129.333333333,4.493125,0.0,720.0,10736.8046875,40.7083333333
2014.0,1.0,22.0,3.0,-13.5083333333,7.685,-15.6133333333,84.325,1.0,2.25833333333,8.25833333333,132.333333333,4.77625,0.0,720.0,10736.8046875,42.7083333333
2014.0,1.0,22.0,4.0,-14.6691666667,5.5955,-16.4675,86.325,1.0,1.89166666667,8.30833333333,134.166666667,4.950375,0.0,720.0,10736.8046875,42.9791666667
2014.0,1.0,22.0,5.0,-15.4033333333,4.274,-17.4766666667,84.275,1.0,2.25833333333,8.60833333333,132.416666667,5.0605,0.0,720.0,10736.8046875,42.8125
2014.0,1.0,22.0,6.0,-15.8333333333,3.5,-17.9133333333,84.2166666667,1.0,1.91666666667,7.63333333333,131.25,5.125,0.0,720.0,10736.8046875,42.7916666667
2014.0,1.0,22.0,7.0,-15.6266666667,3.872,-18.2583333333,80.35,40.9166666667,2.25,8.03333333333,131.75,5.094,0.0,720.0,10736.8046875,41.7916666667
2014.0,1.0,22.0,8.0,-14.0983333333,6.623,-16.4625,82.425,204.5,1.95,8.99166666667,135.75,4.86475,0.0,720.0,10736.8046875,42.6458333333
2014.0,1.0,22.0,9.0,-13.1858333333,8.2655,-15.3691666667,83.7583333333,351.0,2.55833333333,9.05833333333,132.25,4.727875,0.0,720.0,10736.8046875,41.125
2014.0,1.0,22.0,10.0,-12.0716666667,10.271,-15.1,78.325,460.083333333,2.44166666667,8.575,139.333333333,4.56075,0.0,720.0,10736.8046875,41.2083333333
2014.0,1.0,22.0,11.0,-10.5066666667,13.088,-14.9841666667,69.9083333333,517.833333333,1.68333333333,7.575,131.083333333,4.326,0.0,720.0,10736.8046875,42.4166666667
2014.0,1.0,22.0,12.0,-10.0216666667,13.961,-18.145,51.7333333333,520.583333333,1.99166666667,7.33333333333,121.75,4.25325,0.0,720.0,10736.8046875,42.8125
2014.0,1.0,22.0,13.0,-9.65833333333,14.615,-19.4316666667,44.7583333333,469.833333333,1.23333333333,5.89166666667,123.25,4.19875,0.0,720.0,10736.8046875,47.3125
2014.0,1.0,22.0,14.0,-8.75833333333,16.235,-19.26,42.3416666667,369.416666667,1.1,5.91666666667,112.5,4.06375,0.0,720.0,10736.8046875,47.1041666667
2014.0,1.0,22.0,15.0,-7.76166666667,18.029,-18.665,41.3666666667,230.416666667,0.833333333333,5.55,114.833333333,3.91425,0.0,720.0,10736.8046875,46.9375
2014.0,1.0,22.0,16.0,-8.71833333333,16.307,-18.53,45.0083333333,63.5833333333,0.758333333333,4.34166666667,98.5,4.05775,0.0,720.0,10736.8046875,46.6875
2014.0,1.0,22.0,17.0,-9.95666666667,14.078,-18.0825,51.425,1.16666666667,0.466666666667,3.83333333333,82.9166666667,4.2435,0.0,720.0,10736.8046875,48.1041666667
2014.0,1.0,22.0,18.0,-10.2316666667,13.583,-18.025,52.8,1.0,0.708333333333,4.75833333333,98.75,4.28475,0.0,720.0,10736.8046875,45.7291666667
2014.0,1.0,22.0,19.0,-10.4458333333,13.1975,-18.2141666667,52.8583333333,1.0,0.558333333333,3.8,94.75,4.316875,0.0,720.0,10736.8046875,45.1041666667
2014.0,1.0,22.0,20.0,-10.71,12.722,-18.2491666667,53.8166666667,1.0,0.3,2.86666666667,102.583333333,4.3565,0.0,720.0,10736.8046875,44.4791666667
2014.0,1.0,22.0,21.0,-10.7141666667,12.7145,-18.3991666667,53.1583333333,1.0,0.208333333333,2.45833333333,124.416666667,4.357125,0.0,720.0,10736.8046875,43.0416666667
2014.0,1.0,22.0,22.0,-10.8058333333,12.5495,-18.6258333333,52.525,1.0,0.35,3.06666666667,147.916666667,4.370875,0.0,720.0,10736.8046875,42.2291666667
2014.0,1.0,22.0,23.0,-11.0783333333,12.059,-18.5558333333,54.0,1.0,0.0666666666667,1.06666666667,127.5,4.41175,0.0,720.0,10736.8046875,41.2708333333
2014.0,1.0,23.0,0.0,-11.085,12.047,-18.3833333333,54.8333333333,1.0,0.0166666666667,0.891666666667,101.0,4.41275,0.0,720.0,10736.8046875,41.1041666667
2014.0,1.0,23.0,1.0,-11.1975,11.8445,-18.4825,54.8583333333,1.0,0.05,1.36666666667,96.0,4.429625,0.0,720.0,10736.8046875,40.5833333333
2014.0,1.0,23.0,2.0,-11.2558333333,11.7395,-18.3666666667,55.675,1.0,0.05,0.916666666667,106.333333333,4.438375,0.0,720.0,10736.8046875,40.2916666667
2014.0,1.0,23.0,3.0,-11.27,11.714,-18.355,55.7833333333,1.0,0.225,2.19166666667,89.5833333333,4.4405,0.0,720.0,10736.8046875,42.3333333333
2014.0,1.0,23.0,4.0,-11.7558333333,10.8395,-18.4325,57.6333333333,1.0,0.141666666667,1.425,92.75,4.513375,0.0,720.0,10736.8046875,42.4791666667
2014.0,1.0,23.0,5.0,-11.86,10.652,-18.1466666667,59.55,1.0,0.0166666666667,0.983333333333,111.666666667,4.529,0.0,720.0,10736.8046875,43.0416666667
2014.0,1.0,23.0,6.0,-11.8941666667,10.5905,-18.0791666667,60.05,1.0,0.05,1.35,94.0,4.534125,0.0,720.0,10736.8046875,42.6041666667
2014.0,1.0,23.0,7.0,-10.9808333333,12.2345,-17.6075,58.125,45.25,0.0333333333333,0.716666666667,83.5,4.397125,0.0,720.0,10736.8046875,41.0
2014.0,1.0,23.0,8.0,-9.47166666667,14.951,-17.0658333333,53.95,201.166666667,0.2,1.7,76.6666666667,4.17075,0.0,720.0,10736.8046875,40.8333333333
2014.0,1.0,23.0,9.0,-7.78833333333,17.981,-16.4233333333,49.9166666667,339.833333333,0.591666666667,3.86666666667,80.9166666667,3.91825,0.0,720.0,10736.8046875,40.5
2014.0,1.0,23.0,10.0,-6.35,20.57,-16.235,45.375,447.916666667,0.7,4.125,95.75,3.7025,0.0,720.0,10736.8046875,41.125
2014.0,1.0,23.0,11.0,-5.36166666667,22.349,-16.1141666667,42.4916666667,503.333333333,0.808333333333,4.45833333333,89.0,3.55425,0.0,720.0,10736.8046875,42.2916666667
2014.0,1.0,23.0,12.0,-5.325,22.415,-15.6208333333,44.1833333333,470.416666667,1.5,6.31666666667,89.0833333333,3.54875,0.0,720.0,10736.8046875,42.8333333333
2014.0,1.0,23.0,13.0,-5.31833333333,22.427,-14.945,46.6666666667,449.833333333,1.59166666667,6.425,89.75,3.54775,0.0,720.0,10736.8046875,42.4583333333
2014.0,1.0,23.0,14.0,-4.85416666667,23.2625,-14.6308333333,46.2416666667,347.833333333,1.24166666667,5.80833333333,87.75,3.478125,0.0,720.0,10736.8046875,41.5625
2014.0,1.0,23.0,15.0,-5.42166666667,22.241,-14.145,50.25,123.75,0.816666666667,4.71666666667,91.0833333333,3.56325,0.0,720.0,10736.8046875,43.7083333333
2014.0,1.0,23.0,16.0,-5.8825,21.4115,-14.685,49.8083333333,42.5,1.25,5.30833333333,89.8333333333,3.632375,0.0,720.0,10736.8046875,42.7708333333
2014.0,1.0,23.0,17.0,-6.70166666667,19.937,-14.3433333333,54.5333333333,1.08333333333,0.733333333333,4.09166666667,86.75,3.75525,0.0,720.0,10736.8046875,38.8541666667
2014.0,1.0,23.0,18.0,-7.27166666667,18.911,-13.8233333333,59.4666666667,1.0,0.833333333333,4.3,81.1666666667,3.84075,0.0,720.0,10736.8046875,36.5625
2014.0,1.0,23.0,19.0,-7.76666666667,18.02,-13.2475,64.8166666667,1.0,0.733333333333,3.93333333333,84.4166666667,3.915,0.0,720.0,10736.8046875,35.5833333333
2014.0,1.0,23.0,20.0,-8.17416666667,17.2865,-12.83,69.15,1.0,1.10833333333,4.775,87.4166666667,3.976125,0.0,720.0,10736.8046875,35.0625
2014.0,1.0,23.0,21.0,-8.51416666667,16.6745,-13.8908333333,65.15,1.0,0.8,4.75833333333,90.3333333333,4.027125,0.0,720.0,10736.8046875,42.1041666667
2014.0,1.0,23.0,22.0,-9.01416666667,15.7745,-15.8275,57.7166666667,1.0,1.74166666667,6.33333333333,97.25,4.102125,0.0,720.0,10736.8046875,43.7708333333
2014.0,1.0,23.0,23.0,-9.52666666667,14.852,-16.1483333333,58.5083333333,1.0,0.783333333333,5.18333333333,98.5833333333,4.179,0.0,720.0,10736.8046875,42.8125
2014.0,1.0,24.0,0.0,-10.015,13.973,-16.1983333333,60.5583333333,1.0,1.075,5.48333333333,100.5,4.25225,0.0,720.0,10736.8046875,43.5208333333
2014.0,1.0,24.0,1.0,-10.5416666667,13.025,-16.3866666667,62.1583333333,1.0,0.483333333333,4.25833333333,105.333333333,4.33125,0.0,720.0,10736.8046875,41.8958333333
2014.0,1.0,24.0,2.0,-10.8291666667,12.5075,-16.5458333333,62.7583333333,1.0,0.566666666667,3.65833333333,99.75,4.374375,0.0,720.0,10736.8046875,42.1458333333
2014.0,1.0,24.0,3.0,-11.135,11.957,-16.7858333333,63.025,1.0,0.541666666667,4.21666666667,93.8333333333,4.42025,0.0,720.0,10736.8046875,42.8958333333
2014.0,1.0,24.0,4.0,-11.4266666667,11.432,-17.1,62.825,1.0,1.14166666667,5.48333333333,89.75,4.464,0.0,720.0,10736.8046875,44.2916666667
2014.0,1.0,24.0,5.0,-11.7391666667,10.8695,-17.2591666667,63.575,1.0,1.18333333333,5.26666666667,90.8333333333,4.510875,0.0,720.0,10736.8046875,43.6666666667
2014.0,1.0,24.0,6.0,-12.0741666667,10.2665,-17.3866666667,64.6083333333,1.0,0.8,4.23333333333,96.9166666667,4.561125,0.0,720.0,10736.8046875,44.3125
2014.0,1.0,24.0,7.0,-11.4475,11.3945,-17.5716666667,60.5666666667,47.5833333333,0.7,4.10833333333,98.5833333333,4.467125,0.0,720.0,10736.8046875,43.7291666667
2014.0,1.0,24.0,8.0,-10.0258333333,13.9535,-18.2916666667,50.8333333333,206.25,0.816666666667,5.00833333333,105.416666667,4.253875,0.0,720.0,10736.8046875,45.4583333333
2014.0,1.0,24.0,9.0,-8.80583333333,16.1495,-18.6308333333,44.85,350.25,0.908333333333,5.85,116.083333333,4.070875,0.0,720.0,10736.8046875,48.7083333333
2014.0,1.0,24.0,10.0,-7.86333333333,17.846,-18.6433333333,41.5916666667,460.083333333,1.00833333333,5.56666666667,104.083333333,3.9295,0.0,720.0,10736.8046875,50.0833333333
2014.0,1.0,24.0,11.0,-6.70666666667,19.928,-18.6625,37.9916666667,518.75,0.875,5.475,109.916666667,3.756,0.0,720.0,10736.8046875,50.1458333333
2014.0,1.0,24.0,12.0,-6.96,19.472,-17.9066666667,41.3833333333,520.166666667,0.775,4.80833333333,97.3333333333,3.794,0.0,720.0,10736.8046875,51.2291666667
2014.0,1.0,24.0,13.0,-7.43916666667,18.6095,-17.3841666667,44.7916666667,466.75,0.7,4.3,89.5,3.865875,0.0,720.0,10736.8046875,49.4583333333
2014.0,1.0,24.0,14.0,-6.9925,19.4135,-17.4241666667,43.125,366.75,1.44166666667,4.95833333333,84.9166666667,3.798875,0.0,720.0,10736.8046875,50.3541666667
2014.0,1.0,24.0,15.0,-6.92083333333,19.5425,-17.5891666667,42.3083333333,230.166666667,2.225,6.70833333333,84.3333333333,3.788125,0.0,720.0,10736.8046875,50.3125
2014.0,1.0,24.0,16.0,-7.60166666667,18.317,-18.0533333333,42.925,64.3333333333,2.00833333333,5.88333333333,83.5,3.89025,0.0,720.0,10736.8046875,49.9583333333
2014.0,1.0,24.0,17.0,-8.4025,16.8755,-18.06,45.5833333333,1.16666666667,1.00833333333,4.31666666667,79.9166666667,4.010375,0.0,720.0,10736.8046875,50.7916666667
2014.0,1.0,24.0,18.0,-8.62166666667,16.481,-16.6,52.6833333333,1.0,0.583333333333,3.29166666667,75.25,4.04325,0.0,720.0,10736.8046875,47.5833333333
2014.0,1.0,24.0,19.0,-8.695,16.349,-15.2208333333,59.1916666667,1.0,0.316666666667,2.25833333333,76.5833333333,4.05425,0.0,720.0,10736.8046875,45.8541666667
2014.0,1.0,24.0,20.0,-8.48,16.736,-14.7091666667,60.7333333333,1.0,0.0166666666667,0.875,68.0,4.022,0.0,720.0,10736.8046875,45.4375
2014.0,1.0,24.0,21.0,-8.20166666667,17.237,-14.5333333333,60.2916666667,1.0,0.233333333333,2.825,28.0833333333,3.98025,0.0,720.0,10736.8046875,43.3125
2014.0,1.0,24.0,22.0,-8.29666666667,17.066,-15.0016666667,58.4333333333,1.0,0.05,0.975,52.3333333333,3.9945,0.0,720.0,10736.8046875,41.7291666667
2014.0,1.0,24.0,23.0,-8.01916666667,17.5655,-14.87,57.825,1.0,0.0333333333333,1.03333333333,47.6666666667,3.952875,0.0,720.0,10736.8046875,41.8541666667
2014.0,1.0,25.0,0.0,-6.965,19.463,-14.735,53.8666666667,1.0,1.15833333333,6.23333333333,21.9166666667,3.79475,0.0,0.0,10736.8046875,41.5833333333
2014.0,1.0,25.0,1.0,-6.695,19.949,-14.3183333333,54.6,1.0,1.18333333333,6.40833333333,50.1666666667,3.75425,0.0,0.0,10736.8046875,41.6875
2014.0,1.0,25.0,2.0,-6.77333333333,19.808,-14.2858333333,55.0833333333,1.0,1.8,7.06666666667,24.1666666667,3.766,0.0,0.0,10736.8046875,41.4375
2014.0,1.0,25.0,3.0,-6.94333333333,19.502,-14.04,56.9333333333,1.0,0.925,6.03333333333,67.5,3.7915,0.0,0.0,10736.8046875,43.4166666667
2014.0,1.0,25.0,4.0,-6.6325,20.0615,-13.6808333333,57.25,1.0,0.825,5.76666666667,74.8333333333,3.744875,0.0,0.0,10736.8046875,41.4166666667
2014.0,1.0,25.0,5.0,-5.9975,21.2045,-13.5175,55.2583333333,1.0,1.2,6.45833333333,22.0,3.649625,0.0,0.0,10736.8046875,43.6041666667
2014.0,1.0,25.0,6.0,-5.41,22.262,-13.2825,53.8583333333,1.25,1.26666666667,6.375,52.4166666667,3.5615,0.0,0.0,10736.8046875,43.5208333333
2014.0,1.0,25.0,7.0,-4.97583333333,23.0435,-12.985,53.3833333333,19.1666666667,0.841666666667,5.625,80.75,3.496375,0.0,0.0,10736.8046875,42.3125
2014.0,1.0,25.0,8.0,-4.3,24.26,-12.86,51.2416666667,91.0833333333,1.38333333333,6.56666666667,27.0833333333,3.395,0.0,0.0,10736.8046875,42.3125
2014.0,1.0,25.0,9.0,-3.52083333333,25.6625,-12.3583333333,50.325,136.75,1.23333333333,6.11666666667,28.9166666667,3.278125,0.0,0.0,10736.8046875,44.3333333333
2014.0,1.0,25.0,10.0,-3.05416666667,26.5025,-11.695,51.4833333333,140.833333333,1.03333333333,5.93333333333,39.6666666667,3.208125,0.0,0.0,10736.8046875,43.2708333333
2014.0,1.0,25.0,11.0,-4.69916666667,23.5415,-5.92416666667,91.2916666667,94.3333333333,0.491666666667,4.28333333333,30.6666666667,3.454875,0.0,0.0,10736.8046875,45.4166666667
2014.0,1.0,25.0,12.0,-4.4625,23.9675,-4.99833333333,96.125,114.75,0.408333333333,4.075,30.0,3.419375,0.0,0.0,10736.8046875,47.6875
2014.0,1.0,25.0,13.0,-3.93,24.926,-5.29916666667,90.325,111.416666667,0.791666666667,4.75,61.6666666667,3.3395,0.0,0.0,10736.8046875,49.2916666667
2014.0,1.0,25.0,14.0,-4.02,24.764,-4.6575,95.3916666667,80.1666666667,0.291666666667,2.725,73.25,3.353,0.0,0.0,10736.8046875,50.7291666667
2014.0,1.0,25.0,15.0,-4.0825,24.6515,-5.0625,92.9833333333,61.3333333333,0.2,2.80833333333,71.5833333333,3.362375,0.0,0.0,10736.8046875,50.5
2014.0,1.0,25.0,16.0,-4.165,24.503,-5.21583333333,92.45,32.0833333333,0.25,2.89166666667,70.25,3.37475,0.0,0.0,10736.8046875,50.9166666667
2014.0,1.0,25.0,17.0,-4.6675,23.5985,-7.15166666667,82.8083333333,1.25,0.35,3.15833333333,71.3333333333,3.450125,0.0,0.0,10736.8046875,50.7291666667
2014.0,1.0,25.0,18.0,-4.5,23.9,-7.52583333333,79.4166666667,1.0,0.35,1.80833333333,68.0833333333,3.425,0.0,0.0,10736.8046875,49.0833333333
2014.0,1.0,25.0,19.0,-4.70333333333,23.534,-8.34666666667,75.6833333333,1.0,0.858333333333,3.60833333333,74.6666666667,3.4555,0.0,0.0,10736.8046875,48.6875
2014.0,1.0,25.0,20.0,-4.89833333333,23.183,-8.7775,74.25,1.0,0.708333333333,3.025,75.0,3.48475,0.0,0.0,10736.8046875,48.2708333333
2014.0,1.0,25.0,21.0,-5.19416666667,22.6505,-9.14083333333,73.8083333333,1.0,0.0666666666667,0.958333333333,78.1666666667,3.529125,0.0,0.0,10736.8046875,46.7916666667
2014.0,1.0,25.0,22.0,-4.19333333333,24.452,-7.9975,74.9166666667,1.0,0.333333333333,2.025,84.75,3.379,0.0,0.0,10736.8046875,46.2708333333
2014.0,1.0,25.0,23.0,-2.91,26.762,-4.70416666667,87.6916666667,1.0,0.908333333333,4.7,88.3333333333,3.1865,0.0,0.0,10736.8046875,46.375
2014.0,1.0,26.0,0.0,-3.20666666667,26.228,-3.89416666667,95.0666666667,1.0,1.29166666667,6.1,96.0,3.231,0.0,0.0,10736.8046875,46.7916666667
2014.0,1.0,26.0,1.0,-3.7125,25.3175,-7.05083333333,78.05,1.0,1.50833333333,6.69166666667,102.333333333,3.306875,0.0,0.0,10736.8046875,46.125
2014.0,1.0,26.0,2.0,-4.87416666667,23.2265,-12.2225,56.5,1.0,1.76666666667,8.11666666667,99.25,3.481125,0.0,0.0,10736.8046875,45.3958333333
2014.0,1.0,26.0,3.0,-5.80666666667,21.548,-13.9133333333,52.7416666667,1.0,1.83333333333,6.59166666667,92.4166666667,3.621,0.0,0.0,10736.8046875,46.8958333333
2014.0,1.0,26.0,4.0,-6.6475,20.0345,-13.545,57.9833333333,1.0,0.508333333333,3.15,91.1666666667,3.747125,0.0,0.0,10736.8046875,48.5
2014.0,1.0,26.0,5.0,-7.41916666667,18.6455,-14.2991666667,57.875,1.0,0.1,1.8,106.083333333,3.862875,0.0,0.0,10736.8046875,48.3541666667
2014.0,1.0,26.0,6.0,-7.865,17.843,-14.7466666667,57.7083333333,1.0,0.3,2.55,93.9166666667,3.92975,0.0,0.0,10736.8046875,47.5833333333
2014.0,1.0,26.0,7.0,-7.53166666667,18.443,-14.475,57.5416666667,48.8333333333,0.225,2.26666666667,79.8333333333,3.87975,0.0,0.0,10736.8046875,46.1041666667
2014.0,1.0,26.0,8.0,-6.20583333333,20.8295,-14.6583333333,51.1583333333,213.75,0.283333333333,2.24166666667,73.25,3.680875,0.0,0.0,10736.8046875,46.2708333333
2014.0,1.0,26.0,9.0,-5.20666666667,22.628,-16.4191666667,41.0666666667,356.333333333,1.84166666667,6.16666666667,84.5833333333,3.531,0.0,0.0,10736.8046875,47.2291666667
2014.0,1.0,26.0,10.0,-4.31333333333,24.236,-17.1325,36.025,463.75,1.13333333333,5.14166666667,84.0833333333,3.397,0.0,0.0,10736.8046875,48.0208333333
2014.0,1.0,26.0,11.0,-2.88083333333,26.8145,-16.8275,33.2166666667,523.75,0.675,4.3,83.5833333333,3.182125,0.0,0.0,10736.8046875,48.75
2014.0,1.0,26.0,12.0,-2.79666666667,26.966,-16.0233333333,35.325,429.0,0.675,3.81666666667,71.0,3.1695,0.0,0.0,10736.8046875,50.6041666667
2014.0,1.0,26.0,13.0,-3.24916666667,26.1515,-14.8008333333,40.4583333333,209.166666667,1.225,5.28333333333,74.25,3.237375,0.0,0.0,10736.8046875,49.8333333333
2014.0,1.0,26.0,14.0,-3.47333333333,25.748,-13.1858333333,47.0,71.4166666667,1.21666666667,5.35833333333,64.9166666667,3.271,0.0,0.0,10736.8046875,49.2291666667
2014.0,1.0,26.0,15.0,-3.45,25.79,-9.0875,65.1333333333,140.916666667,0.541666666667,3.575,46.25,3.2675,0.0,0.0,10736.8046875,49.7916666667
2014.0,1.0,26.0,16.0,-4.0475,24.7145,-7.62333333333,76.2166666667,21.25,0.0666666666667,1.53333333333,158.583333333,3.357125,0.0,0.0,10736.8046875,49.4375
2014.0,1.0,26.0,17.0,-3.9825,24.8315,-7.65166666667,75.65,1.0,0.116666666667,1.725,344.25,3.347375,0.0,0.0,10736.8046875,51.0
2014.0,1.0,26.0,18.0,-3.6475,25.4345,-8.335,69.9583333333,1.0,0.0833333333333,1.45,279.25,3.297125,0.0,0.0,10736.8046875,50.0833333333
2014.0,1.0,26.0,19.0,-2.86333333333,26.846,-8.64083333333,64.4,1.0,0.0,0.1,321.333333333,3.1795,0.0,0.0,10736.8046875,49.5
2014.0,1.0,26.0,20.0,-2.06166666667,28.289,-7.80833333333,64.7416666667,1.0,0.0,0.0916666666667,320.416666667,3.05925,0.0,0.0,10736.8046875,48.7291666667
2014.0,1.0,26.0,21.0,-1.36916666667,29.5355,-6.72916666667,66.8583333333,1.0,0.0,0.0333333333333,252.083333333,2.955375,0.0,0.0,10736.8046875,46.0208333333
2014.0,1.0,26.0,22.0,-1.0775,30.0605,-6.37833333333,67.2333333333,1.0,0.0,0.0,310.25,2.911625,0.0,0.0,10736.8046875,45.3541666667
2014.0,1.0,26.0,23.0,-0.521666666667,31.061,-5.7125,67.925,1.0,0.0,0.108333333333,320.083333333,2.82825,0.0,0.0,10736.8046875,45.9166666667
2014.0,1.0,27.0,0.0,0.310833333333,32.5595,-4.29,71.2166666667,1.0,0.0,0.433333333333,335.5,2.703375,0.0,720.0,10736.8046875,46.125
2014.0,1.0,27.0,1.0,0.651666666667,33.173,-4.13666666667,70.275,1.0,0.0,0.0,26.1666666667,2.65225,0.0,720.0,10736.8046875,46.2083333333
2014.0,1.0,27.0,2.0,1.15583333333,34.0805,-4.10416666667,67.925,1.0,0.0,0.0333333333333,77.8333333333,2.576625,0.0,720.0,10736.8046875,44.9791666667
2014.0,1.0,27.0,3.0,0.5425,32.9765,-3.92916666667,71.9583333333,1.0,0.0,0.0,82.5,2.668625,0.0,720.0,10736.8046875,45.5625
2014.0,1.0,27.0,4.0,1.5075,34.7135,-3.28083333333,70.4416666667,1.0,0.0,0.0,237.75,2.523875,0.0,720.0,10736.8046875,47.6875
2014.0,1.0,27.0,5.0,2.2075,35.9735,-2.59416666667,70.5166666667,1.0,0.0,0.2,320.5,2.418875,0.0,720.0,10736.8046875,48.25
2014.0,1.0,27.0,6.0,3.7675,38.7815,-1.545,68.2166666667,1.0,0.05,1.09166666667,179.833333333,2.184875,0.0,720.0,10736.8046875,49.3125
2014.0,1.0,27.0,7.0,4.01083333333,39.2195,-1.35166666667,68.025,31.6666666667,0.0166666666667,0.483333333333,47.1666666667,2.148375,0.0,720.0,10736.8046875,47.6666666667
2014.0,1.0,27.0,8.0,4.405,39.929,-1.24833333333,66.6583333333,97.75,0.425,2.88333333333,77.5,2.08925,0.0,720.0,10736.8046875,49.0625
2014.0,1.0,27.0,9.0,5.0375,41.0675,-0.885,65.5083333333,185.083333333,0.775,3.44166666667,77.4166666667,1.994375,0.0,720.0,10736.8046875,50.8125
2014.0,1.0,27.0,10.0,6.97333333333,44.552,-1.06333333333,56.625,348.416666667,1.0,4.81666666667,78.0,1.704,0.0,720.0,10736.8046875,50.9791666667
2014.0,1.0,27.0,11.0,9.37,48.866,-1.71416666667,45.8583333333,515.166666667,0.816666666667,4.79166666667,107.166666667,1.3445,0.0,720.0,10736.8046875,54.25
2014.0,1.0,27.0,12.0,7.29,45.122,-2.73,49.0,561.5,1.85833333333,7.15833333333,116.916666667,1.6565,0.0,720.0,10736.8046875,52.3958333333
2014.0,1.0,27.0,13.0,4.84833333333,40.727,-3.655,54.125,262.0,1.18333333333,5.85833333333,121.416666667,2.02275,0.0,720.0,10736.8046875,54.1666666667
2014.0,1.0,27.0,14.0,2.07916666667,35.7425,-7.67833333333,48.4,168.916666667,2.16666666667,8.525,115.583333333,2.438125,0.0,720.0,10736.8046875,52.8333333333
2014.0,1.0,27.0,15.0,-0.895833333333,30.3875,-11.1266666667,45.7583333333,68.8333333333,1.96666666667,7.75833333333,123.083333333,2.884375,0.0,720.0,10736.8046875,53.3125
2014.0,1.0,27.0,16.0,-2.22833333333,27.989,-13.8358333333,40.55,14.0,1.61666666667,6.925,114.666666667,3.08425,0.0,720.0,10736.8046875,53.1458333333
2014.0,1.0,27.0,17.0,-2.52166666667,27.461,-14.2875,39.9166666667,1.0,0.691666666667,4.525,105.916666667,3.12825,0.0,720.0,10736.8046875,54.3333333333
2014.0,1.0,27.0,18.0,-2.70416666667,27.1325,-15.095,37.85,1.0,1.0,5.73333333333,104.25,3.155625,0.0,720.0,10736.8046875,53.2708333333
2014.0,1.0,27.0,19.0,-3.235,26.177,-16.4658333333,35.125,1.0,1.08333333333,6.15833333333,108.333333333,3.23525,0.0,720.0,10736.8046875,52.4166666667
2014.0,1.0,27.0,20.0,-4.06,24.692,-16.4216666667,37.5083333333,1.0,0.841666666667,5.14166666667,109.25,3.359,0.0,720.0,10736.8046875,51.4166666667
2014.0,1.0,27.0,21.0,-4.87916666667,23.2175,-17.0708333333,37.7833333333,1.0,1.125,5.68333333333,111.0,3.481875,0.0,720.0,10736.8046875,49.4166666667
2014.0,1.0,27.0,22.0,-5.3625,22.3475,-17.1333333333,38.9916666667,1.0,1.025,5.95833333333,115.5,3.554375,0.0,720.0,10736.8046875,49.0833333333
2014.0,1.0,27.0,23.0,-6.125,20.975,-17.3116666667,40.7166666667,1.0,0.816666666667,5.05833333333,105.25,3.66875,0.0,720.0,10736.8046875,47.8958333333
2014.0,1.0,28.0,0.0,-6.81333333333,19.736,-16.8666666667,44.6,1.0,0.666666666667,4.33333333333,108.333333333,3.772,0.0,720.0,10736.8046875,47.4791666667
2014.0,1.0,28.0,1.0,-7.7125,18.1175,-18.6958333333,41.0583333333,1.0,0.891666666667,5.28333333333,113.5,3.906875,0.0,720.0,10736.8046875,47.6666666667
2014.0,1.0,28.0,2.0,-8.3,17.06,-19.73,39.1833333333,1.0,0.783333333333,4.6,117.75,3.995,0.0,720.0,10736.8046875,47.3333333333
2014.0,1.0,28.0,3.0,-8.77916666667,16.1975,-19.5533333333,41.3083333333,1.0,0.9,5.08333333333,117.583333333,4.066875,0.0,720.0,10736.8046875,47.0833333333
2014.0,1.0,28.0,4.0,-9.56583333333,14.7815,-20.4025,40.8416666667,1.0,1.35833333333,6.56666666667,107.5,4.184875,0.0,720.0,10736.8046875,49.4583333333
2014.0,1.0,28.0,5.0,-10.2458333333,13.5575,-20.7683333333,41.7583333333,1.0,0.983333333333,5.575,119.333333333,4.286875,0.0,720.0,10736.8046875,49.0833333333
2014.0,1.0,28.0,6.0,-10.9433333333,12.302,-20.6091666667,44.75,1.0,0.925,5.05,123.833333333,4.3915,0.0,720.0,10736.8046875,50.5833333333
2014.0,1.0,28.0,7.0,-11.3025,11.6555,-20.5933333333,46.1166666667,28.0,0.658333333333,4.13333333333,115.833333333,4.445375,0.0,720.0,10736.8046875,48.6041666667
2014.0,1.0,28.0,8.0,-10.6708333333,12.7925,-20.5991666667,43.8916666667,174.583333333,0.783333333333,4.78333333333,121.416666667,4.350625,0.0,720.0,10736.8046875,50.125
2014.0,1.0,28.0,9.0,-9.96416666667,14.0645,-20.7558333333,40.875,251.5,0.825,4.475,146.5,4.244625,0.0,720.0,10736.8046875,51.4375
2014.0,1.0,28.0,10.0,-8.5875,16.5425,-20.9533333333,36.0833333333,410.5,0.475,3.325,145.083333333,4.038125,0.0,720.0,10736.8046875,55.0
2014.0,1.0,28.0,11.0,-7.88,17.816,-21.175,33.475,476.666666667,0.241666666667,2.65833333333,131.833333333,3.932,0.0,720.0,10736.8046875,54.5208333333
2014.0,1.0,28.0,12.0,-7.96166666667,17.669,-20.5958333333,35.4333333333,322.833333333,0.191666666667,2.45833333333,159.5,3.94425,0.0,720.0,10736.8046875,56.3125
2014.0,1.0,28.0,13.0,-8.51,16.682,-20.8266666667,36.2166666667,223.166666667,0.116666666667,1.55833333333,156.5,4.0265,0.0,720.0,10736.8046875,54.7708333333
2014.0,1.0,28.0,14.0,-8.37166666667,16.931,-20.6016666667,36.5333333333,189.333333333,0.125,1.79166666667,112.166666667,4.00575,0.0,720.0,10736.8046875,53.5833333333
2014.0,1.0,28.0,15.0,-8.06333333333,17.486,-20.2025,36.925,118.583333333,0.0833333333333,1.13333333333,133.083333333,3.9595,0.0,720.0,10736.8046875,55.5625
2014.0,1.0,28.0,16.0,-8.60083333333,16.5185,-20.2616666667,38.3083333333,27.4166666667,0.0666666666667,1.08333333333,121.166666667,4.040125,0.0,720.0,10736.8046875,55.3541666667
2014.0,1.0,28.0,17.0,-8.85,16.07,-19.9275,40.2166666667,1.0,0.0666666666667,1.43333333333,133.75,4.0775,0.0,720.0,10736.8046875,55.4791666667
2014.0,1.0,28.0,18.0,-9.10666666667,15.608,-20.0808333333,40.5,1.0,0.191666666667,2.23333333333,156.25,4.116,0.0,720.0,10736.8046875,54.6458333333
2014.0,1.0,28.0,19.0,-9.16333333333,15.506,-19.655,42.2083333333,1.0,0.0833333333333,1.43333333333,142.083333333,4.1245,0.0,720.0,10736.8046875,53.3958333333
2014.0,1.0,28.0,20.0,-9.47916666667,14.9375,-20.2216666667,41.2,1.0,0.0333333333333,0.958333333333,139.0,4.171875,0.0,720.0,10736.8046875,51.9791666667
2014.0,1.0,28.0,21.0,-9.62583333333,14.6735,-19.91,42.8166666667,1.0,0.0,0.525,128.25,4.193875,0.0,720.0,10736.8046875,48.7291666667
2014.0,1.0,28.0,22.0,-9.56833333333,14.777,-18.6275,48.075,1.0,0.0333333333333,1.03333333333,110.166666667,4.18525,0.0,720.0,10736.8046875,48.1458333333
2014.0,1.0,28.0,23.0,-10.1375,13.7525,-15.8125,63.5833333333,1.0,0.133333333333,1.63333333333,158.5,4.270625,0.0,720.0,10736.8046875,48.4791666667
2014.0,1.0,29.0,0.0,-10.5766666667,12.962,-13.6216666667,78.75,1.0,0.116666666667,1.49166666667,143.0,4.3365,0.0,720.0,10736.8046875,47.9791666667
2014.0,1.0,29.0,1.0,-10.855,12.461,-12.0633333333,90.9333333333,1.0,0.0,0.308333333333,124.916666667,4.37825,0.0,720.0,10736.8046875,47.75
2014.0,1.0,29.0,2.0,-10.7133333333,12.716,-11.7616666667,92.1083333333,1.0,0.0333333333333,0.558333333333,130.666666667,4.357,0.0,720.0,10736.8046875,47.3333333333
2014.0,1.0,29.0,3.0,-10.715,12.713,-11.7375,92.2916666667,1.0,0.366666666667,2.44166666667,138.0,4.35725,0.0,720.0,10736.8046875,48.4166666667
2014.0,1.0,29.0,4.0,-10.8358333333,12.4955,-11.7308333333,93.25,1.0,0.216666666667,2.4,140.583333333,4.375375,0.0,720.0,10736.8046875,50.375
2014.0,1.0,29.0,5.0,-10.635,12.857,-11.8316666667,91.0416666667,1.0,0.05,1.125,110.583333333,4.34525,0.0,720.0,10736.8046875,50.8333333333
2014.0,1.0,29.0,6.0,-10.6808333333,12.7745,-14.7925,72.1083333333,1.0,0.05,1.29166666667,109.166666667,4.352125,0.0,720.0,10736.8046875,51.1458333333
2014.0,1.0,29.0,7.0,-11.0733333333,12.068,-18.0608333333,56.3916666667,28.6666666667,0.166666666667,2.59166666667,117.166666667,4.411,0.0,720.0,10736.8046875,48.6666666667
2014.0,1.0,29.0,8.0,-10.3616666667,13.349,-19.8391666667,45.7,135.333333333,0.291666666667,3.45833333333,114.916666667,4.30425,0.0,720.0,10736.8046875,50.8333333333
2014.0,1.0,29.0,9.0,-9.47333333333,14.948,-20.5391666667,40.3333333333,299.75,0.341666666667,3.425,114.25,4.171,0.0,720.0,10736.8046875,52.2916666667
2014.0,1.0,29.0,10.0,-7.34083333333,18.7865,-21.2183333333,32.0,484.583333333,0.691666666667,4.20833333333,127.25,3.851125,0.0,720.0,10736.8046875,53.8125
2014.0,1.0,29.0,11.0,-5.985,21.227,-20.9516666667,29.4916666667,543.083333333,0.291666666667,2.88333333333,112.166666667,3.64775,0.0,720.0,10736.8046875,54.25
2014.0,1.0,29.0,12.0,-6.1475,20.9345,-20.1391666667,32.0666666667,546.083333333,0.633333333333,3.94166666667,92.6666666667,3.672125,0.0,720.0,10736.8046875,53.2083333333
2014.0,1.0,29.0,13.0,-6.78666666667,19.784,-19.8583333333,34.4666666667,494.916666667,1.63333333333,5.7,90.9166666667,3.768,0.0,720.0,10736.8046875,53.9375
2014.0,1.0,29.0,14.0,-5.96583333333,21.2615,-19.4866666667,33.4083333333,395.833333333,1.95833333333,6.68333333333,96.1666666667,3.644875,0.0,720.0,10736.8046875,55.1875
2014.0,1.0,29.0,15.0,-5.47333333333,22.148,-19.0125,33.5416666667,255.666666667,1.61666666667,6.325,90.0,3.571,0.0,720.0,10736.8046875,55.0
2014.0,1.0,29.0,16.0,-5.75333333333,21.644,-19.2966666667,33.4583333333,86.8333333333,1.58333333333,5.53333333333,88.25,3.613,0.0,720.0,10736.8046875,53.6666666667
2014.0,1.0,29.0,17.0,-6.95833333333,19.475,-18.6116666667,38.875,1.83333333333,1.65833333333,5.3,89.5,3.79375,0.0,720.0,10736.8046875,53.8958333333
2014.0,1.0,29.0,18.0,-7.43916666667,18.6095,-18.2691666667,41.5416666667,1.0,0.833333333333,4.15,85.0,3.865875,0.0,720.0,10736.8046875,50.6458333333
2014.0,1.0,29.0,19.0,-7.88166666667,17.813,-18.0866666667,43.6666666667,1.0,0.858333333333,4.00833333333,84.0,3.93225,0.0,720.0,10736.8046875,47.0416666667
2014.0,1.0,29.0,20.0,-8.17833333333,17.279,-17.8558333333,45.575,1.0,0.8,4.04166666667,83.6666666667,3.97675,0.0,720.0,10736.8046875,46.2916666667
2014.0,1.0,29.0,21.0,-8.28583333333,17.0855,-17.8033333333,46.1666666667,1.0,0.641666666667,3.78333333333,91.3333333333,3.992875,0.0,720.0,10736.8046875,47.0
2014.0,1.0,29.0,22.0,-8.54166666667,16.625,-17.625,47.825,1.0,0.258333333333,2.49166666667,87.4166666667,4.03125,0.0,720.0,10736.8046875,49.6875
2014.0,1.0,29.0,23.0,-8.61666666667,16.49,-17.3875,49.075,1.0,0.116666666667,1.675,93.1666666667,4.0425,0.0,720.0,10736.8046875,49.5833333333
2014.0,1.0,30.0,0.0,-8.82583333333,16.1135,-17.2466666667,50.475,1.0,0.0166666666667,1.00833333333,87.6666666667,4.073875,0.0,720.0,10736.8046875,47.7291666667
2014.0,1.0,30.0,1.0,-9.36583333333,15.1415,-17.5016666667,51.55,1.0,0.1,1.05,72.8333333333,4.154875,0.0,720.0,10736.8046875,47.3125
2014.0,1.0,30.0,2.0,-9.34333333333,15.182,-17.5166666667,51.4,1.0,0.458333333333,2.45,91.25,4.1515,0.0,720.0,10736.8046875,47.5208333333
2014.0,1.0,30.0,3.0,-9.45833333333,14.975,-17.5025,51.925,1.0,0.325,2.31666666667,89.3333333333,4.16875,0.0,720.0,10736.8046875,48.6666666667
2014.0,1.0,30.0,4.0,-9.365,15.143,-17.5458333333,51.3583333333,1.0,0.0333333333333,0.966666666667,86.5,4.15475,0.0,720.0,10736.8046875,50.1666666667
2014.0,1.0,30.0,5.0,-9.685,14.567,-17.1491666667,54.4666666667,1.0,0.0,0.0,111.583333333,4.20275,0.0,720.0,10736.8046875,50.5416666667
2014.0,1.0,30.0,6.0,-9.97083333333,14.0525,-16.925,56.7833333333,1.08333333333,0.0,0.125,95.9166666667,4.245625,0.0,720.0,10736.8046875,50.5625
2014.0,1.0,30.0,7.0,-8.59666666667,16.526,-17.0841666667,50.4333333333,61.25,0.0,0.125,107.916666667,4.0395,0.0,720.0,10736.8046875,49.6041666667
2014.0,1.0,30.0,8.0,-5.29666666667,22.466,-17.4233333333,37.9,227.25,0.0,0.0333333333333,116.0,3.5445,0.0,720.0,10736.8046875,51.1458333333
2014.0,1.0,30.0,9.0,-2.585,27.347,-17.4825,30.775,371.666666667,0.0,0.0,107.916666667,3.13775,0.0,720.0,10736.8046875,53.125
2014.0,1.0,30.0,10.0,-1.57166666667,29.171,-16.8958333333,29.975,480.0,0.0,0.25,184.166666667,2.98575,0.0,720.0,10736.8046875,54.5625
2014.0,1.0,30.0,11.0,-0.390833333333,31.2965,-16.1383333333,29.275,534.916666667,0.0,0.316666666667,230.166666667,2.808625,0.0,720.0,10736.8046875,54.25
2014.0,1.0,30.0,12.0,-0.695,30.749,-14.8891666667,33.35,539.333333333,0.0166666666667,0.233333333333,277.083333333,2.85425,0.0,720.0,10736.8046875,55.6041666667
2014.0,1.0,30.0,13.0,-1.9375,28.5125,-14.3841666667,37.95,492.583333333,0.05,1.34166666667,255.5,3.040625,0.0,720.0,10736.8046875,55.3125
2014.0,1.0,30.0,14.0,-1.425,29.435,-14.5408333333,36.0583333333,396.583333333,0.366666666667,2.525,154.083333333,2.96375,0.0,720.0,10736.8046875,54.2291666667
2014.0,1.0,30.0,15.0,-1.42166666667,29.441,-15.3475,33.7333333333,261.583333333,0.583333333333,3.50833333333,67.0,2.96325,0.0,720.0,10736.8046875,55.0416666667
2014.0,1.0,30.0,16.0,-1.7975,28.7645,-15.4375,34.475,94.1666666667,0.2,1.39166666667,61.9166666667,3.019625,0.0,720.0,10736.8046875,55.3333333333
2014.0,1.0,30.0,17.0,-3.6125,25.4975,-14.465,42.675,1.83333333333,0.0166666666667,0.975,238.25,3.291875,0.0,720.0,10736.8046875,52.6875
2014.0,1.0,30.0,18.0,-4.1675,24.4985,-13.8083333333,46.975,1.0,0.0,0.225,224.666666667,3.375125,0.0,720.0,10736.8046875,46.2708333333
2014.0,1.0,30.0,19.0,-4.60416666667,23.7125,-12.8925,52.3333333333,1.0,0.0166666666667,0.683333333333,110.25,3.440625,0.0,720.0,10736.8046875,52.0208333333
2014.0,1.0,30.0,20.0,-5.36833333333,22.337,-12.4275,57.55,1.0,0.0,0.658333333333,236.416666667,3.55525,0.0,720.0,10736.8046875,51.5
2014.0,1.0,30.0,21.0,-5.79666666667,21.566,-12.3933333333,59.625,1.0,0.0666666666667,1.10833333333,85.9166666667,3.6195,0.0,720.0,10736.8046875,49.5833333333
2014.0,1.0,30.0,22.0,-5.75833333333,21.635,-11.8875,61.9333333333,1.0,0.0833333333333,0.908333333333,78.3333333333,3.61375,0.0,720.0,10736.8046875,48.375
2014.0,1.0,30.0,23.0,-5.30833333333,22.445,-10.4658333333,67.0666666667,1.0,0.0,0.0,210.833333333,3.54625,0.0,720.0,10736.8046875,48.75
2014.0,1.0,31.0,0.0,-5.0625,22.8875,-9.09666666667,73.3166666667,1.0,0.0,0.0916666666667,244.833333333,3.509375,0.0,720.0,10736.8046875,47.9583333333
2014.0,1.0,31.0,1.0,-5.0225,22.9595,-8.72666666667,75.2416666667,1.0,0.0,0.125,142.25,3.503375,0.0,720.0,10736.8046875,46.8958333333
2014.0,1.0,31.0,2.0,-5.00666666667,22.988,-8.31083333333,77.65,1.0,0.1,0.875,131.166666667,3.501,0.0,720.0,10736.8046875,46.3125
2014.0,1.0,31.0,3.0,-4.8025,23.3555,-7.64166666667,80.5333333333,1.0,0.1,0.866666666667,74.6666666667,3.470375,0.0,720.0,10736.8046875,47.5208333333
2014.0,1.0,31.0,4.0,-4.65,23.63,-7.21833333333,82.2583333333,1.0,0.0,0.158333333333,77.5,3.4475,0.0,720.0,10736.8046875,49.8333333333
2014.0,1.0,31.0,5.0,-3.9375,24.9125,-7.13166666667,78.4833333333,1.0,0.141666666667,1.4,68.9166666667,3.340625,0.0,720.0,10736.8046875,50.1041666667
2014.0,1.0,31.0,6.0,-3.965,24.863,-7.3875,77.1,1.0,0.116666666667,1.35,75.4166666667,3.34475,0.0,720.0,10736.8046875,50.125
2014.0,1.0,31.0,7.0,-3.565,25.583,-7.0625,76.7083333333,25.8333333333,0.0833333333333,0.991666666667,90.9166666667,3.28475,0.0,720.0,10736.8046875,50.125
2014.0,1.0,31.0,8.0,-2.095,28.229,-7.05916666667,69.025,135.833333333,0.0333333333333,0.325,83.8333333333,3.06425,0.0,720.0,10736.8046875,51.1666666667
2014.0,1.0,31.0,9.0,-0.0783333333333,31.859,-8.46916666667,53.2416666667,229.75,0.0,0.05,82.6666666667,2.76175,0.0,720.0,10736.8046875,53.1041666667
2014.0,1.0,31.0,10.0,2.1575,35.8835,-7.68916666667,48.15,260.416666667,0.0,0.0166666666667,95.8333333333,2.426375,0.0,720.0,10736.8046875,53.0833333333
2014.0,1.0,31.0,11.0,5.65833333333,42.185,-7.17666666667,39.3333333333,437.75,0.0,0.0583333333333,69.0,1.90125,0.0,720.0,10736.8046875,53.9791666667
2014.0,1.0,31.0,12.0,8.27333333333,46.892,-7.90166666667,30.9083333333,499.416666667,0.0333333333333,1.05833333333,100.833333333,1.509,0.0,720.0,10736.8046875,55.1041666667
2014.0,1.0,31.0,13.0,7.845,46.121,-8.7775,29.7083333333,395.416666667,0.2,2.53333333333,129.666666667,1.57325,0.0,720.0,10736.8046875,53.1458333333
2014.0,1.0,31.0,14.0,6.98083333333,44.5655,-7.55833333333,34.65,348.25,0.283333333333,2.3,191.833333333,1.702875,0.0,720.0,10736.8046875,53.1875
2014.0,1.0,31.0,15.0,7.6925,45.8465,-7.89416666667,32.1833333333,226.25,0.1,1.03333333333,124.416666667,1.596125,0.0,720.0,10736.8046875,54.7708333333
2014.0,1.0,31.0,16.0,6.9175,44.4515,-8.30916666667,32.9,80.75,0.0,0.191666666667,114.666666667,1.712375,0.0,720.0,10736.8046875,54.4583333333
2014.0,1.0,31.0,17.0,4.82583333333,40.6865,-5.67666666667,46.75,1.75,0.0666666666667,0.575,76.4166666667,2.026125,0.0,720.0,10736.8046875,54.2083333333
2014.0,1.0,31.0,18.0,4.36416666667,39.8555,-4.675,51.8083333333,1.0,0.0,0.0,61.25,2.095375,0.0,720.0,10736.8046875,52.625
2014.0,1.0,31.0,19.0,3.25666666667,37.862,-4.26083333333,57.8,1.0,0.0,0.0,315.916666667,2.2615,0.0,720.0,10736.8046875,52.8125
2014.0,1.0,31.0,20.0,2.6325,36.7385,-4.6375,58.7083333333,1.0,0.0,0.05,71.3333333333,2.355125,0.0,720.0,10736.8046875,49.6458333333
2014.0,1.0,31.0,21.0,2.64666666667,36.764,-4.32833333333,60.0333333333,1.0,0.0,0.641666666667,69.9166666667,2.353,0.0,720.0,10736.8046875,47.7708333333
2014.0,1.0,31.0,22.0,2.97166666667,37.349,-3.99,60.1666666667,1.0,0.0,0.158333333333,81.25,2.30425,0.0,720.0,10736.8046875,46.5833333333
2014.0,1.0,31.0,23.0,2.98833333333,37.379,-3.64583333333,61.6666666667,1.0,0.0,0.075,82.5833333333,2.30175,0.0,720.0,10736.8046875,46.4583333333
2014.0,2.0,1.0,0.0,2.7875,37.0175,-3.55583333333,62.9916666667,1.0,0.0,0.0,34.1666666667,2.331875,0.0,0.0,10736.8046875,45.3958333333
2014.0,2.0,1.0,1.0,2.49833333333,36.497,-3.86833333333,62.8,1.0,0.0,0.0,67.3333333333,2.37525,0.0,0.0,10736.8046875,44.9375
2014.0,2.0,1.0,2.0,2.55166666667,36.593,-3.95083333333,62.1833333333,1.0,0.0,0.0,88.8333333333,2.36725,0.0,0.0,10736.8046875,45.0208333333
2014.0,2.0,1.0,3.0,2.93,37.274,-3.64583333333,61.925,1.0,0.0,0.0,88.8333333333,2.3105,0.0,0.0,10736.8046875,46.25
2014.0,2.0,1.0,4.0,2.61833333333,36.713,-3.00916666667,66.4333333333,1.0,0.0,0.0,27.8333333333,2.35725,0.0,0.0,10736.8046875,48.8333333333
2014.0,2.0,1.0,5.0,2.1775,35.9195,-2.84916666667,69.3583333333,1.0,0.0,0.0,245.666666667,2.423375,0.0,0.0,10736.8046875,48.8125
2014.0,2.0,1.0,6.0,1.565,34.817,-3.16916666667,70.75,1.16666666667,0.0,0.0,225.666666667,2.51525,0.0,0.0,10736.8046875,48.2083333333
2014.0,2.0,1.0,7.0,2.2425,36.0365,-3.71583333333,64.7666666667,46.1666666667,0.0,0.0,232.333333333,2.413625,0.0,0.0,10736.8046875,46.3125
2014.0,2.0,1.0,8.0,3.96416666667,39.1355,-4.035,55.9083333333,133.5,0.0,0.0,227.083333333,2.155375,0.0,0.0,10736.8046875,45.7708333333
2014.0,2.0,1.0,9.0,6.49333333333,43.688,-4.87166666667,44.6083333333,323.083333333,0.0,0.0166666666667,304.833333333,1.776,0.0,0.0,10736.8046875,47.2083333333
2014.0,2.0,1.0,10.0,8.78333333333,47.81,-5.97666666667,34.625,437.5,0.0,0.0166666666667,314.5,1.4325,0.0,0.0,10736.8046875,48.2083333333
2014.0,2.0,1.0,11.0,9.32,48.776,-5.3025,35.1416666667,421.0,0.0,0.366666666667,309.833333333,1.352,0.0,0.0,10736.8046875,48.3958333333
2014.0,2.0,1.0,12.0,9.59083333333,49.2635,-5.14666666667,34.9083333333,382.666666667,0.175,1.64166666667,309.5,1.311375,0.0,0.0,10736.8046875,48.6666666667
2014.0,2.0,1.0,13.0,9.79833333333,49.637,-4.725,35.5416666667,347.416666667,0.15,1.78333333333,320.75,1.28025,0.0,0.0,10736.8046875,49.0416666667
2014.0,2.0,1.0,14.0,10.21,50.378,-4.76916666667,34.4583333333,307.416666667,0.283333333333,2.525,313.416666667,1.2185,0.0,0.0,10736.8046875,49.25
2014.0,2.0,1.0,15.0,9.86083333333,49.7495,-4.68833333333,35.4916666667,223.416666667,0.883333333333,4.09166666667,309.166666667,1.270875,0.0,0.0,10736.8046875,49.6875
2014.0,2.0,1.0,16.0,9.16416666667,48.4955,-3.91833333333,39.5416666667,87.0833333333,0.4,3.28333333333,308.833333333,1.375375,0.0,0.0,10736.8046875,49.0208333333
2014.0,2.0,1.0,17.0,7.00166666667,44.603,-0.669166666667,58.375,2.0,0.05,1.65833333333,295.75,1.69975,0.0,0.0,10736.8046875,49.2916666667
2014.0,2.0,1.0,18.0,6.2875,43.3175,0.564166666667,66.7416666667,1.0,0.0,0.141666666667,287.75,1.806875,0.0,0.0,10736.8046875,48.6875
2014.0,2.0,1.0,19.0,5.63166666667,42.137,0.4975,69.5166666667,1.0,0.0,0.516666666667,281.75,1.90525,0.0,0.0,10736.8046875,48.9375
2014.0,2.0,1.0,20.0,4.935,40.883,0.689166666667,73.975,1.0,0.0,0.141666666667,286.166666667,2.00975,0.0,0.0,10736.8046875,47.2291666667
2014.0,2.0,1.0,21.0,4.87,40.766,1.54833333333,79.0583333333,1.0,0.0,0.2,298.166666667,2.0195,0.0,0.0,10736.8046875,45.5416666667
2014.0,2.0,1.0,22.0,4.56416666667,40.2155,1.98166666667,83.325,1.0,0.0,0.0,288.583333333,2.065375,0.0,0.0,10736.8046875,45.5208333333
2014.0,2.0,1.0,23.0,4.17,39.506,2.07,86.175,1.0,0.0,0.0,284.333333333,2.1245,0.0,0.0,10736.8046875,45.0416666667
2014.0,2.0,2.0,0.0,3.76583333333,38.7785,1.3925,84.475,1.0,0.0,0.0,276.75,2.185125,0.0,0.0,10736.8046875,45.0
2014.0,2.0,2.0,1.0,3.30666666667,37.952,1.03333333333,85.0416666667,1.0,0.0,0.0,188.0,2.254,0.0,0.0,10736.8046875,44.2708333333
2014.0,2.0,2.0,2.0,2.67416666667,36.8135,0.836666666667,87.6833333333,1.0,0.0,0.0,182.75,2.348875,0.0,0.0,10736.8046875,44.1875
2014.0,2.0,2.0,3.0,2.60916666667,36.6965,0.9775,88.9833333333,1.0,0.0,0.0,221.0,2.358625,0.0,0.0,10736.8046875,45.1666666667
2014.0,2.0,2.0,4.0,1.74416666667,35.1395,0.260833333333,89.8833333333,1.0,0.0,0.0,263.25,2.488375,0.0,0.0,10736.8046875,47.7916666667
2014.0,2.0,2.0,5.0,2.12666666667,35.828,0.653333333333,89.975,1.0,0.0,0.0,263.0,2.431,0.0,0.0,10736.8046875,48.0208333333
2014.0,2.0,2.0,6.0,2.84666666667,37.124,1.65916666667,91.8833333333,1.08333333333,0.0,0.0,263.25,2.323,0.0,0.0,10736.8046875,47.1041666667
2014.0,2.0,2.0,7.0,3.73666666667,38.726,1.9275,87.9916666667,63.8333333333,0.0,0.0,201.416666667,2.1895,0.0,0.0,10736.8046875,46.0833333333
2014.0,2.0,2.0,8.0,5.06833333333,41.123,1.9525,80.275,187.166666667,0.0,0.0,52.3333333333,1.98975,0.0,0.0,10736.8046875,45.7083333333
2014.0,2.0,2.0,9.0,7.04916666667,44.6885,1.95166666667,70.2083333333,308.333333333,0.0,0.0,57.5,1.692625,0.0,0.0,10736.8046875,47.25
2014.0,2.0,2.0,10.0,8.96083333333,48.1295,2.08083333333,62.0583333333,276.25,0.0,0.0,61.25,1.405875,0.0,0.0,10736.8046875,47.9791666667
2014.0,2.0,2.0,11.0,10.1941666667,50.3495,1.97166666667,56.6833333333,222.916666667,0.0,0.0,56.3333333333,1.220875,0.0,0.0,10736.8046875,47.4166666667
2014.0,2.0,2.0,12.0,11.9425,53.4965,2.44,52.2666666667,444.333333333,0.0,0.0,147.666666667,0.958625,0.0,0.0,10736.8046875,47.125
2014.0,2.0,2.0,13.0,12.6183333333,54.713,2.72083333333,50.9166666667,337.416666667,0.0,0.0,237.083333333,0.85725,0.0,0.0,10736.8046875,47.3333333333
2014.0,2.0,2.0,14.0,12.8466666667,55.124,2.70416666667,50.075,277.833333333,0.0,0.325,335.583333333,0.823,0.0,0.0,10736.8046875,47.7083333333
2014.0,2.0,2.0,15.0,13.1858333333,55.7345,2.285,47.5416666667,166.666666667,0.0,0.0,263.416666667,0.772125,0.0,0.0,10736.8046875,48.2708333333
2014.0,2.0,2.0,16.0,11.785,53.213,2.26833333333,52.0333333333,46.5,0.0,0.0,78.25,0.98225,0.0,0.0,10736.8046875,48.75
2014.0,2.0,2.0,17.0,11.4791666667,52.6625,2.2975,53.2,1.16666666667,0.0,0.0,49.6666666667,1.028125,0.0,0.0,10736.8046875,49.2291666667
2014.0,2.0,2.0,18.0,11.025,51.845,2.32333333333,54.9416666667,1.0,0.0,0.0,115.083333333,1.09625,0.0,0.0,10736.8046875,48.5833333333
2014.0,2.0,2.0,19.0,10.92,51.656,2.68333333333,56.75,1.0,0.0,0.0,95.8333333333,1.112,0.0,0.0,10736.8046875,49.0
2014.0,2.0,2.0,20.0,10.2625,50.4725,3.285,61.975,1.0,0.125,1.30833333333,132.5,1.210625,0.0,0.0,10736.8046875,47.7083333333
2014.0,2.0,2.0,21.0,8.90083333333,48.0215,4.39916666667,73.375,1.0,0.116666666667,1.69166666667,174.5,1.414875,0.0,0.0,10736.8046875,45.6875
2014.0,2.0,2.0,22.0,8.16083333333,46.6895,4.32833333333,76.7333333333,1.0,0.275,1.80833333333,178.5,1.525875,0.0,0.0,10736.8046875,45.2083333333
2014.0,2.0,2.0,23.0,6.93166666667,44.477,4.18666666667,82.65,1.0,0.183333333333,2.19166666667,179.666666667,1.71025,0.0,0.0,10736.8046875,44.8333333333
2014.0,2.0,3.0,0.0,6.51,43.718,3.395,80.4583333333,1.0,0.275,2.88333333333,190.333333333,1.7735,0.0,720.0,10736.8046875,44.6041666667
2014.0,2.0,3.0,1.0,5.7475,42.3455,2.47083333333,79.4583333333,1.0,0.733333333333,4.28333333333,180.75,1.887875,0.0,720.0,10736.8046875,44.0625
2014.0,2.0,3.0,2.0,4.0875,39.3575,2.78666666667,91.3583333333,1.0,0.275,2.24166666667,186.75,2.136875,0.0,720.0,10736.8046875,43.6875
2014.0,2.0,3.0,3.0,3.0725,37.5305,2.27083333333,94.5166666667,1.0,0.541666666667,3.44166666667,185.833333333,2.289125,0.0,720.0,10736.8046875,45.1458333333
2014.0,2.0,3.0,4.0,2.44583333333,36.4025,-48.5225,1.0,1.0,0.816666666667,3.9,197.75,2.383125,0.0,720.0,10736.8046875,47.9791666667
2014.0,2.0,3.0,5.0,1.93916666667,35.4905,-48.8333333333,1.0,1.0,0.858333333333,4.50833333333,198.833333333,2.459125,0.0,720.0,10736.8046875,48.2291666667
2014.0,2.0,3.0,6.0,1.3575,34.4435,-49.1966666667,1.0,1.0,0.7,3.99166666667,197.666666667,2.546375,0.0,720.0,10736.8046875,47.7916666667
2014.0,2.0,3.0,7.0,0.596666666667,33.074,-49.6716666667,1.0,1.66666666667,0.416666666667,3.01666666667,212.083333333,2.6605,0.0,720.0,10736.8046875,47.4166666667
2014.0,2.0,3.0,8.0,0.1625,32.2925,-49.9416666667,1.0,6.58333333333,0.0333333333333,0.558333333333,211.916666667,2.725625,0.0,720.0,10736.8046875,48.8541666667
2014.0,2.0,3.0,9.0,0.15,32.27,-49.9483333333,1.0,8.75,0.0,0.25,208.416666667,2.7275,0.0,720.0,10736.8046875,50.0625
2014.0,2.0,3.0,10.0,0.138333333333,32.249,-49.9558333333,1.0,18.6666666667,0.0,0.275,202.916666667,2.72925,0.0,720.0,10736.8046875,51.6875
2014.0,2.0,3.0,11.0,0.331666666667,32.597,-49.8391666667,1.0,35.3333333333,0.0,0.0833333333333,192.75,2.70025,0.0,720.0,10736.8046875,52.6458333333
2014.0,2.0,3.0,12.0,0.3575,32.6435,-49.8225,1.0,39.8333333333,0.0,0.133333333333,182.0,2.696375,0.0,720.0,10736.8046875,52.7916666667
2014.0,2.0,3.0,13.0,0.598333333333,33.077,-49.6708333333,1.0,106.583333333,0.0,0.291666666667,180.833333333,2.66025,0.0,720.0,10736.8046875,52.5625
2014.0,2.0,3.0,14.0,0.821666666667,33.479,-49.53,1.0,97.3333333333,0.0166666666667,0.583333333333,187.416666667,2.62675,0.0,720.0,10736.8046875,52.1041666667
2014.0,2.0,3.0,15.0,0.674166666667,33.2135,-40.4691666667,17.375,76.0833333333,0.55,3.26666666667,179.166666667,2.648875,0.0,720.0,10736.8046875,51.9583333333
2014.0,2.0,3.0,16.0,0.6775,33.2195,0.395,98.0166666667,27.1666666667,0.4,3.16666666667,178.25,2.648375,0.0,720.0,10736.8046875,52.375
2014.0,2.0,3.0,17.0,0.590833333333,33.0635,-0.0491666666667,95.5083333333,1.25,0.183333333333,2.1,178.25,2.661375,0.0,720.0,10736.8046875,53.3125
2014.0,2.0,3.0,18.0,0.6725,33.2105,-0.459166666667,92.1416666667,1.0,0.258333333333,2.58333333333,184.583333333,2.649125,0.0,720.0,10736.8046875,52.7083333333
2014.0,2.0,3.0,19.0,0.835,33.503,-0.531666666667,90.575,1.0,0.0,0.258333333333,177.416666667,2.62475,0.0,720.0,10736.8046875,52.2708333333
2014.0,2.0,3.0,20.0,0.5975,33.0755,-1.135,88.175,1.0,0.0333333333333,0.95,186.333333333,2.660375,0.0,720.0,10736.8046875,50.3541666667
2014.0,2.0,3.0,21.0,0.2625,32.4725,-1.6725,86.8416666667,1.0,0.0,0.791666666667,167.5,2.710625,0.0,720.0,10736.8046875,48.1458333333
2014.0,2.0,3.0,22.0,-0.488333333333,31.121,-2.29333333333,87.6166666667,1.0,0.0,0.241666666667,182.083333333,2.82325,0.0,720.0,10736.8046875,47.4583333333
2014.0,2.0,3.0,23.0,-1.12,29.984,-2.68333333333,89.15,1.0,0.0,0.05,154.0,2.918,0.0,720.0,10736.8046875,46.7708333333
2014.0,2.0,4.0,0.0,-1.9875,28.4225,-3.70166666667,88.0833333333,1.0,0.0,0.291666666667,151.166666667,3.048125,0.0,720.0,10736.8046875,47.3333333333
2014.0,2.0,4.0,1.0,-2.655,27.221,-4.46083333333,87.425,1.0,0.0333333333333,0.75,173.916666667,3.14825,0.0,720.0,10736.8046875,46.6458333333
2014.0,2.0,4.0,2.0,-3.38583333333,25.9055,-5.50166666667,85.325,1.0,0.0166666666667,0.808333333333,159.833333333,3.257875,0.0,720.0,10736.8046875,46.1666666667
2014.0,2.0,4.0,3.0,-3.845,25.079,-6.48916666667,81.8833333333,1.0,0.0166666666667,0.566666666667,164.083333333,3.32675,0.0,720.0,10736.8046875,47.3541666667
2014.0,2.0,4.0,4.0,-4.38,24.116,-7.1375,81.1083333333,1.0,0.05,1.39166666667,175.916666667,3.407,0.0,720.0,10736.8046875,49.9791666667
2014.0,2.0,4.0,5.0,-4.8725,23.2295,-7.28416666667,83.2416666667,1.0,0.1,1.25,183.916666667,3.480875,0.0,720.0,10736.8046875,49.6458333333
2014.0,2.0,4.0,6.0,-5.075,22.865,-7.52166666667,82.9833333333,1.16666666667,0.0333333333333,0.941666666667,185.25,3.51125,0.0,720.0,10736.8046875,49.5208333333
2014.0,2.0,4.0,7.0,-4.63666666667,23.654,-7.7225,79.0333333333,39.3333333333,0.183333333333,1.275,173.833333333,3.4455,0.0,720.0,10736.8046875,48.1875
2014.0,2.0,4.0,8.0,-4.155,24.521,-7.8125,75.6916666667,115.0,0.133333333333,1.53333333333,173.916666667,3.37325,0.0,720.0,10736.8046875,49.7291666667
2014.0,2.0,4.0,9.0,-2.59166666667,27.335,-7.25,70.3333333333,216.75,0.0166666666667,0.6,165.75,3.13875,0.0,720.0,10736.8046875,52.1875
2014.0,2.0,4.0,10.0,-0.7325,30.6815,-6.71333333333,63.9583333333,350.416666667,0.0,0.225,193.5,2.859875,0.0,720.0,10736.8046875,52.9375
2014.0,2.0,4.0,11.0,0.933333333333,33.68,-6.255,58.6416666667,432.583333333,0.0,0.275,192.833333333,2.61,0.0,720.0,10736.8046875,54.625
2014.0,2.0,4.0,12.0,1.09916666667,33.9785,-5.66666666667,60.6166666667,279.583333333,0.0,0.0166666666667,194.416666667,2.585125,0.0,720.0,10736.8046875,54.1666666667
2014.0,2.0,4.0,13.0,1.46333333333,34.634,-5.09083333333,61.7,325.083333333,0.0166666666667,0.641666666667,182.666666667,2.5305,0.0,720.0,10736.8046875,53.625
2014.0,2.0,4.0,14.0,1.6725,35.0105,-4.185,65.0583333333,197.083333333,0.0,0.0333333333333,215.5,2.499125,0.0,720.0,10736.8046875,53.6458333333
2014.0,2.0,4.0,15.0,1.05916666667,33.9065,-4.105,68.4333333333,150.5,0.0333333333333,0.541666666667,250.416666667,2.591125,0.0,720.0,10736.8046875,55.625
2014.0,2.0,4.0,16.0,0.2275,32.4095,-3.74333333333,74.65,32.0833333333,0.0333333333333,0.425,202.166666667,2.715875,0.0,720.0,10736.8046875,55.25
2014.0,2.0,4.0,17.0,0.126666666667,32.228,-3.30166666667,77.725,1.5,0.0,0.433333333333,194.25,2.731,0.0,720.0,10736.8046875,54.6458333333
2014.0,2.0,4.0,18.0,0.236666666667,32.426,-3.08083333333,78.375,1.0,0.0166666666667,0.441666666667,200.416666667,2.7145,0.0,720.0,10736.8046875,53.4583333333
2014.0,2.0,4.0,19.0,0.3675,32.6615,-2.8025,79.2666666667,1.0,0.0166666666667,0.425,233.166666667,2.694875,0.0,720.0,10736.8046875,51.6875
2014.0,2.0,4.0,20.0,0.390833333333,32.7035,-2.6675,79.925,1.0,0.0166666666667,1.13333333333,283.666666667,2.691375,0.0,720.0,10736.8046875,50.3125
2014.0,2.0,4.0,21.0,0.255833333333,32.4605,-2.285,83.0583333333,1.0,0.175,1.69166666667,232.083333333,2.711625,0.0,720.0,10736.8046875,49.8125
2014.0,2.0,4.0,22.0,-0.00166666666667,31.997,-2.1325,85.5666666667,1.0,0.15,1.75833333333,227.833333333,2.75025,0.0,720.0,10736.8046875,49.0833333333
2014.0,2.0,4.0,23.0,-0.541666666667,31.025,-1.63666666667,92.4916666667,1.0,0.116666666667,1.24166666667,217.5,2.83125,0.0,720.0,10736.8046875,49.2083333333
2014.0,2.0,5.0,0.0,-0.5875,30.9425,-2.4225,89.425,1.0,0.0,0.0,188.083333333,2.838125,0.0,720.0,10736.8046875,47.6458333333
2014.0,2.0,5.0,1.0,-0.323333333333,31.418,-7.64666666667,57.6833333333,1.0,0.0,0.0,181.416666667,2.7985,0.0,720.0,10736.8046875,47.0625
2014.0,2.0,5.0,2.0,-0.1075,31.8065,-7.43083333333,57.7333333333,1.0,0.0,0.0,177.833333333,2.766125,0.0,720.0,10736.8046875,46.7708333333
2014.0,2.0,5.0,3.0,-0.11,31.802,-7.40166666667,57.8833333333,1.0,0.0,0.0,177.583333333,2.7665,0.0,720.0,10736.8046875,48.1041666667
2014.0,2.0,5.0,4.0,-0.105,31.811,-7.36583333333,58.0333333333,1.0,0.0,0.0,177.0,2.76575,0.0,720.0,10736.8046875,50.0208333333
2014.0,2.0,5.0,5.0,-0.0925,31.8335,-7.3275,58.1416666667,1.0,0.0,0.0,177.0,2.763875,0.0,720.0,10736.8046875,49.4166666667
2014.0,2.0,5.0,6.0,-0.06,31.892,-7.255,58.325,1.0,0.0,0.0,177.0,2.759,0.0,720.0,10736.8046875,50.8541666667
2014.0,2.0,5.0,7.0,-0.055,31.901,-7.205,58.5416666667,4.83333333333,0.0,0.0,177.0,2.75825,0.0,720.0,10736.8046875,48.8958333333
2014.0,2.0,5.0,8.0,-0.0425,31.9235,-7.11333333333,58.9,22.0,0.0,0.0,177.0,2.756375,0.0,720.0,10736.8046875,50.3958333333
2014.0,2.0,5.0,9.0,-0.000833333333333,31.9985,-7.26333333333,58.05,33.0833333333,0.0,0.0,178.0,2.750125,0.0,720.0,10736.8046875,52.4583333333
2014.0,2.0,5.0,10.0,0.108333333333,32.195,0.0725,99.75,33.4166666667,0.0,0.0,186.083333333,2.73375,0.0,720.0,10736.8046875,53.5416666667
2014.0,2.0,5.0,11.0,0.434166666667,32.7815,-5.27416666667,67.9,66.5833333333,0.0,0.0166666666667,192.25,2.684875,0.0,720.0,10736.8046875,54.0625
2014.0,2.0,5.0,12.0,0.9725,33.7505,-12.6558333333,37.175,56.5,0.0,0.0,147.0,2.604125,0.0,720.0,10736.8046875,53.4791666667
2014.0,2.0,5.0,13.0,1.445,34.601,-49.1425,1.0,83.9166666667,0.0,0.0666666666667,145.5,2.53325,0.0,720.0,10736.8046875,53.9375
2014.0,2.0,5.0,14.0,2.18083333333,35.9255,-48.685,1.0,121.666666667,0.0,0.0,115.0,2.422875,0.0,720.0,10736.8046875,52.7916666667
2014.0,2.0,5.0,15.0,2.11833333333,35.813,-7.7325,76.5,66.1666666667,0.358333333333,2.20833333333,56.4166666667,2.43225,0.0,720.0,10736.8046875,54.4583333333
2014.0,2.0,5.0,16.0,1.64,34.952,1.30666666667,97.6583333333,18.75,0.4,2.725,53.5833333333,2.504,0.0,720.0,10736.8046875,54.125
2014.0,2.0,5.0,17.0,1.73916666667,35.1305,1.175,96.0416666667,1.33333333333,0.533333333333,3.05,61.3333333333,2.489125,0.0,720.0,10736.8046875,54.3541666667
2014.0,2.0,5.0,18.0,2.12916666667,35.8325,1.30916666667,94.3166666667,1.0,1.09166666667,4.825,66.5,2.430625,0.0,720.0,10736.8046875,52.2291666667
2014.0,2.0,5.0,19.0,2.415,36.347,1.55916666667,94.0833333333,1.0,0.566666666667,3.20833333333,65.5833333333,2.38775,0.0,720.0,10736.8046875,51.7708333333
2014.0,2.0,5.0,20.0,2.88583333333,37.1945,1.23083333333,88.875,1.0,0.983333333333,4.49166666667,72.9166666667,2.317125,0.0,720.0,10736.8046875,49.8958333333
2014.0,2.0,5.0,21.0,2.66416666667,36.7955,0.0583333333333,82.9416666667,1.0,1.125,5.325,84.0,2.350375,0.0,720.0,10736.8046875,48.125
2014.0,2.0,5.0,22.0,1.33,34.394,-2.22583333333,77.175,1.0,1.55,6.84166666667,88.0833333333,2.5505,0.0,720.0,10736.8046875,47.2708333333
2014.0,2.0,5.0,23.0,-0.065,31.883,-4.06166666667,74.4666666667,1.0,1.475,6.925,104.083333333,2.75975,0.0,720.0,10736.8046875,47.1041666667
2014.0,2.0,6.0,0.0,-0.996666666667,30.206,-5.67083333333,70.5583333333,1.0,2.03333333333,8.39166666667,121.0,2.8995,0.0,720.0,10736.8046875,45.9791666667
2014.0,2.0,6.0,1.0,-1.79166666667,28.775,-6.0825,72.5,1.0,1.9,6.55833333333,124.916666667,3.01875,0.0,720.0,10736.8046875,45.8333333333
2014.0,2.0,6.0,2.0,-2.53333333333,27.44,-6.785,72.575,1.0,1.14166666667,5.15833333333,119.5,3.13,0.0,720.0,10736.8046875,45.2708333333
2014.0,2.0,6.0,3.0,-3.40166666667,25.877,-7.94916666667,70.7583333333,1.0,1.45,5.9,111.75,3.26025,0.0,720.0,10736.8046875,47.0
2014.0,2.0,6.0,4.0,-4.0375,24.7325,-8.42166666667,71.525,1.0,0.983333333333,5.9,117.583333333,3.355625,0.0,720.0,10736.8046875,49.3541666667
2014.0,2.0,6.0,5.0,-4.505,23.891,-8.97333333333,70.9666666667,1.0,1.09166666667,5.425,108.0,3.42575,0.0,720.0,10736.8046875,48.6041666667
2014.0,2.0,6.0,6.0,-4.835,23.297,-9.48,69.9166666667,1.08333333333,1.275,6.04166666667,124.75,3.47525,0.0,720.0,10736.8046875,48.875
2014.0,2.0,6.0,7.0,-4.5625,23.7875,-9.74,67.1333333333,60.0833333333,0.616666666667,4.70833333333,126.166666667,3.434375,0.0,720.0,10736.8046875,48.4166666667
2014.0,2.0,6.0,8.0,-3.59833333333,25.523,-9.94,61.45,200.583333333,0.833333333333,4.6,123.666666667,3.28975,0.0,720.0,10736.8046875,49.5208333333
2014.0,2.0,6.0,9.0,-3.5925,25.5335,-10.5283333333,58.65,276.083333333,1.10833333333,5.43333333333,115.916666667,3.288875,0.0,720.0,10736.8046875,52.4791666667
2014.0,2.0,6.0,10.0,-2.355,27.761,-10.5816666667,53.25,399.75,0.583333333333,3.98333333333,128.333333333,3.10325,0.0,720.0,10736.8046875,55.0416666667
2014.0,2.0,6.0,11.0,-1.11083333333,30.0005,-10.61,48.575,511.5,0.491666666667,3.525,116.75,2.916625,0.0,720.0,10736.8046875,55.9166666667
2014.0,2.0,6.0,12.0,-0.7275,30.6905,-10.2808333333,48.375,532.416666667,0.233333333333,2.45,110.416666667,2.859125,0.0,720.0,10736.8046875,56.1875
2014.0,2.0,6.0,13.0,-0.810833333333,30.5405,-9.87083333333,50.275,529.0,0.133333333333,1.71666666667,95.5,2.871625,0.0,720.0,10736.8046875,55.2916666667
2014.0,2.0,6.0,14.0,-0.0608333333333,31.8905,-8.9975,50.9666666667,408.583333333,0.133333333333,1.93333333333,85.0,2.759125,0.0,720.0,10736.8046875,53.8541666667
2014.0,2.0,6.0,15.0,0.5375,32.9675,-8.55,50.6166666667,244.916666667,0.0333333333333,0.925,116.916666667,2.669375,0.0,720.0,10736.8046875,53.3125
2014.0,2.0,6.0,16.0,0.3225,32.5805,-9.01333333333,49.5416666667,111.916666667,0.0166666666667,0.65,78.0833333333,2.701625,0.0,720.0,10736.8046875,54.375
2014.0,2.0,6.0,17.0,-1.8,28.76,-8.12,62.0416666667,3.91666666667,0.0,0.5,85.5833333333,3.02,0.0,720.0,10736.8046875,53.8541666667
2014.0,2.0,6.0,18.0,-2.0375,28.3325,-7.41833333333,66.6,1.0,0.0833333333333,1.2,70.9166666667,3.055625,0.0,720.0,10736.8046875,53.2708333333
2014.0,2.0,6.0,19.0,-2.27333333333,27.908,-7.2225,68.825,1.0,0.0833333333333,1.10833333333,64.9166666667,3.091,0.0,720.0,10736.8046875,52.2291666667
2014.0,2.0,6.0,20.0,-2.405,27.671,-7.115,70.0666666667,1.0,0.0166666666667,1.13333333333,62.75,3.11075,0.0,720.0,10736.8046875,51.4583333333
2014.0,2.0,6.0,21.0,-2.31666666667,27.83,-7.22666666667,69.0083333333,1.0,0.1,1.15,62.6666666667,3.0975,0.0,720.0,10736.8046875,48.9583333333
2014.0,2.0,6.0,22.0,-2.01166666667,28.379,-7.1925,67.6416666667,1.0,0.241666666667,1.65,66.0833333333,3.05175,0.0,720.0,10736.8046875,48.1041666667
2014.0,2.0,6.0,23.0,-2.04166666667,28.325,-7.18916666667,67.8166666667,1.0,0.308333333333,2.30833333333,68.25,3.05625,0.0,720.0,10736.8046875,47.125
2014.0,2.0,7.0,0.0,-2.20916666667,28.0235,-7.27583333333,68.2083333333,1.0,0.15,1.96666666667,69.0833333333,3.081375,0.0,720.0,10736.8046875,46.7916666667
2014.0,2.0,7.0,1.0,-2.44416666667,27.6005,-7.72166666667,67.0583333333,1.0,0.05,1.075,98.0,3.116625,0.0,720.0,10736.8046875,45.9375
2014.0,2.0,7.0,2.0,-2.6325,27.2615,-8.21416666667,65.4416666667,1.0,0.0,0.141666666667,96.1666666667,3.144875,0.0,720.0,10736.8046875,45.8541666667
2014.0,2.0,7.0,3.0,-2.82,26.924,-8.33833333333,65.7083333333,1.0,0.0,0.658333333333,99.6666666667,3.173,0.0,720.0,10736.8046875,47.4375
2014.0,2.0,7.0,4.0,-3.13083333333,26.3645,-8.52333333333,66.3,1.0,0.0,0.0166666666667,87.4166666667,3.219625,0.0,720.0,10736.8046875,49.3125
2014.0,2.0,7.0,5.0,-3.585,25.547,-8.44083333333,69.0416666667,1.0,0.0,0.0166666666667,93.6666666667,3.28775,0.0,720.0,10736.8046875,49.8958333333
2014.0,2.0,7.0,6.0,-3.655,25.421,-8.40833333333,69.575,1.33333333333,0.0,0.216666666667,86.5833333333,3.29825,0.0,720.0,10736.8046875,49.5833333333
2014.0,2.0,7.0,7.0,-2.3525,27.7655,-8.62416666667,62.1833333333,75.3333333333,0.0,0.0166666666667,74.3333333333,3.102875,0.0,720.0,10736.8046875,47.5208333333
2014.0,2.0,7.0,8.0,-0.705833333333,30.7295,-8.76,54.4166666667,240.166666667,0.0,0.283333333333,57.8333333333,2.855875,0.0,720.0,10736.8046875,50.3333333333
2014.0,2.0,7.0,9.0,0.568333333333,33.023,-7.89916666667,53.05,391.5,0.0333333333333,0.691666666667,65.5833333333,2.66475,0.0,720.0,10736.8046875,51.1458333333
2014.0,2.0,7.0,10.0,2.10916666667,35.7965,-7.81333333333,47.7833333333,506.083333333,0.308333333333,2.60833333333,82.9166666667,2.433625,0.0,720.0,10736.8046875,52.5833333333
2014.0,2.0,7.0,11.0,2.36833333333,36.263,-9.1325,42.35,566.666666667,0.741666666667,4.2,71.25,2.39475,0.0,720.0,10736.8046875,52.1458333333
2014.0,2.0,7.0,12.0,2.56583333333,36.6185,-9.135,41.8333333333,576.583333333,0.241666666667,2.99166666667,84.5,2.365125,0.0,720.0,10736.8046875,52.8541666667
2014.0,2.0,7.0,13.0,2.155,35.879,-8.43666666667,45.4,464.083333333,0.2,2.16666666667,81.6666666667,2.42675,0.0,720.0,10736.8046875,54.875
2014.0,2.0,7.0,14.0,1.53916666667,34.7705,-9.03833333333,45.225,311.25,1.48333333333,5.58333333333,71.4166666667,2.519125,0.0,720.0,10736.8046875,53.7083333333
2014.0,2.0,7.0,15.0,1.36333333333,34.454,-8.7475,46.8666666667,179.583333333,0.383333333333,3.18333333333,85.9166666667,2.5455,0.0,720.0,10736.8046875,53.5416666667
2014.0,2.0,7.0,16.0,0.7475,33.3455,-7.62666666667,53.4833333333,67.0833333333,0.2,2.44166666667,84.6666666667,2.637875,0.0,720.0,10736.8046875,52.9791666667
2014.0,2.0,7.0,17.0,0.0341666666667,32.0615,-6.86083333333,59.7416666667,4.08333333333,0.166666666667,2.175,70.9166666667,2.744875,0.0,720.0,10736.8046875,53.0416666667
2014.0,2.0,7.0,18.0,-0.223333333333,31.598,-6.88583333333,60.7416666667,1.0,0.291666666667,1.85833333333,67.5,2.7835,0.0,720.0,10736.8046875,51.5208333333
2014.0,2.0,7.0,19.0,-0.575833333333,30.9635,-6.735,63.05,1.0,0.116666666667,1.59166666667,65.3333333333,2.836375,0.0,720.0,10736.8046875,50.8958333333
2014.0,2.0,7.0,20.0,-0.906666666667,30.368,-6.80333333333,64.2583333333,1.0,0.0333333333333,1.025,64.75,2.886,0.0,720.0,10736.8046875,49.6041666667
2014.0,2.0,7.0,21.0,-1.1875,29.8625,-7.00583333333,64.575,1.0,0.0166666666667,0.483333333333,65.6666666667,2.928125,0.0,720.0,10736.8046875,48.1666666667
2014.0,2.0,7.0,22.0,-1.4175,29.4485,-7.49833333333,63.2416666667,1.0,0.1,1.45,74.5,2.962625,0.0,720.0,10736.8046875,46.1875
2014.0,2.0,7.0,23.0,-2.05583333333,28.2995,-8.17833333333,62.8833333333,1.0,0.0166666666667,0.658333333333,74.5833333333,3.058375,0.0,720.0,10736.8046875,45.4375
2014.0,2.0,8.0,0.0,-2.60083333333,27.3185,-9.33916666667,59.775,1.0,0.0166666666667,0.95,76.0833333333,3.140125,0.0,0.0,10736.8046875,46.7291666667
2014.0,2.0,8.0,1.0,-3.2125,26.2175,-10.2183333333,58.375,1.0,0.0166666666667,0.5,85.9166666667,3.231875,0.0,0.0,10736.8046875,46.2916666667
2014.0,2.0,8.0,2.0,-3.4225,25.8395,-10.8266666667,56.5,1.0,0.0333333333333,0.616666666667,68.25,3.263375,0.0,0.0,10736.8046875,45.5625
2014.0,2.0,8.0,3.0,-3.7225,25.2995,-11.7383333333,53.75,1.0,0.0166666666667,0.85,71.25,3.308375,0.0,0.0,10736.8046875,46.8125
2014.0,2.0,8.0,4.0,-4.0075,24.7865,-12.9575,49.7333333333,1.0,0.116666666667,2.30833333333,87.8333333333,3.351125,0.0,0.0,10736.8046875,46.6666666667
2014.0,2.0,8.0,5.0,-4.265,24.323,-13.5591666667,48.275,1.0,0.1,1.43333333333,133.5,3.38975,0.0,0.0,10736.8046875,48.875
2014.0,2.0,8.0,6.0,-4.75083333333,23.4485,-13.405,50.7166666667,1.5,0.0,0.125,155.833333333,3.462625,0.0,0.0,10736.8046875,48.9166666667
2014.0,2.0,8.0,7.0,-4.56,23.792,-13.7958333333,48.4416666667,46.5,0.0,0.1,133.75,3.434,0.0,0.0,10736.8046875,47.2083333333
2014.0,2.0,8.0,8.0,-3.8775,25.0205,-14.755,42.525,128.666666667,0.0166666666667,0.441666666667,170.583333333,3.331625,0.0,0.0,10736.8046875,46.75
2014.0,2.0,8.0,9.0,-2.84916666667,26.8715,-15.2183333333,37.95,235.666666667,0.0166666666667,0.575,180.166666667,3.177375,0.0,0.0,10736.8046875,47.875
2014.0,2.0,8.0,10.0,-1.02583333333,30.1535,-15.4725,32.4333333333,396.25,0.0166666666667,0.816666666667,191.666666667,2.903875,0.0,0.0,10736.8046875,47.8333333333
2014.0,2.0,8.0,11.0,-0.2525,31.5455,-15.4125,30.7833333333,350.416666667,0.0,0.0833333333333,154.166666667,2.787875,0.0,0.0,10736.8046875,49.1041666667
2014.0,2.0,8.0,12.0,-0.755833333333,30.6395,-14.5608333333,34.275,229.666666667,0.0333333333333,0.591666666667,168.5,2.863375,0.0,0.0,10736.8046875,50.0416666667
2014.0,2.0,8.0,13.0,-1.45083333333,29.3885,-12.9008333333,41.8416666667,154.5,0.225,1.68333333333,82.0833333333,2.967625,0.0,0.0,10736.8046875,49.875
2014.0,2.0,8.0,14.0,-2.09083333333,28.2365,-7.705,65.575,227.583333333,0.1,0.975,65.5,3.063625,0.0,0.0,10736.8046875,50.25
2014.0,2.0,8.0,15.0,-1.41,29.462,-7.51916666667,63.1166666667,178.416666667,0.0,0.0833333333333,194.416666667,2.9615,0.0,0.0,10736.8046875,49.8541666667
2014.0,2.0,8.0,16.0,-1.9,28.58,-7.72666666667,64.4083333333,56.8333333333,0.0,0.0,201.583333333,3.035,0.0,0.0,10736.8046875,50.4791666667
2014.0,2.0,8.0,17.0,-2.17916666667,28.0775,-6.68916666667,71.2,1.91666666667,0.0,0.0166666666667,286.0,3.076875,0.0,0.0,10736.8046875,51.0
2014.0,2.0,8.0,18.0,-2.0975,28.2245,-7.5,66.55,1.0,0.0,0.075,88.4166666667,3.064625,0.0,0.0,10736.8046875,50.7916666667
2014.0,2.0,8.0,19.0,-2.4275,27.6305,-8.16916666667,64.6833333333,1.0,0.0,0.0916666666667,125.916666667,3.114125,0.0,0.0,10736.8046875,51.2708333333
2014.0,2.0,8.0,20.0,-2.67833333333,27.179,-8.01,66.725,1.0,0.0,0.0166666666667,113.5,3.15175,0.0,0.0,10736.8046875,49.2291666667
2014.0,2.0,8.0,21.0,-2.88583333333,26.8055,-8.33666666667,66.0666666667,1.0,0.0,0.333333333333,98.4166666667,3.182875,0.0,0.0,10736.8046875,48.5208333333
2014.0,2.0,8.0,22.0,-3.24333333333,26.162,-9.57416666667,61.575,1.0,0.0,0.0166666666667,86.4166666667,3.2365,0.0,0.0,10736.8046875,48.1875
2014.0,2.0,8.0,23.0,-3.4875,25.7225,-10.1583333333,59.8666666667,1.0,0.0166666666667,0.641666666667,74.9166666667,3.273125,0.0,0.0,10736.8046875,47.2916666667
2014.0,2.0,9.0,0.0,-3.9025,24.9755,-10.26,61.275,1.0,0.0,0.441666666667,88.3333333333,3.335375,0.0,0.0,10736.8046875,47.1666666667
2014.0,2.0,9.0,1.0,-4.3425,24.1835,-10.0766666667,64.2666666667,1.0,0.0,0.508333333333,125.0,3.401375,0.0,0.0,10736.8046875,46.5208333333
2014.0,2.0,9.0,2.0,-4.43,24.026,-10.1125,64.4916666667,1.0,0.05,0.633333333333,121.166666667,3.4145,0.0,0.0,10736.8046875,46.0833333333
2014.0,2.0,9.0,3.0,-4.64,23.648,-10.08,65.7,1.0,0.0,0.625,122.0,3.446,0.0,0.0,10736.8046875,47.0416666667
2014.0,2.0,9.0,4.0,-4.485,23.927,-10.305,63.8,1.0,0.0,0.516666666667,106.833333333,3.42275,0.0,0.0,10736.8046875,48.75
2014.0,2.0,9.0,5.0,-4.655,23.621,-10.3141666667,64.575,1.0,0.266666666667,2.55833333333,131.75,3.44825,0.0,0.0,10736.8046875,49.0833333333
2014.0,2.0,9.0,6.0,-4.88,23.216,-10.0975,66.8166666667,1.5,0.0666666666667,1.13333333333,143.416666667,3.482,0.0,0.0,10736.8046875,48.75
2014.0,2.0,9.0,7.0,-4.74083333333,23.4665,-10.08,66.2083333333,24.5,0.233333333333,1.65,173.25,3.461125,0.0,0.0,10736.8046875,47.2083333333
2014.0,2.0,9.0,8.0,-4.095,24.629,-10.2383333333,62.2916666667,146.666666667,0.133333333333,1.51666666667,176.166666667,3.36425,0.0,0.0,10736.8046875,46.75
2014.0,2.0,9.0,9.0,-2.4625,27.5675,-10.2433333333,55.1833333333,223.583333333,0.0,0.0666666666667,174.5,3.119375,0.0,0.0,10736.8046875,46.5
2014.0,2.0,9.0,10.0,-1.44833333333,29.393,-10.5125,50.0333333333,255.75,0.0,0.0,193.25,2.96725,0.0,0.0,10736.8046875,47.4375
2014.0,2.0,9.0,11.0,-1.31583333333,29.6315,-10.4433333333,49.825,189.5,0.0,0.0,236.833333333,2.947375,0.0,0.0,10736.8046875,47.6875
2014.0,2.0,9.0,12.0,-0.6825,30.7715,-10.8266666667,46.1333333333,243.166666667,0.0,0.216666666667,294.583333333,2.852375,0.0,0.0,10736.8046875,48.3958333333
2014.0,2.0,9.0,13.0,-0.411666666667,31.259,-10.6241666667,46.0083333333,200.333333333,0.0,0.25,289.833333333,2.81175,0.0,0.0,10736.8046875,48.9583333333
2014.0,2.0,9.0,14.0,-1.16416666667,29.9045,-9.66583333333,52.4166666667,58.0833333333,0.3,2.31666666667,122.666666667,2.924625,0.0,0.0,10736.8046875,48.5833333333
2014.0,2.0,9.0,15.0,-1.34,29.588,-8.55166666667,57.9416666667,36.3333333333,0.408333333333,3.00833333333,171.5,2.951,0.0,0.0,10736.8046875,48.8333333333
2014.0,2.0,9.0,16.0,-2.095,28.229,-5.79,76.0916666667,8.25,0.05,0.841666666667,301.833333333,3.06425,0.0,0.0,10736.8046875,48.8125
2014.0,2.0,9.0,17.0,-2.57,27.374,-3.7275,91.8666666667,1.0,0.0166666666667,0.458333333333,202.5,3.1355,0.0,0.0,10736.8046875,49.5833333333
2014.0,2.0,9.0,18.0,-2.8975,26.7845,-3.84833333333,93.2333333333,1.0,0.0,0.0,163.0,3.184625,0.0,0.0,10736.8046875,49.375
2014.0,2.0,9.0,19.0,-3.02833333333,26.549,-5.59333333333,82.4916666667,1.0,0.0,0.0,56.9166666667,3.20425,0.0,0.0,10736.8046875,49.1041666667
2014.0,2.0,9.0,20.0,-2.855,26.861,-5.39166666667,82.6833333333,1.0,0.0,0.0,66.5,3.17825,0.0,0.0,10736.8046875,48.2708333333
2014.0,2.0,9.0,21.0,-2.675,27.185,-5.1975,82.8,1.0,0.0,0.2,64.1666666667,3.15125,0.0,0.0,10736.8046875,47.6875
2014.0,2.0,9.0,22.0,-2.49083333333,27.5165,-5.49833333333,79.85,1.0,0.0166666666667,0.675,69.6666666667,3.123625,0.0,0.0,10736.8046875,47.3333333333
2014.0,2.0,9.0,23.0,-3.03166666667,26.543,-6.53583333333,76.7583333333,1.0,0.133333333333,1.725,78.9166666667,3.20475,0.0,0.0,10736.8046875,46.9583333333
2014.0,2.0,10.0,0.0,-3.52,25.664,-6.89,77.475,1.0,0.0,0.883333333333,70.4166666667,3.278,0.0,720.0,10736.8046875,46.3125
2014.0,2.0,10.0,1.0,-3.675,25.385,-7.37583333333,75.5083333333,1.0,0.0,0.716666666667,76.9166666667,3.30125,0.0,720.0,10736.8046875,45.8333333333
2014.0,2.0,10.0,2.0,-3.4425,25.8035,-8.08083333333,70.2583333333,1.0,0.141666666667,1.725,98.8333333333,3.266375,0.0,720.0,10736.8046875,45.9166666667
2014.0,2.0,10.0,3.0,-3.8475,25.0745,-8.235,71.625,1.0,0.325,3.48333333333,98.3333333333,3.327125,0.0,720.0,10736.8046875,46.7291666667
2014.0,2.0,10.0,4.0,-4.445,23.999,-8.00083333333,76.225,1.0,0.183333333333,2.69166666667,87.25,3.41675,0.0,720.0,10736.8046875,48.6666666667
2014.0,2.0,10.0,5.0,-4.91666666667,23.15,-8.41916666667,76.475,1.0,0.0333333333333,1.08333333333,102.666666667,3.4875,0.0,720.0,10736.8046875,48.6666666667
2014.0,2.0,10.0,6.0,-5.57666666667,21.962,-10.0416666667,70.7666666667,2.66666666667,0.0166666666667,0.575,100.5,3.5865,0.0,720.0,10736.8046875,48.8541666667
2014.0,2.0,10.0,7.0,-4.56416666667,23.7845,-9.92833333333,66.125,102.833333333,0.0333333333333,1.23333333333,101.5,3.434625,0.0,720.0,10736.8046875,48.3333333333
2014.0,2.0,10.0,8.0,-3.8525,25.0655,-9.61833333333,64.25,231.416666667,0.275,3.15833333333,90.25,3.327875,0.0,720.0,10736.8046875,48.8958333333
2014.0,2.0,10.0,9.0,-2.85583333333,26.8595,-10.3683333333,56.2166666667,378.166666667,0.4,3.76666666667,106.166666667,3.178375,0.0,720.0,10736.8046875,51.6458333333
2014.0,2.0,10.0,10.0,-1.83583333333,28.6955,-11.2716666667,48.4916666667,535.75,0.733333333333,5.43333333333,114.25,3.025375,0.0,720.0,10736.8046875,52.9166666667
2014.0,2.0,10.0,11.0,-0.916666666667,30.35,-11.7433333333,43.6416666667,583.416666667,0.433333333333,3.59166666667,100.916666667,2.8875,0.0,720.0,10736.8046875,53.8125
2014.0,2.0,10.0,12.0,-1.1875,29.8625,-12.365,42.3666666667,555.5,0.666666666667,4.41666666667,105.5,2.928125,0.0,720.0,10736.8046875,55.3541666667
2014.0,2.0,10.0,13.0,-1.5525,29.2055,-12.4133333333,43.3166666667,419.25,0.441666666667,4.03333333333,95.6666666667,2.982875,0.0,720.0,10736.8046875,54.75
2014.0,2.0,10.0,14.0,-1.34666666667,29.576,-12.3083333333,43.0083333333,346.166666667,0.425,3.49166666667,95.5833333333,2.952,0.0,720.0,10736.8046875,55.0833333333
2014.0,2.0,10.0,15.0,-1.13916666667,29.9495,-12.405,42.0333333333,252.833333333,0.483333333333,3.65833333333,88.75,2.920875,0.0,720.0,10736.8046875,55.0416666667
2014.0,2.0,10.0,16.0,-1.74333333333,28.862,-12.585,43.3083333333,107.25,0.216666666667,2.45833333333,93.75,3.0115,0.0,720.0,10736.8046875,54.8333333333
2014.0,2.0,10.0,17.0,-2.83166666667,26.903,-12.4325,47.525,7.5,0.166666666667,2.34166666667,90.6666666667,3.17475,0.0,720.0,10736.8046875,56.1666666667
2014.0,2.0,10.0,18.0,-3.49,25.718,-12.2041666667,50.85,1.0,0.0333333333333,0.841666666667,86.25,3.2735,0.0,720.0,10736.8046875,54.625
2014.0,2.0,10.0,19.0,-4.0475,24.7145,-12.1783333333,53.125,1.0,0.0333333333333,0.666666666667,82.9166666667,3.357125,0.0,720.0,10736.8046875,53.0625
2014.0,2.0,10.0,20.0,-4.56833333333,23.777,-11.8908333333,56.5666666667,1.0,0.0333333333333,0.233333333333,79.8333333333,3.43525,0.0,720.0,10736.8046875,51.5416666667
2014.0,2.0,10.0,21.0,-5.04833333333,22.913,-11.9733333333,58.2666666667,1.0,0.0,0.0666666666667,76.5,3.50725,0.0,720.0,10736.8046875,50.6041666667
2014.0,2.0,10.0,22.0,-5.095,22.829,-12.0858333333,57.9333333333,1.0,0.0,0.158333333333,97.1666666667,3.51425,0.0,720.0,10736.8046875,50.1041666667
2014.0,2.0,10.0,23.0,-5.49916666667,22.1015,-12.0875,59.75,1.0,0.0,0.141666666667,81.8333333333,3.574875,0.0,720.0,10736.8046875,49.5416666667
2014.0,2.0,11.0,0.0,-6.00583333333,21.1895,-11.5133333333,65.05,1.0,0.0,0.275,69.6666666667,3.650875,0.0,720.0,10736.8046875,49.1458333333
2014.0,2.0,11.0,1.0,-6.69833333333,19.943,-11.8358333333,66.8416666667,1.0,0.0166666666667,0.966666666667,76.25,3.75475,0.0,720.0,10736.8046875,47.8958333333
2014.0,2.0,11.0,2.0,-7.14333333333,19.142,-11.8283333333,69.2166666667,1.0,0.0,0.0666666666667,99.8333333333,3.8215,0.0,720.0,10736.8046875,47.625
2014.0,2.0,11.0,3.0,-7.4775,18.5405,-12.1808333333,69.0416666667,1.0,0.366666666667,2.75,120.166666667,3.871625,0.0,720.0,10736.8046875,48.5416666667
2014.0,2.0,11.0,4.0,-8.15166666667,17.327,-12.3183333333,71.9583333333,1.0,0.116666666667,1.85833333333,117.583333333,3.97275,0.0,720.0,10736.8046875,50.8958333333
2014.0,2.0,11.0,5.0,-8.64833333333,16.433,-12.6183333333,73.0083333333,1.0,0.0333333333333,1.44166666667,118.083333333,4.04725,0.0,720.0,10736.8046875,50.25
2014.0,2.0,11.0,6.0,-8.87833333333,16.019,-13.2025,70.9,3.0,0.233333333333,2.3,113.0,4.08175,0.0,720.0,10736.8046875,50.7708333333
2014.0,2.0,11.0,7.0,-7.57,18.374,-13.6008333333,62.1,83.9166666667,0.183333333333,2.125,119.916666667,3.8855,0.0,720.0,10736.8046875,49.4583333333
2014.0,2.0,11.0,8.0,-5.04416666667,22.9205,-13.2283333333,52.7083333333,266.333333333,0.258333333333,2.05833333333,133.75,3.506625,0.0,720.0,10736.8046875,51.0833333333
2014.0,2.0,11.0,9.0,-4.50833333333,23.885,-14.13,46.95,418.166666667,0.6,4.225,129.166666667,3.42625,0.0,720.0,10736.8046875,53.3541666667
2014.0,2.0,11.0,10.0,-3.32416666667,26.0165,-14.8508333333,40.5083333333,518.583333333,0.666666666667,4.40833333333,133.083333333,3.248625,0.0,720.0,10736.8046875,55.1666666667
2014.0,2.0,11.0,11.0,-2.54083333333,27.4265,-14.6441666667,38.8333333333,561.916666667,0.633333333333,4.81666666667,126.666666667,3.131125,0.0,720.0,10736.8046875,50.0384615385
2014.0,2.0,11.0,12.0,-2.51416666667,27.4745,-15.1733333333,37.1416666667,589.75,0.616666666667,4.10833333333,132.333333333,3.127125,0.0,720.0,10736.8046875,54.125
2014.0,2.0,11.0,13.0,-2.99083333333,26.6165,-14.8683333333,39.4333333333,516.333333333,0.425,3.3,96.6666666667,3.198625,0.0,720.0,10736.8046875,54.75
2014.0,2.0,11.0,14.0,-2.54333333333,27.422,-14.5425,39.1916666667,442.75,0.291666666667,3.1,97.6666666667,3.1315,0.0,720.0,10736.8046875,54.3333333333
2014.0,2.0,11.0,15.0,-2.44833333333,27.593,-14.7283333333,38.35,301.75,0.425,3.29166666667,89.0,3.11725,0.0,720.0,10736.8046875,54.3958333333
2014.0,2.0,11.0,16.0,-2.64166666667,27.245,-15.1533333333,37.5083333333,131.833333333,0.258333333333,3.025,89.5,3.14625,0.0,720.0,10736.8046875,53.5
2014.0,2.0,11.0,17.0,-4.305,24.251,-14.6733333333,44.2083333333,7.0,0.116666666667,2.125,92.4166666667,3.39575,0.0,720.0,10736.8046875,53.4791666667
2014.0,2.0,11.0,18.0,-4.90416666667,23.1725,-14.6458333333,46.3416666667,1.0,0.0666666666667,1.51666666667,97.9166666667,3.485625,0.0,720.0,10736.8046875,53.9375
2014.0,2.0,11.0,19.0,-5.4225,22.2395,-14.5425,48.6166666667,1.0,0.0,0.108333333333,104.166666667,3.563375,0.0,720.0,10736.8046875,53.1458333333
2014.0,2.0,11.0,20.0,-5.83166666667,21.503,-14.5525,50.125,1.0,0.15,1.40833333333,128.5,3.62475,0.0,720.0,10736.8046875,51.3125
2014.0,2.0,11.0,21.0,-6.49416666667,20.3105,-14.5191666667,52.8833333333,1.0,0.241666666667,2.35,148.0,3.724125,0.0,720.0,10736.8046875,50.9791666667
2014.0,2.0,11.0,22.0,-7.13333333333,19.16,-14.9716666667,53.5166666667,1.0,0.658333333333,3.86666666667,169.75,3.82,0.0,720.0,10736.8046875,48.1666666667
2014.0,2.0,11.0,23.0,-7.86833333333,17.837,-15.2325,55.4416666667,1.0,0.6,3.85,173.166666667,3.93025,0.0,720.0,10736.8046875,48.3958333333
2014.0,2.0,12.0,0.0,-8.4675,16.7585,-15.6283333333,56.2166666667,1.0,0.866666666667,4.05833333333,178.166666667,4.020125,0.0,720.0,10736.8046875,47.2083333333
2014.0,2.0,12.0,1.0,-8.9625,15.8675,-15.6941666667,58.125,1.0,0.416666666667,3.09166666667,178.666666667,4.094375,0.0,720.0,10736.8046875,46.9791666667
2014.0,2.0,12.0,2.0,-9.4775,14.9405,-15.8266666667,59.8666666667,1.0,0.916666666667,4.28333333333,176.75,4.171625,0.0,720.0,10736.8046875,46.5833333333
2014.0,2.0,12.0,3.0,-9.94416666667,14.1005,-15.9483333333,61.4916666667,1.0,0.308333333333,2.78333333333,170.75,4.241625,0.0,720.0,10736.8046875,47.4791666667
2014.0,2.0,12.0,4.0,-10.335,13.397,-15.8808333333,63.7916666667,1.0,0.05,0.65,176.25,4.30025,0.0,720.0,10736.8046875,48.5208333333
2014.0,2.0,12.0,5.0,-10.2275,13.5905,-15.5325,65.1,1.0,0.1,1.45,182.666666667,4.284125,0.0,720.0,10736.8046875,49.25
2014.0,2.0,12.0,6.0,-10.2683333333,13.517,-15.2925,66.6416666667,2.83333333333,0.275,2.23333333333,190.333333333,4.29025,0.0,720.0,10736.8046875,151.733333333
2014.0,2.0,12.0,7.0,-8.76583333333,16.2215,-15.2966666667,59.325,78.0,0.0333333333333,0.941666666667,172.416666667,4.064875,0.0,720.0,10736.8046875,184.333333333
2014.0,2.0,12.0,8.0,-7.455,18.581,-14.7258333333,56.025,201.166666667,0.183333333333,2.33333333333,198.666666667,3.86825,0.0,720.0,10736.8046875,187.666666667
2014.0,2.0,12.0,9.0,-5.76333333333,21.626,-14.0133333333,52.125,373.25,0.216666666667,2.29166666667,238.666666667,3.6145,0.0,720.0,10736.8046875,202.166666667
2014.0,2.0,12.0,10.0,-4.72,23.504,-13.6041666667,49.8083333333,451.333333333,0.133333333333,1.79166666667,236.666666667,3.458,0.0,720.0,10736.8046875,196.416666667
2014.0,2.0,12.0,11.0,-3.41583333333,25.8515,-13.6008333333,45.15,480.333333333,0.05,1.04166666667,222.75,3.262375,0.0,720.0,10736.8046875,199.916666667
2014.0,2.0,12.0,12.0,-2.735,27.077,-13.6416666667,42.7916666667,485.083333333,0.0333333333333,1.13333333333,222.166666667,3.16025,0.0,720.0,10736.8046875,206.666666667
2014.0,2.0,12.0,13.0,-2.99833333333,26.603,-13.6575,43.55,423.333333333,0.05,1.425,226.25,3.19975,0.0,720.0,10736.8046875,204.833333333
2014.0,2.0,12.0,14.0,-2.52666666667,27.452,-13.135,43.9083333333,292.083333333,0.0333333333333,0.733333333333,218.166666667,3.129,0.0,720.0,10736.8046875,138.666666667
2014.0,2.0,12.0,15.0,-2.43666666667,27.614,-11.8916666667,48.2416666667,153.25,0.0,0.183333333333,261.333333333,3.1155,0.0,720.0,10736.8046875,54.375
2014.0,2.0,12.0,16.0,-3.19666666667,26.246,-11.3658333333,53.2166666667,50.5,0.175,1.83333333333,215.333333333,3.2295,0.0,720.0,10736.8046875,54.25
2014.0,2.0,12.0,17.0,-3.3875,25.9025,-10.8091666667,56.4416666667,2.0,0.441666666667,3.43333333333,222.416666667,3.258125,0.0,720.0,10736.8046875,53.25
2014.0,2.0,12.0,18.0,-3.5425,25.6235,-8.755,67.2,1.0,0.683333333333,4.34166666667,234.333333333,3.281375,0.0,720.0,10736.8046875,52.6666666667
2014.0,2.0,12.0,19.0,-4.1775,24.4805,-8.39583333333,72.4333333333,1.0,0.558333333333,3.96666666667,228.416666667,3.376625,0.0,720.0,10736.8046875,52.0
2014.0,2.0,12.0,20.0,-4.415,24.053,-8.305,74.275,1.0,0.55,4.05,220.166666667,3.41225,0.0,720.0,10736.8046875,50.2083333333
2014.0,2.0,12.0,21.0,-4.72333333333,23.498,-7.32666666667,82.075,1.0,0.516666666667,3.3,213.0,3.4585,0.0,720.0,10736.8046875,47.7708333333
2014.0,2.0,12.0,22.0,-4.84833333333,23.273,-6.4925,88.3083333333,1.0,0.666666666667,3.95833333333,199.75,3.47725,0.0,720.0,10736.8046875,47.125
2014.0,2.0,12.0,23.0,-4.72,23.504,-5.9225,91.35,1.0,1.19166666667,5.46666666667,207.166666667,3.458,0.0,720.0,10736.8046875,46.3333333333
2014.0,2.0,13.0,0.0,-4.745,23.459,-5.8325,92.1666666667,1.0,1.38333333333,5.69166666667,202.416666667,3.46175,0.0,720.0,10736.8046875,46.4583333333
2014.0,2.0,13.0,1.0,-4.5575,23.7965,-5.61333333333,92.3916666667,1.0,1.39166666667,5.64166666667,199.5,3.433625,0.0,720.0,10736.8046875,45.75
2014.0,2.0,13.0,2.0,-4.1275,24.5705,-5.01583333333,93.6,1.0,1.34166666667,5.48333333333,202.083333333,3.369125,0.0,720.0,10736.8046875,45.9166666667
2014.0,2.0,13.0,3.0,-3.72,25.304,-4.55166666667,94.0166666667,1.0,1.66666666667,5.61666666667,204.333333333,3.308,0.0,720.0,10736.8046875,47.1875
2014.0,2.0,13.0,4.0,-2.94666666667,26.696,-3.7725,94.075,1.0,2.18333333333,6.88333333333,212.25,3.192,0.0,720.0,10736.8046875,48.5208333333
2014.0,2.0,13.0,5.0,-2.2425,27.9635,-3.2275,92.9916666667,1.0,2.10833333333,7.13333333333,209.333333333,3.086375,0.0,720.0,10736.8046875,49.2083333333
2014.0,2.0,13.0,6.0,-0.698333333333,30.743,-3.46916666667,81.7083333333,1.0,3.03333333333,8.94166666667,208.916666667,2.85475,0.0,720.0,10736.8046875,49.25
2014.0,2.0,13.0,7.0,-0.271666666667,31.511,-4.3625,73.8916666667,3.16666666667,2.575,9.90833333333,207.666666667,2.79075,0.0,720.0,10736.8046875,47.5833333333
2014.0,2.0,13.0,8.0,0.00583333333333,32.0105,-4.85666666667,69.825,10.9166666667,1.98333333333,8.43333333333,201.0,2.749125,0.0,720.0,10736.8046875,47.2083333333
2014.0,2.0,13.0,9.0,0.356666666667,32.642,-6.205,61.35,62.3333333333,3.08333333333,9.675,195.0,2.6965,0.0,720.0,10736.8046875,48.3958333333
2014.0,2.0,13.0,10.0,0.654166666667,33.1775,-10.8725,51.275,90.75,4.125,10.9,192.916666667,2.651875,0.0,720.0,10736.8046875,49.2708333333
2014.0,2.0,13.0,11.0,0.759166666667,33.3665,-49.5675,1.0,77.3333333333,4.09166666667,10.95,198.0,2.636125,0.0,720.0,10736.8046875,50.4375
2014.0,2.0,13.0,12.0,0.889166666667,33.6005,-49.4866666667,1.0,106.416666667,3.94166666667,10.65,202.0,2.616625,0.0,720.0,10736.8046875,51.3333333333
2014.0,2.0,13.0,13.0,1.27416666667,34.2935,-49.25,1.0,95.0,3.25,9.54166666667,198.0,2.558875,0.0,720.0,10736.8046875,50.8333333333
2014.0,2.0,13.0,14.0,1.26333333333,34.274,-49.2575,1.0,71.3333333333,2.99166666667,10.1416666667,199.416666667,2.5605,0.0,720.0,10736.8046875,50.4791666667
2014.0,2.0,13.0,15.0,1.29166666667,34.325,-49.2391666667,1.0,40.8333333333,2.58333333333,8.275,196.583333333,2.55625,0.0,720.0,10736.8046875,50.9791666667
2014.0,2.0,13.0,16.0,1.18416666667,34.1315,-49.3066666667,1.0,12.3333333333,2.35,7.975,192.416666667,2.572375,0.0,720.0,10736.8046875,50.7708333333
2014.0,2.0,13.0,17.0,0.9525,33.7145,-49.4458333333,1.0,1.08333333333,2.35833333333,7.93333333333,186.166666667,2.607125,0.0,720.0,10736.8046875,52.0
2014.0,2.0,13.0,18.0,0.798333333333,33.437,-49.5441666667,1.0,1.0,2.425,7.55,174.916666667,2.63025,0.0,720.0,10736.8046875,50.9166666667
2014.0,2.0,13.0,19.0,0.6525,33.1745,-49.635,1.0,1.0,2.41666666667,7.06666666667,171.083333333,2.652125,0.0,720.0,10736.8046875,51.0
2014.0,2.0,13.0,20.0,0.349166666667,32.6285,-49.8275,1.0,1.0,0.85,5.13333333333,129.0,2.697625,0.0,720.0,10736.8046875,47.4375
2014.0,2.0,13.0,21.0,0.555,32.999,-49.6975,1.0,1.0,0.5,4.225,130.583333333,2.66675,0.0,720.0,10736.8046875,45.9583333333
2014.0,2.0,13.0,22.0,0.221666666667,32.399,-42.7341666667,5.6,1.0,0.375,3.84166666667,93.75,2.71675,0.0,720.0,10736.8046875,46.125
2014.0,2.0,13.0,23.0,-0.201666666667,31.637,-7.7825,67.7833333333,1.0,0.0333333333333,0.633333333333,93.5,2.78025,0.0,720.0,10736.8046875,46.125
2014.0,2.0,14.0,0.0,-0.358333333333,31.355,-0.41,99.675,1.0,0.0,0.0,79.0,2.80375,0.0,720.0,10736.8046875,46.2083333333
2014.0,2.0,14.0,1.0,-0.694166666667,30.7505,-0.770833333333,99.4833333333,1.0,0.0,0.0,72.25,2.854125,0.0,720.0,10736.8046875,46.9583333333
2014.0,2.0,14.0,2.0,-0.153333333333,31.724,-0.8375,95.225,1.0,0.0,0.0,65.1666666667,2.773,0.0,720.0,10736.8046875,44.8958333333
2014.0,2.0,14.0,3.0,0.8,33.44,0.00333333333333,94.475,1.0,1.99166666667,7.525,66.8333333333,2.63,0.0,720.0,10736.8046875,46.3125
2014.0,2.0,14.0,4.0,1.04333333333,33.878,-0.818333333333,87.375,1.0,2.98333333333,8.5,69.25,2.5935,0.0,720.0,10736.8046875,48.0416666667
2014.0,2.0,14.0,5.0,1.10916666667,33.9965,-1.47583333333,82.9166666667,1.0,2.64166666667,8.43333333333,68.4166666667,2.583625,0.0,720.0,10736.8046875,47.6666666667
2014.0,2.0,14.0,6.0,0.625833333333,33.1265,-2.96333333333,76.875,4.08333333333,2.18333333333,7.775,65.5,2.656125,0.0,720.0,10736.8046875,47.7083333333
2014.0,2.0,14.0,7.0,1.10333333333,33.986,-5.3875,62.0583333333,107.083333333,1.59166666667,5.3,61.5,2.5845,0.0,720.0,10736.8046875,47.25
2014.0,2.0,14.0,8.0,2.01416666667,35.6255,-5.29,58.4,274.75,2.00833333333,6.86666666667,57.6666666667,2.447875,0.0,720.0,10736.8046875,48.3541666667
2014.0,2.0,14.0,9.0,3.57083333333,38.4275,-4.405,55.9,425.916666667,2.7,7.9,61.0,2.214375,0.0,720.0,10736.8046875,52.6458333333
2014.0,2.0,14.0,10.0,5.35666666667,41.642,-3.8425,51.4583333333,514.083333333,3.90833333333,10.025,61.8333333333,1.9465,0.0,720.0,10736.8046875,50.7083333333
2014.0,2.0,14.0,11.0,6.165,43.097,-3.1625,51.1833333333,598.166666667,5.48333333333,12.6666666667,65.25,1.82525,0.0,720.0,10736.8046875,53.1458333333
2014.0,2.0,14.0,12.0,6.15,43.07,-3.29666666667,50.8083333333,462.75,4.96666666667,11.9833333333,66.6666666667,1.8275,0.0,720.0,10736.8046875,52.5833333333
2014.0,2.0,14.0,13.0,6.26083333333,43.2695,-2.92916666667,51.825,385.25,1.49166666667,6.21666666667,72.3333333333,1.810875,0.0,720.0,10736.8046875,52.6875
2014.0,2.0,14.0,14.0,6.94333333333,44.498,-3.80583333333,46.25,477.666666667,2.49166666667,7.7,73.0,1.7085,0.0,720.0,10736.8046875,51.875
2014.0,2.0,14.0,15.0,7.3475,45.2255,-3.9,44.6583333333,308.916666667,2.56666666667,8.35833333333,71.1666666667,1.647875,0.0,720.0,10736.8046875,51.875
2014.0,2.0,14.0,16.0,6.79,44.222,-4.05,45.9083333333,124.583333333,1.80833333333,7.19166666667,68.9166666667,1.7315,0.0,720.0,10736.8046875,51.75
2014.0,2.0,14.0,17.0,5.255,41.459,-3.61083333333,52.75,8.25,0.575,3.25833333333,67.25,1.96175,0.0,720.0,10736.8046875,51.4791666667
2014.0,2.0,14.0,18.0,4.57333333333,40.232,-3.3925,56.2083333333,1.0,0.183333333333,2.10833333333,66.5,2.064,0.0,720.0,10736.8046875,51.6041666667
2014.0,2.0,14.0,19.0,3.94083333333,39.0935,-3.22166666667,59.55,1.0,0.0,0.0,86.3333333333,2.158875,0.0,720.0,10736.8046875,50.2083333333
2014.0,2.0,14.0,20.0,3.3725,38.0705,-2.97416666667,63.175,1.0,0.0,0.0,168.166666667,2.244125,0.0,720.0,10736.8046875,48.2083333333
2014.0,2.0,14.0,21.0,2.76083333333,36.9695,-2.56083333333,68.0,1.0,0.0,0.0,259.0,2.335875,0.0,720.0,10736.8046875,47.0416666667
2014.0,2.0,14.0,22.0,2.52583333333,36.5465,-2.15916666667,71.2,1.0,0.0,0.166666666667,193.166666667,2.371125,0.0,720.0,10736.8046875,46.4166666667
2014.0,2.0,14.0,23.0,2.57583333333,36.6365,-2.54833333333,68.9583333333,1.0,0.0,0.3,204.166666667,2.363625,0.0,720.0,10736.8046875,45.6666666667
2014.0,2.0,15.0,0.0,2.59416666667,36.6695,-3.20083333333,65.575,1.0,0.0,0.175,219.75,2.360875,0.0,0.0,10736.8046875,45.4375
2014.0,2.0,15.0,1.0,2.2175,35.9915,-3.06333333333,68.05,1.0,0.0333333333333,0.741666666667,210.333333333,2.417375,0.0,0.0,10736.8046875,44.75
2014.0,2.0,15.0,2.0,1.9625,35.5325,-3.3325,67.9333333333,1.0,0.0333333333333,0.758333333333,219.5,2.455625,0.0,0.0,10736.8046875,44.0833333333
2014.0,2.0,15.0,3.0,1.63666666667,34.946,-3.1075,70.7083333333,1.0,0.0666666666667,1.25833333333,215.25,2.5045,0.0,0.0,10736.8046875,46.5
2014.0,2.0,15.0,4.0,1.31916666667,34.3745,-3.43916666667,70.5583333333,1.0,0.216666666667,2.63333333333,221.166666667,2.552125,0.0,0.0,10736.8046875,47.8958333333
2014.0,2.0,15.0,5.0,1.30833333333,34.355,-3.81166666667,68.675,1.0,0.358333333333,3.04166666667,218.666666667,2.55375,0.0,0.0,10736.8046875,48.0833333333
2014.0,2.0,15.0,6.0,1.32833333333,34.391,-3.93833333333,67.925,2.25,0.458333333333,3.43333333333,219.583333333,2.55075,0.0,0.0,10736.8046875,47.9166666667
2014.0,2.0,15.0,7.0,1.70166666667,35.063,-3.86583333333,66.4916666667,51.0833333333,0.35,2.93333333333,217.416666667,2.49475,0.0,0.0,10736.8046875,46.0625
2014.0,2.0,15.0,8.0,2.18333333333,35.93,-3.565,65.7166666667,73.0,0.433333333333,3.1,209.583333333,2.4225,0.0,0.0,10736.8046875,45.9791666667
2014.0,2.0,15.0,9.0,1.91916666667,35.4545,-2.02583333333,75.2,73.1666666667,0.291666666667,3.025,214.5,2.462125,0.0,0.0,10736.8046875,46.9583333333
2014.0,2.0,15.0,10.0,2.18416666667,35.9315,-0.6775,81.35,92.5,0.291666666667,2.375,204.666666667,2.422375,0.0,0.0,10736.8046875,48.1041666667
2014.0,2.0,15.0,11.0,1.84416666667,35.3195,1.0375,94.4666666667,77.9166666667,0.616666666667,3.38333333333,194.666666667,2.473375,0.0,0.0,10736.8046875,48.2291666667
2014.0,2.0,15.0,12.0,1.29416666667,34.3295,1.25666666667,99.7416666667,52.9166666667,1.00833333333,4.38333333333,184.083333333,2.555875,0.0,0.0,10736.8046875,49.0625
2014.0,2.0,15.0,13.0,0.799166666667,33.4385,0.7975,99.9916666667,44.75,1.58333333333,5.95,172.833333333,2.630125,0.0,0.0,10736.8046875,51.5208333333
2014.0,2.0,15.0,14.0,0.373333333333,32.672,0.3575,99.9083333333,32.3333333333,0.858333333333,5.48333333333,161.666666667,2.694,0.0,0.0,10736.8046875,50.4791666667
2014.0,2.0,15.0,15.0,0.1275,32.2295,-0.161666666667,97.9916666667,35.1666666667,1.525,7.01666666667,162.666666667,2.730875,0.0,0.0,10736.8046875,49.2291666667
2014.0,2.0,15.0,16.0,0.0525,32.0945,-0.3475,97.175,24.3333333333,0.516666666667,5.7,145.166666667,2.742125,0.0,0.0,10736.8046875,49.75
2014.0,2.0,15.0,17.0,0.153333333333,32.276,-0.385833333333,96.1916666667,1.91666666667,0.275,3.21666666667,125.833333333,2.727,0.0,0.0,10736.8046875,49.375
2014.0,2.0,15.0,18.0,0.365,32.657,-1.33,88.5333333333,1.0,1.15833333333,6.94166666667,119.166666667,2.69525,0.0,0.0,10736.8046875,49.4791666667
2014.0,2.0,15.0,19.0,0.5225,32.9405,-3.15583333333,76.6833333333,1.0,1.83333333333,7.4,114.5,2.671625,0.0,0.0,10736.8046875,48.0625
2014.0,2.0,15.0,20.0,-0.15,31.73,-5.6,66.675,1.0,1.65833333333,7.75,117.583333333,2.7725,0.0,0.0,10736.8046875,49.0
2014.0,2.0,15.0,21.0,-0.205,31.631,-6.09416666667,64.4833333333,1.0,1.26666666667,6.43333333333,108.0,2.78075,0.0,0.0,10736.8046875,46.5
2014.0,2.0,15.0,22.0,-1.3075,29.6465,-7.81833333333,61.1916666667,1.0,0.958333333333,5.48333333333,100.916666667,2.946125,0.0,0.0,10736.8046875,46.1875
2014.0,2.0,15.0,23.0,-2.025,28.355,-9.26,57.65,1.0,1.09166666667,5.93333333333,87.9166666667,3.05375,0.0,0.0,10736.8046875,44.6875
2014.0,2.0,16.0,0.0,-2.69416666667,27.1505,-9.87333333333,57.7083333333,1.0,1.38333333333,6.88333333333,93.4166666667,3.154125,0.0,0.0,10736.8046875,44.75
2014.0,2.0,16.0,1.0,-3.4825,25.7315,-10.3908333333,58.7666666667,1.0,0.816666666667,5.025,96.6666666667,3.272375,0.0,0.0,10736.8046875,44.5416666667
2014.0,2.0,16.0,2.0,-4.195,24.449,-10.4275,61.8083333333,1.0,0.358333333333,3.09166666667,85.25,3.37925,0.0,0.0,10736.8046875,44.0833333333
2014.0,2.0,16.0,3.0,-4.73,23.486,-10.6741666667,63.1083333333,1.0,0.916666666667,5.05,76.75,3.4595,0.0,0.0,10736.8046875,45.5833333333
2014.0,2.0,16.0,4.0,-5.3225,22.4195,-11.235,63.1166666667,1.0,0.833333333333,4.81666666667,74.6666666667,3.548375,0.0,0.0,10736.8046875,46.9375
2014.0,2.0,16.0,5.0,-5.87333333333,21.428,-11.9,62.4083333333,1.0,0.783333333333,4.425,94.3333333333,3.631,0.0,0.0,10736.8046875,46.6666666667
2014.0,2.0,16.0,6.0,-6.3125,20.6375,-12.0266666667,63.8916666667,8.5,0.133333333333,1.9,94.6666666667,3.696875,0.0,0.0,10736.8046875,46.5833333333
2014.0,2.0,16.0,7.0,-5.76416666667,21.6245,-12.19,60.4666666667,97.1666666667,0.275,2.76666666667,92.0,3.614625,0.0,0.0,10736.8046875,44.9166666667
2014.0,2.0,16.0,8.0,-4.975,23.045,-12.2191666667,56.825,261.416666667,0.533333333333,3.825,79.75,3.49625,0.0,0.0,10736.8046875,44.9583333333
2014.0,2.0,16.0,9.0,-4.33166666667,24.203,-12.3841666667,53.4333333333,364.166666667,0.775,4.20833333333,77.0833333333,3.39975,0.0,0.0,10736.8046875,46.0
2014.0,2.0,16.0,10.0,-2.68666666667,27.164,-11.945,48.9083333333,494.083333333,0.575,3.65833333333,72.5,3.153,0.0,0.0,10736.8046875,45.8958333333
2014.0,2.0,16.0,11.0,-1.11166666667,29.999,-11.2466666667,46.0416666667,608.166666667,0.633333333333,4.175,69.0833333333,2.91675,0.0,0.0,10736.8046875,47.3125
2014.0,2.0,16.0,12.0,-0.62,30.884,-11.8858333333,42.2083333333,623.916666667,0.8,4.125,69.25,2.843,0.0,0.0,10736.8046875,47.2916666667
2014.0,2.0,16.0,13.0,-1.33083333333,29.6045,-12.0008333333,44.025,300.583333333,0.675,3.625,72.75,2.949625,0.0,0.0,10736.8046875,48.0
2014.0,2.0,16.0,14.0,-1.58416666667,29.1485,-11.8025,45.575,240.75,1.08333333333,4.70833333333,67.3333333333,2.987625,0.0,0.0,10736.8046875,48.2916666667
2014.0,2.0,16.0,15.0,-1.745,28.859,-11.4816666667,47.325,159.083333333,0.575,3.58333333333,68.1666666667,3.01175,0.0,0.0,10736.8046875,49.125
2014.0,2.0,16.0,16.0,-2.0125,28.3775,-11.1166666667,49.7083333333,57.6666666667,0.633333333333,4.13333333333,75.6666666667,3.051875,0.0,0.0,10736.8046875,49.9791666667
2014.0,2.0,16.0,17.0,-2.14083333333,28.1465,-10.5025,52.7166666667,4.66666666667,0.983333333333,4.86666666667,70.5,3.071125,0.0,0.0,10736.8046875,50.75
2014.0,2.0,16.0,18.0,-2.35833333333,27.755,-9.4675,58.125,1.0,0.691666666667,4.26666666667,75.4166666667,3.10375,0.0,0.0,10736.8046875,49.5208333333
2014.0,2.0,16.0,19.0,-2.60833333333,27.305,-9.11833333333,60.8666666667,1.0,0.516666666667,3.38333333333,72.4166666667,3.14125,0.0,0.0,10736.8046875,48.8125
2014.0,2.0,16.0,20.0,-3.04916666667,26.5115,-8.5875,65.5666666667,1.0,0.183333333333,1.725,77.0833333333,3.207375,0.0,0.0,10736.8046875,48.0833333333
2014.0,2.0,16.0,21.0,-3.47,25.754,-8.11833333333,70.1916666667,1.0,0.183333333333,2.55,88.3333333333,3.2705,0.0,0.0,10736.8046875,46.1458333333
2014.0,2.0,16.0,22.0,-3.82,25.124,-8.10333333333,72.125,1.0,0.358333333333,3.55833333333,86.9166666667,3.323,0.0,0.0,10736.8046875,46.1458333333
2014.0,2.0,16.0,23.0,-4.32,24.224,-8.495,72.65,1.0,0.216666666667,2.8,89.0,3.398,0.0,0.0,10736.8046875,46.0
2014.0,2.0,17.0,0.0,-4.82833333333,23.309,-9.0075,72.5333333333,1.0,0.0666666666667,1.625,90.75,3.47425,0.0,720.0,10736.8046875,45.9375
2014.0,2.0,17.0,1.0,-5.16416666667,22.7045,-10.0391666667,68.6083333333,1.0,0.583333333333,4.13333333333,108.083333333,3.524625,0.0,720.0,10736.8046875,45.9166666667
2014.0,2.0,17.0,2.0,-5.825,21.515,-11.0283333333,66.6916666667,1.0,0.6,4.3,128.75,3.62375,0.0,720.0,10736.8046875,44.7708333333
2014.0,2.0,17.0,3.0,-6.535,20.237,-12.5125,62.4833333333,1.0,0.5,4.06666666667,123.75,3.73025,0.0,720.0,10736.8046875,46.4791666667
2014.0,2.0,17.0,4.0,-7.0075,19.3865,-12.6958333333,63.8583333333,1.0,0.366666666667,2.99166666667,111.833333333,3.801125,0.0,720.0,10736.8046875,48.1458333333
2014.0,2.0,17.0,5.0,-7.325,18.815,-13.2483333333,62.5666666667,1.0,0.15,2.39166666667,98.5,3.84875,0.0,720.0,10736.8046875,48.625
2014.0,2.0,17.0,6.0,-7.605,18.311,-13.3575,63.3916666667,5.91666666667,0.341666666667,2.975,112.5,3.89075,0.0,720.0,10736.8046875,48.875
2014.0,2.0,17.0,7.0,-6.09416666667,21.0305,-14.35,52.1333333333,115.416666667,0.133333333333,1.825,86.8333333333,3.664125,0.0,720.0,10736.8046875,47.9375
2014.0,2.0,17.0,8.0,-5.32666666667,22.412,-13.5816666667,52.2416666667,285.5,0.616666666667,3.78333333333,105.5,3.549,0.0,720.0,10736.8046875,49.625
2014.0,2.0,17.0,9.0,-3.71333333333,25.316,-13.5791666667,46.275,457.416666667,0.216666666667,2.4,98.5833333333,3.307,0.0,720.0,10736.8046875,51.7916666667
2014.0,2.0,17.0,10.0,-2.29166666667,27.875,-13.5275,41.7916666667,572.666666667,0.375,2.91666666667,121.0,3.09375,0.0,720.0,10736.8046875,53.7083333333
2014.0,2.0,17.0,11.0,-0.708333333333,30.725,-13.3566666667,37.7,634.833333333,0.216666666667,1.89166666667,141.666666667,2.85625,0.0,720.0,10736.8046875,55.4791666667
2014.0,2.0,17.0,12.0,-0.238333333333,31.571,-13.5991666667,35.7416666667,639.5,0.375,2.78333333333,147.0,2.78575,0.0,720.0,10736.8046875,52.5833333333
2014.0,2.0,17.0,13.0,-0.574166666667,30.9665,-14.685,33.5666666667,586.166666667,0.166666666667,2.14166666667,135.083333333,2.836125,0.0,720.0,10736.8046875,52.125
2014.0,2.0,17.0,14.0,0.8425,33.5165,-14.0366666667,31.8833333333,471.583333333,0.0166666666667,0.45,121.916666667,2.623625,0.0,720.0,10736.8046875,51.2708333333
2014.0,2.0,17.0,15.0,1.69,35.042,-14.0941666667,29.8833333333,341.083333333,0.0,0.225,191.833333333,2.4965,0.0,720.0,10736.8046875,52.625
2014.0,2.0,17.0,16.0,1.84416666667,35.3195,-14.1808333333,29.325,162.333333333,0.0,0.0833333333333,180.25,2.473375,0.0,720.0,10736.8046875,53.8125
2014.0,2.0,17.0,17.0,-0.881666666667,30.413,-13.5791666667,37.5583333333,11.0,0.0,0.0333333333333,244.583333333,2.88225,0.0,720.0,10736.8046875,54.1875
2014.0,2.0,17.0,18.0,-1.26,29.732,-12.9416666667,40.5916666667,1.0,0.0,0.0,293.833333333,2.939,0.0,720.0,10736.8046875,52.4583333333
2014.0,2.0,17.0,19.0,-1.25333333333,29.744,-12.4083333333,42.3583333333,1.0,0.0,0.0,290.166666667,2.938,0.0,720.0,10736.8046875,55.0416666667
2014.0,2.0,17.0,20.0,-1.3575,29.5565,-12.255,43.2166666667,1.0,0.0,0.283333333333,299.333333333,2.953625,0.0,720.0,10736.8046875,50.5416666667
2014.0,2.0,17.0,21.0,-1.5175,29.2685,-11.7191666667,45.65,1.0,0.0,0.416666666667,310.666666667,2.977625,0.0,720.0,10736.8046875,47.75
2014.0,2.0,17.0,22.0,-1.4775,29.3405,-11.5725,46.0833333333,1.0,0.0,0.25,312.333333333,2.971625,0.0,720.0,10736.8046875,47.2708333333
2014.0,2.0,17.0,23.0,-1.75583333333,28.8395,-11.2016666667,48.4416666667,1.0,0.0,0.775,316.75,3.013375,0.0,720.0,10736.8046875,45.625
2014.0,2.0,18.0,0.0,-2.05666666667,28.298,-10.145,53.9666666667,1.0,0.166666666667,2.45833333333,321.083333333,3.0585,0.0,720.0,10736.8046875,44.9791666667
2014.0,2.0,18.0,1.0,-1.81833333333,28.727,-8.1575,61.8833333333,1.0,0.0666666666667,1.46666666667,318.0,3.02275,0.0,720.0,10736.8046875,45.0416666667
2014.0,2.0,18.0,2.0,-1.68666666667,28.964,-6.8275,68.2083333333,1.0,0.408333333333,2.6,325.083333333,3.003,0.0,720.0,10736.8046875,44.8125
2014.0,2.0,18.0,3.0,-2.87083333333,26.8325,-3.86916666667,92.875,1.0,0.0,0.716666666667,292.583333333,3.180625,0.0,720.0,10736.8046875,46.6666666667
2014.0,2.0,18.0,4.0,-2.45083333333,27.5885,-3.26833333333,94.175,1.0,0.0333333333333,0.233333333333,259.75,3.117625,0.0,720.0,10736.8046875,47.6458333333
2014.0,2.0,18.0,5.0,-2.47,27.554,-2.77,97.8583333333,1.0,0.0,0.0,208.166666667,3.1205,0.0,720.0,10736.8046875,48.5208333333
2014.0,2.0,18.0,6.0,-2.185,28.067,-2.79416666667,95.65,1.25,0.0,0.075,214.416666667,3.07775,0.0,720.0,10736.8046875,4.02083333333
2014.0,2.0,18.0,7.0,-1.51916666667,29.2655,-2.70833333333,91.6416666667,25.8333333333,0.0,0.0166666666667,205.083333333,2.977875,0.0,720.0,10736.8046875,39.4166666667
2014.0,2.0,18.0,8.0,-0.0175,31.9685,-2.16416666667,85.525,103.25,0.0,0.0,206.083333333,2.752625,0.0,720.0,10736.8046875,49.5
2014.0,2.0,19.0,4.0,1.19416666667,34.1495,-1.7,81.0416666667,1.0,0.0,0.208333333333,273.166666667,2.570875,0.0,720.0,10736.8046875,47.46875
2014.0,2.0,19.0,5.0,0.34,32.612,-1.93416666667,84.7333333333,1.0,0.0,0.125,226.083333333,2.699,0.0,720.0,10736.8046875,47.1875
2014.0,2.0,19.0,6.0,-0.426666666667,31.232,-2.1625,88.0666666667,5.41666666667,0.0,0.741666666667,199.416666667,2.814,0.0,720.0,10736.8046875,46.1666666667
2014.0,2.0,19.0,7.0,1.94583333333,35.5025,-1.45833333333,78.325,86.5833333333,0.0,0.183333333333,216.166666667,2.458125,0.0,720.0,10736.8046875,46.2916666667
2014.0,2.0,19.0,8.0,4.16583333333,39.4985,0.09,74.7833333333,155.666666667,0.0,0.0166666666667,305.833333333,2.125125,0.0,720.0,10736.8046875,47.6458333333
2014.0,2.0,19.0,9.0,4.50833333333,40.115,0.571666666667,75.6916666667,41.4166666667,0.191666666667,0.991666666667,243.083333333,2.07375,0.0,720.0,10736.8046875,51.1041666667
2014.0,2.0,19.0,10.0,2.15916666667,35.8865,-30.1966666667,30.1833333333,24.8333333333,0.35,2.28333333333,147.583333333,2.426125,0.0,720.0,10736.8046875,51.6666666667
2014.0,2.0,19.0,11.0,3.07083333333,37.5275,-48.1333333333,1.0,74.9166666667,0.0,0.0,213.583333333,2.289375,0.0,720.0,10736.8046875,53.625
2014.0,2.0,19.0,12.0,3.53333333333,38.36,-47.845,1.0,109.583333333,0.0,0.0333333333333,199.583333333,2.22,0.0,720.0,10736.8046875,54.5208333333
2014.0,2.0,19.0,13.0,4.80083333333,40.6415,-47.0616666667,1.0,184.166666667,0.0,0.0,232.5,2.029875,0.0,720.0,10736.8046875,53.0
2014.0,2.0,19.0,14.0,6.525,43.745,-45.9933333333,1.0,274.25,0.0,0.0,100.416666667,1.77125,0.0,720.0,10736.8046875,53.7708333333
2014.0,2.0,19.0,15.0,7.26083333333,45.0695,0.733333333333,77.9666666667,221.333333333,0.0333333333333,0.708333333333,76.3333333333,1.660875,0.0,720.0,10736.8046875,52.3541666667
2014.0,2.0,19.0,16.0,6.80083333333,44.2415,5.2075,89.6166666667,92.4166666667,0.05,0.808333333333,55.3333333333,1.729875,0.0,720.0,10736.8046875,52.7916666667
2014.0,2.0,19.0,17.0,6.28,43.304,5.235,93.0083333333,11.25,0.0333333333333,0.458333333333,61.0833333333,1.808,0.0,720.0,10736.8046875,53.375
2014.0,2.0,19.0,18.0,6.1375,43.0475,5.29,94.275,1.0,0.0,0.458333333333,62.9166666667,1.829375,0.0,720.0,10736.8046875,51.5208333333
2014.0,2.0,19.0,19.0,6.69333333333,44.048,4.74166666667,87.375,1.0,0.141666666667,1.60833333333,72.3333333333,1.746,0.0,720.0,10736.8046875,51.3541666667
2014.0,2.0,19.0,20.0,7.71083333333,45.8795,3.02333333333,72.2,1.0,1.90833333333,6.125,75.3333333333,1.593375,0.0,720.0,10736.8046875,50.3333333333
2014.0,2.0,19.0,21.0,7.78833333333,46.019,1.74166666667,65.5416666667,1.0,1.28333333333,5.525,71.5,1.58175,0.0,720.0,10736.8046875,49.4375
2014.0,2.0,19.0,22.0,7.42,45.356,0.973333333333,63.5833333333,1.0,0.65,4.425,71.75,1.637,0.0,720.0,10736.8046875,47.2708333333
2014.0,2.0,19.0,23.0,6.6725,44.0105,0.443333333333,64.425,1.0,0.508333333333,3.3,67.25,1.749125,0.0,720.0,10736.8046875,47.125
2014.0,2.0,20.0,0.0,5.69333333333,42.248,0.055,67.025,1.0,0.05,0.641666666667,58.9166666667,1.896,0.0,720.0,10736.8046875,46.0
2014.0,2.0,20.0,1.0,4.94916666667,40.9085,-0.00916666666667,70.275,1.0,0.0166666666667,0.591666666667,61.5,2.007625,0.0,720.0,10736.8046875,46.125
2014.0,2.0,20.0,2.0,3.93666666667,39.086,-0.294166666667,73.8833333333,1.0,0.0,0.0,60.0833333333,2.1595,0.0,720.0,10736.8046875,45.875
2014.0,2.0,20.0,3.0,3.465,38.237,-0.6025,74.6666666667,1.0,0.0,0.15,59.8333333333,2.23025,0.0,720.0,10736.8046875,46.8541666667
2014.0,2.0,20.0,4.0,2.93166666667,37.277,-0.8775,76.0,1.0,0.0,0.0,62.0833333333,2.31025,0.0,720.0,10736.8046875,48.6875
2014.0,2.0,20.0,5.0,2.7075,36.8735,-1.42166666667,74.2166666667,1.0,0.0,0.15,79.5,2.343875,0.0,720.0,10736.8046875,48.8333333333
2014.0,2.0,20.0,6.0,2.17333333333,35.912,-1.7525,75.3,9.33333333333,0.0,0.0833333333333,178.916666667,2.424,0.0,720.0,10736.8046875,48.8541666667
2014.0,2.0,20.0,7.0,4.61166666667,40.301,-1.94,62.6,132.916666667,0.0,0.075,63.0,2.05825,0.0,720.0,10736.8046875,47.2708333333
2014.0,2.0,20.0,8.0,5.76,42.368,-1.06166666667,61.5583333333,303.0,0.0166666666667,0.591666666667,67.0833333333,1.886,0.0,720.0,10736.8046875,48.6458333333
2014.0,2.0,20.0,9.0,8.94916666667,48.1085,-0.579166666667,51.3416666667,446.916666667,0.0,0.216666666667,140.583333333,1.407625,0.0,720.0,10736.8046875,50.7708333333
2014.0,2.0,20.0,10.0,10.9583333333,51.725,-0.8975,43.7583333333,559.75,0.0,0.333333333333,314.583333333,1.10625,0.0,720.0,10736.8046875,52.9583333333
2014.0,2.0,20.0,11.0,11.5891666667,52.8605,-1.00666666667,41.6166666667,556.25,0.0333333333333,0.7,317.833333333,1.011625,0.0,720.0,10736.8046875,53.9375
2014.0,2.0,20.0,12.0,11.825,53.285,-1.69416666667,38.975,517.583333333,0.0333333333333,1.09166666667,328.916666667,0.97625,0.0,720.0,10736.8046875,52.7083333333
2014.0,2.0,20.0,13.0,11.9358333333,53.4845,-2.55166666667,36.325,508.083333333,0.05,0.95,304.666666667,0.959625,0.0,720.0,10736.8046875,52.625
2014.0,2.0,20.0,14.0,13.0358333333,55.4645,-2.4125,34.2,316.083333333,0.0333333333333,0.833333333333,240.25,0.794625,0.0,720.0,10736.8046875,53.2291666667
2014.0,2.0,20.0,15.0,11.5966666667,52.874,-1.745,39.4083333333,67.75,0.0666666666667,1.075,231.666666667,1.0105,0.0,720.0,10736.8046875,53.2291666667
2014.0,2.0,20.0,16.0,10.6108333333,51.0995,-5.77083333333,31.1166666667,15.6666666667,0.2,2.525,326.0,1.158375,0.0,720.0,10736.8046875,52.5
2014.0,2.0,21.0,12.0,15.2958333333,59.5325,11.4483333333,77.7666666667,235.5,0.0166666666667,0.383333333333,263.5,0.461708333333,0.00608333333333,720.0,10736.8046875,53.175
2014.0,2.0,21.0,13.0,17.7183333333,63.893,15.3433333333,86.1583333333,94.1666666667,1.08333333333,5.78333333333,344.333333333,0.105666666667,0.0134166666667,720.0,10736.8046875,54.5833333333
2014.0,2.0,21.0,14.0,12.4766666667,54.458,11.8675,96.025,14.25,1.725,7.64166666667,80.0,0.8785,0.0,720.0,10736.8046875,52.6041666667
2014.0,2.0,21.0,15.0,7.47083333333,45.4475,2.37666666667,70.5583333333,28.8333333333,0.55,4.325,103.583333333,1.629375,0.0,720.0,10736.8046875,53.3125
2014.0,2.0,21.0,16.0,7.48083333333,45.4655,6.17916666667,91.4833333333,12.5833333333,0.0166666666667,0.85,86.5,1.627875,0.0,720.0,10736.8046875,52.6458333333
2014.0,2.0,21.0,17.0,7.95333333333,46.316,6.65666666667,91.5416666667,9.33333333333,0.133333333333,1.11666666667,57.5833333333,1.557,0.0,720.0,10736.8046875,52.2083333333
2014.0,2.0,21.0,18.0,7.44583333333,45.4025,5.36916666667,86.65,1.0,0.308333333333,1.49166666667,57.1666666667,1.633125,0.0,720.0,10736.8046875,51.1041666667
2014.0,2.0,21.0,19.0,6.66916666667,44.0045,5.1,89.6833333333,1.0,0.166666666667,1.825,68.8333333333,1.749625,0.0,720.0,10736.8046875,50.0625
2014.0,2.0,21.0,20.0,6.23,43.214,4.57583333333,89.125,1.0,0.0666666666667,0.708333333333,68.5,1.8155,0.0,720.0,10736.8046875,47.8958333333
2014.0,2.0,21.0,21.0,5.75583333333,42.3605,4.10833333333,89.125,1.0,0.166666666667,1.675,66.9166666667,1.886625,0.0,720.0,10736.8046875,46.7291666667
2014.0,2.0,21.0,22.0,5.19416666667,41.3495,4.1175,92.7333333333,1.0,0.05,1.15,65.6666666667,1.970875,0.0,720.0,10736.8046875,46.1666666667
2014.0,2.0,21.0,23.0,4.77416666667,40.5935,3.80833333333,93.425,1.0,0.0833333333333,0.95,60.8333333333,2.033875,0.0,720.0,10736.8046875,45.7708333333
2014.0,2.0,22.0,0.0,4.48,40.064,3.3675,92.4583333333,1.0,0.216666666667,2.20833333333,66.75,2.078,0.0,0.0,10736.8046875,45.8958333333
2014.0,2.0,22.0,1.0,4.0475,39.2855,2.81916666667,91.6916666667,1.0,0.05,1.00833333333,60.5,2.142875,0.0,0.0,10736.8046875,46.0208333333
2014.0,2.0,22.0,2.0,3.62083333333,38.5175,1.785,87.8916666667,1.0,0.0,0.133333333333,101.5,2.206875,0.0,0.0,10736.8046875,46.1875
2014.0,2.0,22.0,3.0,3.55833333333,38.405,1.1475,84.2583333333,1.0,0.208333333333,1.38333333333,54.75,2.21625,0.0,0.0,10736.8046875,47.2916666667
2014.0,2.0,22.0,4.0,3.3275,37.9895,0.664166666667,82.6916666667,1.0,0.95,3.90833333333,54.0,2.250875,0.0,0.0,10736.8046875,42.3125
2014.0,2.0,22.0,5.0,2.70166666667,36.863,0.815,87.375,1.0,0.95,3.325,56.5,2.34475,0.0,0.0,10736.8046875,40.8958333333
2014.0,2.0,22.0,6.0,2.7475,36.9455,0.561666666667,85.6166666667,18.5833333333,0.325,1.81666666667,59.0833333333,2.337875,0.0,0.0,10736.8046875,40.5416666667
2014.0,2.0,22.0,7.0,3.265,37.877,0.586666666667,82.5833333333,59.75,0.3,2.11666666667,57.3333333333,2.26025,0.0,0.0,10736.8046875,39.9791666667
2014.0,2.0,22.0,8.0,4.11833333333,39.413,0.273333333333,76.0833333333,176.416666667,0.583333333333,2.56666666667,56.1666666667,2.13225,0.0,0.0,10736.8046875,39.2083333333
2014.0,2.0,22.0,9.0,7.6325,45.7385,1.6125,65.8333333333,469.5,0.141666666667,1.56666666667,45.3333333333,1.605125,0.0,0.0,10736.8046875,40.125
2014.0,2.0,22.0,10.0,9.78916666667,49.6205,0.4275,52.1083333333,585.0,1.10833333333,4.14166666667,46.6666666667,1.281625,0.0,0.0,10736.8046875,40.1875
2014.0,2.0,22.0,11.0,12.5466666667,54.584,0.239166666667,42.8583333333,639.083333333,0.75,4.6,62.0,0.868,0.0,0.0,10736.8046875,40.25
2014.0,2.0,22.0,12.0,12.9016666667,55.223,-2.24,34.8666666667,652.5,3.3,8.56666666667,52.75,0.81475,0.0,0.0,10736.8046875,41.4791666667
2014.0,2.0,22.0,13.0,13.8175,56.8715,-2.95916666667,31.2,602.916666667,2.84166666667,9.1,53.0833333333,0.677375,0.0,0.0,10736.8046875,41.4166666667
2014.0,2.0,22.0,14.0,14.57,58.226,-5.10333333333,25.2416666667,490.0,3.575,9.10833333333,58.25,0.5645,0.0,0.0,10736.8046875,40.6875
2014.0,2.0,22.0,15.0,15.0516666667,59.093,-4.26833333333,26.0916666667,349.166666667,3.11666666667,8.26666666667,59.25,0.49225,0.0,0.0,10736.8046875,41.25
2014.0,2.0,22.0,16.0,14.9783333333,58.961,-3.13916666667,28.4833333333,177.666666667,1.875,6.21666666667,51.5833333333,0.50325,0.0,0.0,10736.8046875,40.2291666667
2014.0,2.0,22.0,17.0,12.8833333333,55.19,-2.14583333333,35.25,20.3333333333,1.41666666667,4.59166666667,51.5,0.8175,0.0,0.0,10736.8046875,42.0625
2014.0,2.0,22.0,18.0,11.3841666667,52.4915,-1.18083333333,41.65,1.0,0.391666666667,2.88333333333,54.8333333333,1.042375,0.0,0.0,10736.8046875,41.6458333333
2014.0,2.0,22.0,19.0,10.44,50.792,-0.370833333333,47.0833333333,1.0,0.458333333333,3.51666666667,57.25,1.184,0.0,0.0,10736.8046875,40.8958333333
2014.0,2.0,22.0,20.0,9.26333333333,48.674,0.355833333333,53.6666666667,1.0,0.0333333333333,1.0,57.25,1.3605,0.0,0.0,10736.8046875,40.4375
2014.0,2.0,22.0,21.0,8.4675,47.2415,0.39,56.7666666667,1.0,0.0166666666667,0.366666666667,49.8333333333,1.479875,0.0,0.0,10736.8046875,38.8333333333
2014.0,2.0,22.0,22.0,8.1625,46.6925,0.6725,59.1583333333,1.0,0.725,4.2,53.25,1.525625,0.0,0.0,10736.8046875,37.9375
2014.0,2.0,22.0,23.0,7.685,45.833,1.13583333333,63.1916666667,1.0,0.55,3.6,59.75,1.59725,0.0,0.0,10736.8046875,36.8541666667
2014.0,2.0,23.0,0.0,6.98666666667,44.576,1.44,67.75,1.0,0.0666666666667,1.1,62.6666666667,1.702,0.0,0.0,10736.8046875,36.6666666667
2014.0,2.0,23.0,1.0,6.85916666667,44.3465,1.7,69.6166666667,1.0,0.0,0.158333333333,68.5,1.721125,0.0,0.0,10736.8046875,36.9583333333
2014.0,2.0,23.0,2.0,6.95666666667,44.522,1.86583333333,69.9833333333,1.0,0.05,1.13333333333,62.6666666667,1.7065,0.0,0.0,10736.8046875,36.2708333333
2014.0,2.0,23.0,3.0,6.87333333333,44.372,1.98666666667,70.9916666667,1.0,0.0,0.075,63.3333333333,1.719,0.0,0.0,10736.8046875,39.0
2014.0,2.0,23.0,4.0,6.79583333333,44.2325,2.04083333333,71.6583333333,1.0,0.0,0.0,120.416666667,1.730625,0.0,0.0,10736.8046875,39.1875
2014.0,2.0,23.0,5.0,7.23583333333,45.0245,1.82833333333,68.4666666667,1.0,0.0,0.4,61.25,1.664625,0.0,0.0,10736.8046875,39.1041666667
2014.0,2.0,23.0,6.0,6.47666666667,43.658,1.77,71.875,8.66666666667,0.0,0.0,98.4166666667,1.7785,0.0,0.0,10736.8046875,39.1041666667
2014.0,2.0,23.0,7.0,8.03583333333,46.4645,1.35666666667,62.8666666667,114.5,0.0166666666667,0.4,70.6666666667,1.544625,0.0,0.0,10736.8046875,38.3541666667
2014.0,2.0,23.0,8.0,9.12083333333,48.4175,1.44166666667,58.625,297.166666667,0.116666666667,0.991666666667,57.8333333333,1.381875,0.0,0.0,10736.8046875,38.0833333333
2014.0,2.0,23.0,9.0,9.93666666667,49.886,0.880833333333,53.2916666667,253.333333333,0.1,1.475,59.9166666667,1.2595,0.0,0.0,10736.8046875,37.7708333333
2014.0,2.0,23.0,10.0,11.2766666667,52.298,0.570833333333,47.7,390.75,0.241666666667,2.01666666667,55.0,1.0585,0.0,0.0,10736.8046875,38.4166666667
2014.0,2.0,23.0,11.0,13.1966666667,55.754,0.811666666667,42.7666666667,534.833333333,0.1,1.51666666667,71.3333333333,0.7705,0.0,0.0,10736.8046875,38.0416666667
2014.0,2.0,23.0,12.0,14.5241666667,58.1435,1.03666666667,39.8416666667,640.333333333,0.0166666666667,0.558333333333,139.666666667,0.571375,0.0,0.0,10736.8046875,37.5
2014.0,2.0,23.0,13.0,14.1166666667,57.41,-0.909166666667,35.6666666667,587.166666667,0.141666666667,1.325,116.916666667,0.6325,0.0,0.0,10736.8046875,38.5208333333
2014.0,2.0,23.0,14.0,13.6466666667,56.564,-1.2475,35.725,463.416666667,0.2,2.23333333333,128.916666667,0.703,0.0,0.0,10736.8046875,39.8958333333
2014.0,2.0,23.0,15.0,13.0833333333,55.55,-1.5025,36.375,284.416666667,0.2,1.55,129.916666667,0.7875,0.0,0.0,10736.8046875,40.5625
2014.0,2.0,23.0,16.0,13.1358333333,55.6445,-1.7975,35.5416666667,126.083333333,0.0,0.0333333333333,148.833333333,0.779625,0.0,0.0,10736.8046875,41.1875
2014.0,2.0,23.0,17.0,11.0366666667,51.866,-1.25916666667,42.4666666667,17.4166666667,0.0,0.358333333333,134.083333333,1.0945,0.0,0.0,10736.8046875,40.7083333333
2014.0,2.0,23.0,18.0,9.47916666667,49.0625,-0.921666666667,48.2,1.0,0.0166666666667,0.358333333333,134.916666667,1.328125,0.0,0.0,10736.8046875,39.9791666667
2014.0,2.0,23.0,19.0,8.70416666667,47.6675,-0.9675,50.6083333333,1.0,0.0,0.0,129.0,1.444375,0.0,0.0,10736.8046875,40.7083333333
2014.0,2.0,23.0,20.0,8.70333333333,47.666,-0.569166666667,52.1083333333,1.0,0.1,1.31666666667,91.8333333333,1.4445,0.0,0.0,10736.8046875,40.4583333333
2014.0,2.0,23.0,21.0,7.8475,46.1255,0.745833333333,60.8333333333,1.0,0.05,1.60833333333,95.5,1.572875,0.0,0.0,10736.8046875,37.4791666667
2014.0,2.0,23.0,22.0,6.2125,43.1825,2.10833333333,75.1083333333,1.0,0.433333333333,3.48333333333,100.75,1.818125,0.0,0.0,10736.8046875,37.125
2014.0,2.0,23.0,23.0,4.2575,39.6635,2.5725,88.875,1.0,0.216666666667,2.88333333333,91.4166666667,2.111375,0.0,0.0,10736.8046875,37.2083333333
2014.0,2.0,24.0,0.0,3.45083333333,38.2115,2.34166666667,92.4333333333,1.0,0.133333333333,2.03333333333,78.75,2.232375,0.0,720.0,10736.8046875,37.6666666667
2014.0,2.0,24.0,1.0,3.475,38.255,1.5425,87.225,1.0,0.1,1.56666666667,57.8333333333,2.22875,0.0,720.0,10736.8046875,37.125
2014.0,2.0,24.0,2.0,3.56166666667,38.411,1.06166666667,83.675,1.0,0.175,1.85833333333,59.75,2.21575,0.0,720.0,10736.8046875,37.0833333333
2014.0,2.0,24.0,3.0,3.09416666667,37.5695,0.768333333333,84.6916666667,1.0,0.15,1.725,60.0833333333,2.285875,0.0,720.0,10736.8046875,38.6041666667
2014.0,2.0,24.0,4.0,2.45916666667,36.4265,0.4625,86.6666666667,1.0,0.0166666666667,0.466666666667,64.0,2.381125,0.0,720.0,10736.8046875,38.7083333333
2014.0,2.0,24.0,5.0,2.20833333333,35.975,-0.4175,82.85,1.0,0.0,0.358333333333,76.1666666667,2.41875,0.0,720.0,10736.8046875,39.625
2014.0,2.0,24.0,6.0,2.2425,36.0365,-4.23666666667,62.35,11.5,0.1,1.58333333333,82.0,2.413625,0.0,720.0,10736.8046875,39.7291666667
2014.0,2.0,24.0,7.0,3.15916666667,37.6865,-7.97333333333,43.975,154.333333333,0.833333333333,5.33333333333,83.3333333333,2.276125,0.0,720.0,10736.8046875,40.0625
2014.0,2.0,24.0,8.0,2.455,36.419,-9.85333333333,39.7666666667,333.083333333,1.36666666667,6.76666666667,90.25,2.38175,0.0,720.0,10736.8046875,41.8541666667
2014.0,2.0,24.0,9.0,2.78333333333,37.01,-9.79583333333,38.9833333333,485.083333333,1.76666666667,6.93333333333,84.6666666667,2.3325,0.0,720.0,10736.8046875,44.2083333333
2014.0,2.0,24.0,10.0,3.29166666667,37.925,-9.88583333333,37.35,602.833333333,2.125,7.675,74.75,2.25625,0.0,720.0,10736.8046875,44.25
2014.0,2.0,24.0,11.0,3.25583333333,37.8605,-9.14583333333,39.6916666667,600.666666667,2.625,8.825,75.25,2.261625,0.0,720.0,10736.8046875,44.9791666667
2014.0,2.0,24.0,12.0,3.3425,38.0165,-11.2258333333,33.45,666.166666667,3.35833333333,9.98333333333,72.5,2.248625,0.0,720.0,10736.8046875,45.2708333333
2014.0,2.0,24.0,13.0,3.435,38.183,-11.7808333333,31.7916666667,616.583333333,1.91666666667,7.38333333333,77.75,2.23475,0.0,720.0,10736.8046875,44.9583333333
2014.0,2.0,24.0,14.0,3.55916666667,38.4065,-11.3375,32.65,480.083333333,2.40833333333,7.83333333333,75.5,2.216125,0.0,720.0,10736.8046875,45.5833333333
2014.0,2.0,24.0,15.0,3.4275,38.1695,-11.3166666667,33.0083333333,273.833333333,3.175,9.45833333333,73.4166666667,2.235875,0.0,720.0,10736.8046875,45.875
2014.0,2.0,24.0,16.0,2.63833333333,36.749,-10.9325,35.9916666667,67.1666666667,2.13333333333,6.84166666667,73.0833333333,2.35425,0.0,720.0,10736.8046875,45.7916666667
2014.0,2.0,24.0,17.0,2.27,36.086,-10.7991666667,37.375,21.6666666667,2.05833333333,7.71666666667,69.1666666667,2.4095,0.0,720.0,10736.8046875,45.6458333333
2014.0,2.0,24.0,18.0,1.35583333333,34.4405,-11.0366666667,39.125,1.0,1.36666666667,6.31666666667,70.6666666667,2.546625,0.0,720.0,10736.8046875,44.375
2014.0,2.0,24.0,19.0,0.403333333333,32.726,-10.8116666667,42.6833333333,1.0,0.258333333333,3.18333333333,80.5833333333,2.6895,0.0,720.0,10736.8046875,45.375
2014.0,2.0,24.0,20.0,-0.175,31.685,-10.7516666667,44.7083333333,1.0,0.183333333333,2.10833333333,85.9166666667,2.77625,0.0,720.0,10736.8046875,42.2291666667
2014.0,2.0,24.0,21.0,-0.538333333333,31.031,-10.9208333333,45.2916666667,1.0,0.591666666667,4.25,82.4166666667,2.83075,0.0,720.0,10736.8046875,40.8541666667
2014.0,2.0,24.0,22.0,-0.899166666667,30.3815,-11.4666666667,44.5166666667,1.0,0.791666666667,5.13333333333,86.9166666667,2.884875,0.0,720.0,10736.8046875,39.4166666667
2014.0,2.0,24.0,23.0,-1.3375,29.5925,-11.5341666667,45.7333333333,1.0,0.35,3.59166666667,88.3333333333,2.950625,0.0,720.0,10736.8046875,39.0416666667
2014.0,2.0,25.0,0.0,-1.64416666667,29.0405,-11.4875,46.95,1.0,0.341666666667,3.60833333333,83.9166666667,2.996625,0.0,720.0,10736.8046875,38.3958333333
2014.0,2.0,25.0,1.0,-2.04666666667,28.316,-11.3608333333,48.8666666667,1.0,0.05,0.966666666667,94.0,3.057,0.0,720.0,10736.8046875,38.625
2014.0,2.0,25.0,2.0,-2.30166666667,27.857,-11.1725,50.55,1.0,0.0,0.691666666667,77.6666666667,3.09525,0.0,720.0,10736.8046875,38.2083333333
2014.0,2.0,25.0,3.0,-2.47,27.554,-11.2191666667,51.0,1.0,0.0,0.875,68.8333333333,3.1205,0.0,720.0,10736.8046875,39.75
2014.0,2.0,25.0,4.0,-2.54666666667,27.416,-11.1441666667,51.5916666667,1.0,0.0,0.366666666667,82.8333333333,3.132,0.0,720.0,10736.8046875,39.6458333333
2014.0,2.0,25.0,5.0,-2.21416666667,28.0145,-11.0,50.9166666667,1.0,0.0,0.166666666667,64.0,3.082125,0.0,720.0,10736.8046875,39.8333333333
2014.0,2.0,25.0,6.0,-2.13166666667,28.163,-10.8316666667,51.3,3.41666666667,0.05,1.05,61.0,3.06975,0.0,720.0,10736.8046875,40.3958333333
2014.0,2.0,25.0,7.0,-1.825,28.715,-10.7983333333,50.2916666667,36.0,0.416666666667,2.81666666667,64.4166666667,3.02375,0.0,720.0,10736.8046875,40.6041666667
2014.0,2.0,25.0,8.0,-1.64416666667,29.0405,-9.02583333333,57.325,89.5833333333,0.983333333333,4.43333333333,64.3333333333,2.996625,0.0,720.0,10736.8046875,41.5416666667
2014.0,2.0,25.0,9.0,-2.12583333333,28.1735,-6.16833333333,74.4416666667,146.5,1.18333333333,4.21666666667,62.3333333333,3.068875,0.0,720.0,10736.8046875,37.3846153846
2014.0,2.0,25.0,10.0,-1.48416666667,29.3285,-4.7275,79.4166666667,292.083333333,1.125,5.25,62.5,2.972625,0.0,720.0,10736.8046875,45.875
2014.0,2.0,25.0,11.0,-0.408333333333,31.265,-6.4475,63.75,364.75,2.75,7.66666666667,64.4166666667,2.81125,0.0,720.0,10736.8046875,46.2083333333
2014.0,2.0,25.0,12.0,0.1825,32.3285,-7.03333333333,58.3166666667,431.666666667,2.8,8.91666666667,67.8333333333,2.722625,0.0,720.0,10736.8046875,47.1875
2014.0,2.0,25.0,13.0,0.64,33.152,-7.39166666667,54.8916666667,374.666666667,2.48333333333,8.73333333333,64.1666666667,2.654,0.0,720.0,10736.8046875,46.4791666667
2014.0,2.0,25.0,14.0,0.675,33.215,-7.12333333333,55.9,302.833333333,1.825,6.83333333333,69.8333333333,2.64875,0.0,720.0,10736.8046875,46.2291666667
2014.0,2.0,25.0,15.0,0.860833333333,33.5495,-8.24583333333,50.8583333333,169.5,1.975,7.33333333333,70.5,2.620875,0.0,720.0,10736.8046875,47.7708333333
2014.0,2.0,25.0,16.0,1.35666666667,34.442,-9.7875,43.2333333333,166.0,1.80833333333,7.28333333333,73.75,2.5465,0.0,720.0,10736.8046875,45.6666666667
2014.0,2.0,25.0,17.0,0.0658333333333,32.1185,-9.4075,48.9333333333,23.9166666667,0.975,4.60833333333,85.8333333333,2.740125,0.0,720.0,10736.8046875,46.1666666667
2014.0,2.0,25.0,18.0,-0.8875,30.4025,-9.41083333333,52.3833333333,1.0,0.0833333333333,1.63333333333,94.4166666667,2.883125,0.0,720.0,10736.8046875,46.5625
2014.0,2.0,25.0,19.0,-1.26416666667,29.7245,-10.0191666667,51.325,1.0,0.0166666666667,0.633333333333,87.9166666667,2.939625,0.0,720.0,10736.8046875,45.9583333333
2014.0,2.0,25.0,20.0,-1.58916666667,29.1395,-10.09,52.275,1.0,0.0166666666667,0.775,98.0,2.988375,0.0,720.0,10736.8046875,44.4583333333
2014.0,2.0,25.0,21.0,-1.6425,29.0435,-10.2916666667,51.6416666667,1.0,0.0,0.258333333333,83.3333333333,2.996375,0.0,720.0,10736.8046875,41.2916666667
2014.0,2.0,25.0,22.0,-1.83,28.706,-10.38,51.9916666667,1.0,0.0166666666667,0.483333333333,96.0,3.0245,0.0,720.0,10736.8046875,40.5416666667
2014.0,2.0,25.0,23.0,-2.00833333333,28.385,-10.4041666667,52.5916666667,1.0,0.0,0.158333333333,81.6666666667,3.05125,0.0,720.0,10736.8046875,40.125
2014.0,2.0,26.0,0.0,-2.12666666667,28.172,-10.1408333333,54.175,1.0,0.0,0.125,84.0833333333,3.069,0.0,720.0,10736.8046875,40.6041666667
2014.0,2.0,26.0,1.0,-2.1225,28.1795,-10.3741666667,53.1666666667,1.0,0.0,0.0166666666667,84.3333333333,3.068375,0.0,720.0,10736.8046875,39.1041666667
2014.0,2.0,26.0,2.0,-2.2,28.04,-10.1233333333,54.5666666667,1.0,0.0,0.208333333333,74.0833333333,3.08,0.0,720.0,10736.8046875,38.2291666667
2014.0,2.0,26.0,3.0,-1.93916666667,28.5095,-9.50666666667,56.175,1.0,0.0,0.125,149.75,3.040875,0.0,720.0,10736.8046875,40.5
2014.0,2.0,26.0,4.0,-1.86166666667,28.649,-8.36833333333,61.0583333333,1.0,0.0166666666667,0.283333333333,165.5,3.02925,0.0,720.0,10736.8046875,40.1875
2014.0,2.0,26.0,5.0,-1.73166666667,28.883,-7.96833333333,62.5583333333,1.0,0.0833333333333,1.05,96.9166666667,3.00975,0.0,720.0,10736.8046875,41.3541666667
2014.0,2.0,26.0,6.0,-2.81416666667,26.9345,-4.42666666667,89.0416666667,4.08333333333,0.925,4.58333333333,55.6666666667,3.172125,0.0,720.0,10736.8046875,41.3125
2014.0,2.0,26.0,7.0,-2.875,26.825,-3.11083333333,98.325,44.0,0.516666666667,3.575,56.9166666667,3.18125,0.0,720.0,10736.8046875,41.1666666667
2014.0,2.0,26.0,8.0,-2.72333333333,27.098,-2.89166666667,98.825,72.25,0.691666666667,3.83333333333,58.1666666667,3.1585,0.0,720.0,10736.8046875,41.25
2014.0,2.0,26.0,9.0,-2.285,27.887,-2.3675,99.45,95.1666666667,1.05,4.93333333333,57.0833333333,3.09275,0.0,720.0,10736.8046875,44.4166666667
2014.0,2.0,26.0,10.0,-0.990833333333,30.2165,-3.58583333333,84.7916666667,278.75,1.625,6.36666666667,71.4166666667,2.898625,0.0,720.0,10736.8046875,45.0833333333
2014.0,2.0,26.0,11.0,-0.810833333333,30.5405,-2.51333333333,88.7,501.416666667,0.716666666667,4.475,99.8333333333,2.871625,0.0,720.0,10736.8046875,51.7708333333
2014.0,2.0,26.0,12.0,0.919166666667,33.6545,-8.2775,50.45,618.5,1.3,6.30833333333,90.6666666667,2.612125,0.0,720.0,10736.8046875,49.8333333333
2014.0,2.0,26.0,13.0,0.065,32.117,-12.4283333333,38.4916666667,571.166666667,2.39166666667,8.89166666667,82.9166666667,2.74025,0.0,720.0,10736.8046875,53.9166666667
2014.0,2.0,26.0,14.0,-0.230833333333,31.5845,-15.145,31.425,520.083333333,1.975,7.49166666667,76.0,2.784625,0.0,720.0,10736.8046875,53.0833333333
2014.0,2.0,26.0,15.0,0.025,32.045,-14.9983333333,31.2416666667,369.083333333,0.958333333333,5.21666666667,83.3333333333,2.74625,0.0,720.0,10736.8046875,55.375
2014.0,2.0,26.0,16.0,-0.241666666667,31.565,-15.9858333333,29.325,194.583333333,0.641666666667,4.39166666667,107.833333333,2.78625,0.0,720.0,10736.8046875,55.0833333333
2014.0,2.0,26.0,17.0,-2.72583333333,27.0935,-16.8675,32.7666666667,27.9166666667,0.566666666667,4.06666666667,96.4166666667,3.158875,0.0,720.0,10736.8046875,50.4375
2014.0,2.0,26.0,18.0,-3.9675,24.8585,-16.7858333333,36.125,1.0,0.15,2.5,97.25,3.345125,0.0,720.0,10736.8046875,53.4642857143
2014.0,2.0,27.0,3.0,-6.09833333333,21.023,-14.6641666667,50.6916666667,1.0,0.0,0.0666666666667,322.416666667,3.66475,0.0,720.0,10736.8046875,48.3181818182
2014.0,2.0,27.0,4.0,-6.3975,20.4845,-15.2641666667,49.3583333333,1.0,0.0,0.383333333333,315.5,3.709625,0.0,720.0,10736.8046875,48.25
2014.0,2.0,27.0,5.0,-6.5925,20.1335,-15.2708333333,50.075,1.0,0.0833333333333,1.49166666667,335.75,3.738875,0.0,720.0,10736.8046875,48.7291666667
2014.0,2.0,27.0,6.0,-6.2625,20.7275,-15.7766666667,46.8166666667,9.0,0.241666666667,1.98333333333,333.166666667,3.689375,0.0,720.0,10736.8046875,49.25
2014.0,2.0,27.0,7.0,-5.53583333333,22.0355,-15.8091666667,44.2166666667,70.0833333333,0.258333333333,2.36666666667,341.666666667,3.580375,0.0,720.0,10736.8046875,49.4583333333
2014.0,2.0,27.0,8.0,-2.66666666667,27.2,-13.8333333333,41.9416666667,269.5,0.366666666667,3.025,341.833333333,3.15,0.0,720.0,10736.8046875,49.4166666667
2014.0,2.0,27.0,9.0,-1.14166666667,29.945,-10.5966666667,48.6,237.083333333,0.35,3.63333333333,50.0833333333,2.92125,0.0,720.0,10736.8046875,51.8125
2014.0,2.0,27.0,10.0,-0.354166666667,31.3625,-9.275,51.175,409.833333333,1.30833333333,5.78333333333,48.0833333333,2.803125,0.0,720.0,10736.8046875,53.1458333333
2014.0,2.0,27.0,11.0,0.688333333333,33.239,-8.54833333333,50.0166666667,450.666666667,2.11666666667,7.28333333333,46.25,2.64675,0.0,720.0,10736.8046875,55.6458333333
2014.0,2.0,27.0,12.0,0.666666666667,33.2,-9.62833333333,47.675,544.416666667,3.53333333333,9.85833333333,66.4166666667,2.65,0.0,720.0,10736.8046875,54.7083333333
2014.0,2.0,27.0,13.0,0.826666666667,33.488,-14.0666666667,31.8416666667,519.583333333,3.88333333333,10.1333333333,71.0,2.626,0.0,720.0,10736.8046875,53.9791666667
2014.0,2.0,27.0,14.0,-0.0916666666667,31.835,-13.6666666667,35.2416666667,334.416666667,3.1,9.55,73.1666666667,2.76375,0.0,720.0,10736.8046875,54.1041666667
2014.0,2.0,27.0,15.0,0.8075,33.4535,-14.6758333333,30.3166666667,420.416666667,2.44166666667,8.46666666667,73.6666666667,2.628875,0.0,720.0,10736.8046875,56.4791666667
2014.0,2.0,27.0,16.0,0.5675,33.0215,-14.8658333333,30.3666666667,191.416666667,1.76666666667,7.46666666667,74.25,2.664875,0.0,720.0,10736.8046875,55.3125
2014.0,2.0,27.0,17.0,-1.26416666667,29.7245,-13.5808333333,38.7333333333,17.4166666667,3.23333333333,9.18333333333,80.1666666667,2.939625,0.0,720.0,10736.8046875,54.9375
2014.0,2.0,27.0,18.0,-2.72,27.104,-11.3416666667,51.9416666667,1.0,2.00833333333,7.53333333333,94.25,3.158,0.0,720.0,10736.8046875,53.5416666667
2014.0,2.0,27.0,19.0,-4.09333333333,24.632,-12.8258333333,50.7,1.0,1.63333333333,7.04166666667,89.1666666667,3.364,0.0,720.0,10736.8046875,53.125
2014.0,2.0,27.0,20.0,-5.48416666667,22.1285,-17.1658333333,39.275,1.0,1.3,6.89166666667,88.8333333333,3.572625,0.0,720.0,10736.8046875,51.6875
2014.0,2.0,27.0,21.0,-7.01333333333,19.376,-20.1033333333,34.3333333333,1.0,1.85833333333,7.125,88.4166666667,3.802,0.0,720.0,10736.8046875,49.5625
2014.0,2.0,27.0,22.0,-8.5525,16.6055,-21.9258333333,33.0083333333,1.0,1.36666666667,6.2,85.6666666667,4.032875,0.0,720.0,10736.8046875,48.0208333333
2014.0,2.0,27.0,23.0,-9.695,14.549,-23.0825,32.6166666667,1.0,1.45833333333,7.33333333333,112.416666667,4.20425,0.0,720.0,10736.8046875,47.6458333333
2014.0,2.0,28.0,0.0,-10.6141666667,12.8945,-24.3466666667,31.3166666667,1.0,0.958333333333,5.55,111.083333333,4.342125,0.0,720.0,10736.8046875,47.6875
2014.0,2.0,28.0,1.0,-11.1333333333,11.96,-24.4,32.4666666667,1.0,0.933333333333,5.45833333333,116.583333333,4.42,0.0,720.0,10736.8046875,46.1458333333
2014.0,2.0,28.0,2.0,-11.5425,11.2235,-24.6233333333,32.8916666667,1.0,0.483333333333,4.225,109.833333333,4.481375,0.0,720.0,10736.8046875,45.3958333333
2014.0,2.0,28.0,3.0,-11.95,10.49,-23.8425,36.4583333333,1.0,0.45,3.33333333333,110.333333333,4.5425,0.0,720.0,10736.8046875,48.2916666667
2014.0,2.0,28.0,4.0,-12.255,9.941,-23.4941666667,38.5583333333,1.0,0.616666666667,3.91666666667,113.083333333,4.58825,0.0,720.0,10736.8046875,48.1875
2014.0,2.0,28.0,5.0,-12.4741666667,9.5465,-23.055,40.8083333333,1.0,0.508333333333,3.50833333333,125.5,4.621125,0.0,720.0,10736.8046875,48.9791666667
2014.0,2.0,28.0,6.0,-12.2508333333,9.9485,-22.6666666667,41.55,17.9166666667,0.216666666667,2.75833333333,103.333333333,4.587625,0.0,720.0,10736.8046875,48.625
2014.0,2.0,28.0,7.0,-10.21,13.622,-23.0741666667,34.0,130.916666667,0.441666666667,3.45,118.833333333,4.2815,0.0,720.0,10736.8046875,48.1875
2014.0,2.0,28.0,8.0,-10.1141666667,13.7945,-22.3391666667,36.0166666667,287.416666667,0.283333333333,2.85833333333,154.916666667,4.267125,0.0,720.0,10736.8046875,45.9423076923
2014.0,2.0,28.0,9.0,-8.70583333333,16.3295,-21.26,35.4166666667,513.583333333,0.166666666667,1.53333333333,146.666666667,4.055875,0.0,720.0,10736.8046875,54.4166666667
2014.0,2.0,28.0,10.0,-6.8775,19.6205,-20.5375,32.7416666667,627.416666667,0.208333333333,2.125,159.25,3.781625,0.0,720.0,10736.8046875,54.0625
2014.0,2.0,28.0,11.0,-4.375,24.125,-20.085,28.15,686.5,0.0666666666667,1.275,170.0,3.40625,0.0,720.0,10736.8046875,53.9166666667
2014.0,2.0,28.0,12.0,-4.25583333333,24.3395,-20.9491666667,25.8666666667,688.666666667,0.0666666666667,1.31666666667,117.75,3.388375,0.0,720.0,10736.8046875,54.7083333333
2014.0,2.0,28.0,13.0,-3.64666666667,25.436,-21.0283333333,24.5833333333,633.25,0.108333333333,1.175,110.083333333,3.297,0.0,720.0,10736.8046875,54.25
2014.0,2.0,28.0,14.0,-2.79833333333,26.963,-20.8841666667,23.3083333333,527.75,0.0666666666667,0.775,89.6666666667,3.16975,0.0,720.0,10736.8046875,54.6041666667
2014.0,2.0,28.0,15.0,-2.09416666667,28.2305,-20.3916666667,23.1333333333,365.333333333,0.158333333333,1.59166666667,138.833333333,3.064125,0.0,720.0,10736.8046875,55.125
2014.0,2.0,28.0,16.0,-1.935,28.517,-20.2458333333,23.1416666667,203.083333333,0.0,0.733333333333,127.666666667,3.04025,0.0,720.0,10736.8046875,54.625
2014.0,2.0,28.0,17.0,-4.47,23.954,-19.9766666667,28.65,32.9166666667,0.0,0.3,108.083333333,3.4205,0.0,720.0,10736.8046875,54.6666666667
2014.0,2.0,28.0,18.0,-5.67083333333,21.7925,-19.7483333333,31.9333333333,1.0,0.0,0.158333333333,161.416666667,3.600625,0.0,720.0,10736.8046875,53.625
2014.0,2.0,28.0,19.0,-5.89083333333,21.3965,-19.055,34.475,1.0,0.0,0.125,189.666666667,3.633625,0.0,720.0,10736.8046875,52.6041666667
2014.0,2.0,28.0,20.0,-6.05666666667,21.098,-19.1316666667,34.6833333333,1.0,0.0,0.0833333333333,137.416666667,3.6585,0.0,720.0,10736.8046875,51.3333333333
2014.0,2.0,28.0,21.0,-6.2525,20.7455,-18.2916666667,37.85,1.0,0.0,0.0166666666667,183.916666667,3.687875,0.0,720.0,10736.8046875,48.9375
2014.0,2.0,28.0,22.0,-6.31416666667,20.6345,-18.455,37.525,1.0,0.0333333333333,0.783333333333,221.666666667,3.697125,0.0,720.0,10736.8046875,47.1458333333
2014.0,2.0,28.0,23.0,-6.10583333333,21.0095,-16.3108333333,44.3583333333,1.0,0.0,0.0,296.166666667,3.665875,0.0,720.0,10736.8046875,46.9791666667
2014.0,3.0,1.0,0.0,-6.41083333333,20.4605,-13.8008333333,55.775,1.0,0.0,0.0,301.75,3.711625,0.0,0.0,10736.8046875,47.0
2014.0,3.0,1.0,1.0,-6.46,20.372,-13.3041666667,58.2666666667,1.0,0.0,0.0,313.916666667,3.719,0.0,0.0,10736.8046875,47.0833333333
2014.0,3.0,1.0,2.0,-6.56583333333,20.1815,-13.6016666667,57.3833333333,1.0,0.0,0.0,309.5,3.734875,0.0,0.0,10736.8046875,46.4791666667
2014.0,3.0,1.0,3.0,-6.75833333333,19.835,-14.1941666667,55.4833333333,1.0,0.0,0.0,309.333333333,3.76375,0.0,0.0,10736.8046875,50.2083333333
2014.0,3.0,1.0,4.0,-6.6875,19.9625,-14.0625,55.7833333333,1.0,0.0,0.0,301.333333333,3.753125,0.0,0.0,10736.8046875,49.25
2014.0,3.0,1.0,5.0,-6.90583333333,19.5695,-14.0175,56.9,1.0,0.0,0.0,283.583333333,3.785875,0.0,0.0,10736.8046875,49.5208333333
2014.0,3.0,1.0,6.0,-6.15166666667,20.927,-12.8175,59.2416666667,18.0833333333,0.0,0.0,278.833333333,3.67275,0.0,0.0,10736.8046875,49.3333333333
2014.0,3.0,1.0,7.0,-3.5475,25.6145,-13.0841666667,47.7416666667,157.416666667,0.0,0.0,299.416666667,3.282125,0.0,0.0,10736.8046875,47.7083333333
2014.0,3.0,1.0,8.0,-2.71916666667,27.1055,-11.8466666667,49.425,355.416666667,0.0166666666667,0.841666666667,300.666666667,3.157875,0.0,0.0,10736.8046875,47.3333333333
2014.0,3.0,1.0,9.0,-0.53,31.046,-11.8433333333,42.1916666667,473.083333333,0.1,1.79166666667,326.083333333,2.8295,0.0,0.0,10736.8046875,48.2083333333
2014.0,3.0,1.0,10.0,1.03666666667,33.866,-12.4016666667,35.8916666667,584.833333333,0.0,0.433333333333,232.25,2.5945,0.0,0.0,10736.8046875,48.4166666667
2014.0,3.0,1.0,11.0,2.995,37.391,-11.1591666667,34.475,626.583333333,0.05,1.38333333333,142.083333333,2.30075,0.0,0.0,10736.8046875,49.2083333333
2014.0,3.0,1.0,12.0,3.49,38.282,-11.1383333333,33.375,644.583333333,0.275,2.175,146.166666667,2.2265,0.0,0.0,10736.8046875,50.0833333333
2014.0,3.0,1.0,13.0,4.19583333333,39.5525,-10.225,34.1666666667,576.0,0.366666666667,2.45,59.5,2.120625,0.0,0.0,10736.8046875,50.625
2014.0,3.0,1.0,14.0,5.07666666667,41.138,-9.63666666667,33.6166666667,460.75,0.0833333333333,1.525,136.25,1.9885,0.0,0.0,10736.8046875,50.5625
2014.0,3.0,1.0,15.0,3.96083333333,39.1295,-9.64166666667,36.3083333333,181.75,0.6,3.43333333333,51.9166666667,2.155875,0.0,0.0,10736.8046875,51.25
2014.0,3.0,1.0,16.0,3.78333333333,38.81,-8.88083333333,39.0666666667,78.9166666667,0.0916666666667,0.558333333333,138.666666667,2.1825,0.0,0.0,10736.8046875,51.125
2014.0,3.0,1.0,17.0,3.22333333333,37.802,-7.83166666667,44.0833333333,14.8333333333,0.0333333333333,0.858333333333,70.3333333333,2.2665,0.0,0.0,10736.8046875,51.375
2014.0,3.0,1.0,18.0,2.94083333333,37.2935,-7.41833333333,46.425,1.0,0.0,0.425,98.8333333333,2.308875,0.0,0.0,10736.8046875,50.3958333333
2014.0,3.0,1.0,19.0,2.87416666667,37.1735,-6.98166666667,48.2416666667,1.0,0.0,0.233333333333,61.5833333333,2.318875,0.0,0.0,10736.8046875,49.6041666667
2014.0,3.0,1.0,20.0,3.03333333333,37.46,-6.4225,49.8,1.0,0.05,0.8,58.5,2.295,0.0,0.0,10736.8046875,49.2083333333
2014.0,3.0,1.0,21.0,2.445,36.401,-5.92916666667,53.95,1.0,0.0166666666667,0.283333333333,74.0833333333,2.38325,0.0,0.0,10736.8046875,47.0
2014.0,3.0,1.0,22.0,1.79833333333,35.237,-5.08166666667,60.2666666667,1.0,0.0833333333333,1.50833333333,57.0,2.48025,0.0,0.0,10736.8046875,45.0625
2014.0,3.0,1.0,23.0,1.38,34.484,-4.67583333333,64.025,1.0,0.1,1.56666666667,56.25,2.543,0.0,0.0,10736.8046875,45.2916666667
2014.0,3.0,2.0,0.0,1.0575,33.9035,-3.25666666667,73.025,1.0,0.0166666666667,0.8,48.5833333333,2.591375,0.0,0.0,10736.8046875,44.5625
2014.0,3.0,2.0,1.0,0.729166666667,33.3125,-1.36583333333,85.8916666667,1.0,0.1,1.725,59.5833333333,2.640625,0.0,0.0,10736.8046875,45.1666666667
2014.0,3.0,2.0,2.0,1.04583333333,33.8825,-0.6625,88.3666666667,1.0,0.0833333333333,0.775,58.5,2.593125,0.0,0.0,10736.8046875,44.7708333333
2014.0,3.0,2.0,3.0,1.1775,34.1195,-0.593333333333,87.975,1.0,0.0,0.0,73.0833333333,2.573375,0.0,0.0,10736.8046875,48.8958333333
2014.0,3.0,2.0,4.0,1.38833333333,34.499,-0.485,87.35,1.0,0.0,0.0,124.083333333,2.54175,0.0,0.0,10736.8046875,48.8541666667
2014.0,3.0,2.0,5.0,1.68333333333,35.03,-1.11916666667,81.6833333333,1.0,0.0,0.0,149.25,2.4975,0.0,0.0,10736.8046875,47.9375
2014.0,3.0,2.0,6.0,1.79,35.222,-2.11916666667,75.2666666667,4.16666666667,0.0,0.2,60.6666666667,2.4815,0.0,0.0,10736.8046875,47.5208333333
2014.0,3.0,2.0,7.0,2.41666666667,36.35,-2.655,69.1916666667,23.4166666667,0.0,0.0,58.5833333333,2.3875,0.0,0.0,10736.8046875,45.5833333333
2014.0,3.0,2.0,8.0,2.80583333333,37.0505,-2.08416666667,70.2083333333,25.9166666667,0.0,0.0,59.75,2.329125,0.0,0.0,10736.8046875,45.4583333333
2014.0,3.0,2.0,9.0,3.54666666667,38.384,-1.7525,68.2833333333,66.25,0.0,0.0,133.5,2.218,0.0,0.0,10736.8046875,46.0833333333
2014.0,3.0,2.0,10.0,4.44083333333,39.9935,-2.7325,59.6416666667,100.75,0.0,0.0,145.75,2.083875,0.0,0.0,10736.8046875,46.5416666667
2014.0,3.0,2.0,11.0,5.005,41.009,-4.295,50.9833333333,167.25,0.0,0.391666666667,167.666666667,1.99925,0.0,0.0,10736.8046875,46.625
2014.0,3.0,2.0,12.0,5.3375,41.6075,-3.90916666667,51.3083333333,89.1666666667,0.0,0.0666666666667,183.583333333,1.949375,0.0,0.0,10736.8046875,47.5416666667
2014.0,3.0,2.0,13.0,4.48416666667,40.0715,-2.37333333333,61.025,37.6666666667,0.0,0.0333333333333,147.083333333,2.077375,0.0,0.0,10736.8046875,48.1666666667
2014.0,3.0,2.0,14.0,4.68666666667,40.436,-2.20916666667,60.8916666667,49.25,0.0,0.0333333333333,88.1666666667,2.047,0.0,0.0,10736.8046875,50.5833333333
2014.0,3.0,2.0,15.0,4.6125,40.3025,-1.13083333333,66.475,64.4166666667,0.0,0.0,155.166666667,2.058125,0.0,0.0,10736.8046875,51.375
2014.0,3.0,2.0,16.0,3.04333333333,37.478,2.17,94.125,18.9166666667,0.0166666666667,0.608333333333,120.416666667,2.2935,0.0,0.0,10736.8046875,50.9791666667
2014.0,3.0,2.0,17.0,2.40666666667,36.332,-1.79416666667,74.3916666667,2.66666666667,0.0,0.15,146.25,2.389,0.0,0.0,10736.8046875,51.6458333333
2014.0,3.0,2.0,18.0,2.18916666667,35.9405,0.5,89.35,1.0,0.0333333333333,0.825,175.75,2.421625,0.0,0.0,10736.8046875,50.5625
2014.0,3.0,2.0,19.0,1.71666666667,35.09,1.41833333333,97.9,1.0,0.0,0.491666666667,169.583333333,2.4925,0.0,0.0,10736.8046875,49.75
2014.0,3.0,2.0,20.0,1.43666666667,34.586,0.68,94.725,1.0,0.0833333333333,0.791666666667,120.0,2.5345,0.0,0.0,10736.8046875,49.5625
2014.0,3.0,2.0,21.0,1.3525,34.4345,0.741666666667,95.7333333333,1.0,0.1,1.19166666667,120.333333333,2.547125,0.0,0.0,10736.8046875,48.125
2014.0,3.0,2.0,22.0,1.29333333333,34.328,-0.915,85.2916666667,1.0,0.0833333333333,0.783333333333,167.083333333,2.556,0.0,0.0,10736.8046875,46.6666666667
2014.0,3.0,2.0,23.0,0.636666666667,33.146,-1.81916666667,83.6833333333,1.0,0.483333333333,3.375,170.75,2.6545,0.0,0.0,10736.8046875,46.3333333333
2014.0,3.0,3.0,0.0,-0.42,31.244,-3.485,79.9166666667,1.0,0.925,4.46666666667,177.916666667,2.813,0.0,720.0,10736.8046875,46.6041666667
2014.0,3.0,3.0,1.0,-1.90666666667,28.568,-2.545,95.475,1.0,0.616666666667,3.4,179.5,3.036,0.0,720.0,10736.8046875,46.8541666667
2014.0,3.0,3.0,2.0,-2.84083333333,26.8865,-3.36,96.275,1.0,0.841666666667,4.04166666667,186.333333333,3.176125,0.0,720.0,10736.8046875,46.0
2014.0,3.0,3.0,3.0,-3.72,25.304,-4.665,93.225,1.0,1.075,4.55833333333,178.333333333,3.308,0.0,720.0,10736.8046875,50.3958333333
2014.0,3.0,3.0,4.0,-4.405,24.071,-6.1125,87.925,1.0,1.55,5.275,176.25,3.41075,0.0,720.0,10736.8046875,50.4166666667
2014.0,3.0,3.0,5.0,-5.895,21.389,-7.56416666667,88.05,1.0,2.625,7.275,178.0,3.63425,0.0,720.0,10736.8046875,49.7291666667
2014.0,3.0,3.0,6.0,-7.28833333333,18.881,-8.94083333333,88.0333333333,3.16666666667,2.275,7.90833333333,168.0,3.84325,0.0,720.0,10736.8046875,49.6458333333
2014.0,3.0,3.0,7.0,-7.93,17.726,-9.32416666667,89.8,18.25,0.675,4.1,146.0,3.9395,0.0,720.0,10736.8046875,48.2708333333
2014.0,3.0,3.0,8.0,-7.6925,18.1535,-8.655,92.8916666667,61.8333333333,0.35,2.725,154.583333333,3.903875,0.0,720.0,10736.8046875,47.8541666667
2014.0,3.0,3.0,9.0,-6.2175,20.8085,-8.52583333333,84.5666666667,189.25,0.45,2.51666666667,141.416666667,3.682625,0.0,720.0,10736.8046875,51.2708333333
2014.0,3.0,3.0,10.0,-6.07,21.074,-14.3558333333,51.8833333333,167.166666667,0.625,3.75833333333,145.5,3.6605,0.0,720.0,10736.8046875,53.9166666667
2014.0,3.0,3.0,11.0,-6.0925,21.0335,-14.54,51.1916666667,164.333333333,0.641666666667,4.2,128.5,3.663875,0.0,720.0,10736.8046875,54.2708333333
2014.0,3.0,3.0,12.0,-5.93833333333,21.311,-14.3441666667,51.4166666667,175.083333333,0.625,4.71666666667,141.333333333,3.64075,0.0,720.0,10736.8046875,54.0416666667
2014.0,3.0,3.0,13.0,-5.60833333333,21.905,-15.1041666667,47.075,244.666666667,0.716666666667,4.825,139.916666667,3.59125,0.0,720.0,10736.8046875,53.6875
2014.0,3.0,3.0,14.0,-5.82583333333,21.5135,-14.87,48.8083333333,175.916666667,0.666666666667,4.14166666667,124.25,3.623875,0.0,720.0,10736.8046875,54.3958333333
2014.0,3.0,3.0,15.0,-5.73833333333,21.671,-14.645,49.3833333333,174.75,0.775,4.41666666667,135.583333333,3.61075,0.0,720.0,10736.8046875,53.6458333333
2014.0,3.0,3.0,16.0,-5.87,21.434,-14.5391666667,50.3166666667,102.333333333,0.575,3.7,126.583333333,3.6305,0.0,720.0,10736.8046875,54.125
2014.0,3.0,3.0,17.0,-6.18916666667,20.8595,-14.4691666667,51.8666666667,18.25,0.55,3.625,127.5,3.678375,0.0,720.0,10736.8046875,53.4166666667
2014.0,3.0,3.0,18.0,-6.62916666667,20.0675,-14.5033333333,53.4916666667,1.0,0.166666666667,2.275,117.083333333,3.744375,0.0,720.0,10736.8046875,52.4375
2014.0,3.0,3.0,19.0,-6.92583333333,19.5335,-14.6133333333,54.25,1.0,0.233333333333,2.71666666667,113.5,3.788875,0.0,720.0,10736.8046875,51.6041666667
2014.0,3.0,3.0,20.0,-7.20916666667,19.0235,-14.5058333333,55.9333333333,1.0,0.1,1.65,123.333333333,3.831375,0.0,720.0,10736.8046875,52.625
2014.0,3.0,3.0,21.0,-7.56916666667,18.3755,-14.6891666667,56.6666666667,1.0,0.0333333333333,0.858333333333,113.0,3.885375,0.0,720.0,10736.8046875,49.5416666667
2014.0,3.0,3.0,22.0,-7.9875,17.6225,-15.45,54.9583333333,1.0,0.0166666666667,1.21666666667,135.166666667,3.948125,0.0,720.0,10736.8046875,47.6041666667
2014.0,3.0,3.0,23.0,-8.55416666667,16.6025,-16.1,54.4166666667,1.0,0.666666666667,3.89166666667,173.583333333,4.033125,0.0,720.0,10736.8046875,46.7083333333
2014.0,3.0,4.0,0.0,-9.19416666667,15.4505,-16.4391666667,55.6166666667,1.0,0.925,4.3,176.083333333,4.129125,0.0,720.0,10736.8046875,47.8541666667
2014.0,3.0,4.0,1.0,-9.675,14.585,-16.6741666667,56.6416666667,1.0,0.883333333333,3.85,180.5,4.20125,0.0,720.0,10736.8046875,46.0208333333
2014.0,3.0,4.0,2.0,-10.2008333333,13.6385,-17.1116666667,56.9166666667,1.0,0.95,4.25833333333,181.5,4.280125,0.0,720.0,10736.8046875,45.5625
2014.0,3.0,4.0,3.0,-10.6375,12.8525,-17.5258333333,56.9083333333,1.0,0.8,4.14166666667,169.416666667,4.345625,0.0,720.0,10736.8046875,48.8958333333
2014.0,3.0,4.0,4.0,-10.9383333333,12.311,-17.5633333333,58.1083333333,1.0,0.933333333333,4.24166666667,176.416666667,4.39075,0.0,720.0,10736.8046875,48.5625
2014.0,3.0,4.0,5.0,-10.9475,12.2945,-17.1875,60.025,1.0,0.35,2.34166666667,171.833333333,4.392125,0.0,720.0,10736.8046875,49.2708333333
2014.0,3.0,4.0,6.0,-10.6983333333,12.743,-16.9816666667,59.875,20.5833333333,0.133333333333,1.75833333333,177.083333333,4.35475,0.0,720.0,10736.8046875,48.9791666667
2014.0,3.0,4.0,7.0,-9.9175,14.1485,-17.0383333333,56.0083333333,111.666666667,0.491666666667,2.76666666667,172.25,4.237625,0.0,720.0,10736.8046875,47.7916666667
2014.0,3.0,4.0,8.0,-7.90583333333,17.7695,-16.5433333333,49.9083333333,281.416666667,0.0833333333333,1.625,180.666666667,3.935875,0.0,720.0,10736.8046875,49.75
2014.0,3.0,4.0,9.0,-6.23416666667,20.7785,-16.1216666667,45.3833333333,398.666666667,0.0166666666667,0.6,200.583333333,3.685125,0.0,720.0,10736.8046875,52.1041666667
2014.0,3.0,4.0,10.0,-3.90333333333,24.974,-15.4983333333,40.125,541.916666667,0.0,0.133333333333,193.166666667,3.3355,0.0,720.0,10736.8046875,53.1041666667
2014.0,3.0,4.0,11.0,-1.77083333333,28.8125,-14.7,36.5,589.416666667,0.0,0.0,260.666666667,3.015625,0.0,720.0,10736.8046875,54.2708333333
2014.0,3.0,4.0,12.0,-1.2325,29.7815,-13.4391666667,38.9,576.583333333,0.0166666666667,0.541666666667,252.916666667,2.934875,0.0,720.0,10736.8046875,54.6458333333
2014.0,3.0,4.0,13.0,-0.955833333333,30.2795,-14.485,35.2083333333,530.666666667,0.0166666666667,0.816666666667,138.833333333,2.893375,0.0,720.0,10736.8046875,55.6458333333
2014.0,3.0,4.0,14.0,-0.395833333333,31.2875,-15.1816666667,31.7083333333,516.75,0.05,0.825,65.0833333333,2.809375,0.0,720.0,10736.8046875,55.5
2014.0,3.0,4.0,15.0,0.96,33.728,-14.4225,30.6416666667,409.583333333,0.0166666666667,0.625,127.166666667,2.606,0.0,720.0,10736.8046875,54.9375
2014.0,3.0,4.0,16.0,0.790833333333,33.4235,-15.2025,29.0833333333,234.666666667,0.0166666666667,1.15833333333,140.416666667,2.631375,0.0,720.0,10736.8046875,53.3541666667
2014.0,3.0,4.0,17.0,-1.46666666667,29.36,-14.5016666667,36.4166666667,35.8333333333,0.0,0.308333333333,118.583333333,2.97,0.0,720.0,10736.8046875,54.8958333333
2014.0,3.0,4.0,18.0,-2.775,27.005,-13.475,43.5,1.0,0.0,0.508333333333,60.8333333333,3.16625,0.0,720.0,10736.8046875,54.2916666667
2014.0,3.0,4.0,19.0,-2.63583333333,27.2555,-12.665,45.9583333333,1.0,0.0,0.0,60.5833333333,3.145375,0.0,720.0,10736.8046875,52.625
2014.0,3.0,4.0,20.0,-2.6675,27.1985,-12.12,48.1333333333,1.0,0.0,0.0,87.5,3.150125,0.0,720.0,10736.8046875,51.6875
2014.0,3.0,4.0,21.0,-2.4575,27.5765,-12.135,47.3416666667,1.0,0.0,0.0,61.5833333333,3.118625,0.0,720.0,10736.8046875,49.2291666667
2014.0,3.0,4.0,22.0,-2.55083333333,27.4085,-11.8208333333,48.8916666667,1.0,0.0,0.0,51.6666666667,3.132625,0.0,720.0,10736.8046875,46.4791666667
2014.0,3.0,4.0,23.0,-3.02166666667,26.561,-12.0083333333,49.9083333333,1.0,0.0,0.0,95.25,3.20325,0.0,720.0,10736.8046875,45.1458333333
2014.0,3.0,5.0,0.0,-3.1975,26.2445,-12.1241666667,50.125,1.0,0.0,0.0,207.75,3.229625,0.0,720.0,10736.8046875,46.0
2014.0,3.0,5.0,1.0,-3.4175,25.8485,-12.4225,49.6916666667,1.0,0.0,0.0,209.333333333,3.262625,0.0,720.0,10736.8046875,46.0416666667
2014.0,3.0,5.0,2.0,-3.655,25.421,-9.92833333333,61.7583333333,1.0,0.0,0.0,303.5,3.29825,0.0,720.0,10736.8046875,45.4583333333
2014.0,3.0,5.0,3.0,-3.8625,25.0475,-9.77583333333,63.475,1.0,0.0,0.0,236.916666667,3.329375,0.0,720.0,10736.8046875,48.8541666667
2014.0,3.0,5.0,4.0,-3.73,25.286,-9.23416666667,65.6,1.0,0.0,0.0,202.083333333,3.3095,0.0,720.0,10736.8046875,49.125
2014.0,3.0,5.0,5.0,-3.7025,25.3355,-9.225,65.5,1.0,0.0,0.0,192.166666667,3.305375,0.0,720.0,10736.8046875,49.2083333333
2014.0,3.0,5.0,6.0,-3.6375,25.4525,-10.0016666667,61.3416666667,19.6666666667,0.0,0.0,170.833333333,3.295625,0.0,720.0,10736.8046875,49.1041666667
2014.0,3.0,5.0,7.0,-2.24083333333,27.9665,-10.5758333333,53.225,140.916666667,0.0,0.0333333333333,182.75,3.086125,0.0,720.0,10736.8046875,48.9375
2014.0,3.0,5.0,8.0,-0.7525,30.6455,-11.645,43.5416666667,301.166666667,0.0,0.1,198.833333333,2.862875,0.0,720.0,10736.8046875,50.0416666667
2014.0,3.0,5.0,9.0,1.16333333333,34.094,-12.9291666667,34.0916666667,494.25,0.0,0.1,179.416666667,2.5755,0.0,720.0,10736.8046875,52.1875
2014.0,3.0,5.0,10.0,3.07083333333,37.5275,-12.8216666667,30.0166666667,616.666666667,0.0,0.6,144.25,2.289375,0.0,720.0,10736.8046875,53.4583333333
2014.0,3.0,5.0,11.0,4.75,40.55,-11.7883333333,28.9583333333,700.25,0.0333333333333,0.65,165.083333333,2.0375,0.0,720.0,10736.8046875,54.6666666667
2014.0,3.0,5.0,12.0,5.7,42.26,-11.3133333333,28.1833333333,687.083333333,0.0333333333333,0.8,157.25,1.895,0.0,720.0,10736.8046875,54.4375
2014.0,3.0,5.0,13.0,6.025,42.845,-13.1583333333,23.7916666667,617.166666667,0.0333333333333,1.025,156.166666667,1.84625,0.0,720.0,10736.8046875,54.7291666667
2014.0,3.0,5.0,14.0,6.39666666667,43.514,-13.5825,22.3583333333,517.833333333,0.608333333333,3.66666666667,152.583333333,1.7905,0.0,720.0,10736.8046875,53.7708333333
2014.0,3.0,5.0,15.0,6.55416666667,43.7975,-12.5416666667,24.125,354.0,0.691666666667,3.8,139.833333333,1.766875,0.0,720.0,10736.8046875,55.5
2014.0,3.0,5.0,16.0,4.655,40.379,-11.425,30.075,136.25,0.791666666667,4.29166666667,149.083333333,2.05175,0.0,720.0,10736.8046875,56.0
2014.0,3.0,5.0,17.0,3.35583333333,38.0405,-11.1358333333,33.7,38.0,0.766666666667,4.49166666667,175.0,2.246625,0.0,720.0,10736.8046875,55.3125
2014.0,3.0,5.0,18.0,2.29083333333,36.1235,-10.6333333333,37.7916666667,1.0,0.466666666667,3.50833333333,170.0,2.406375,0.0,720.0,10736.8046875,54.3958333333
2014.0,3.0,5.0,19.0,1.65333333333,34.976,-10.205,40.9166666667,1.0,0.491666666667,4.0,157.083333333,2.502,0.0,720.0,10736.8046875,53.9166666667
2014.0,3.0,5.0,20.0,1.19833333333,34.157,-10.17,42.4083333333,1.0,1.725,6.38333333333,172.833333333,2.57025,0.0,720.0,10736.8046875,51.0625
2014.0,3.0,5.0,21.0,-0.564166666667,30.9845,-9.72666666667,49.925,1.0,1.66666666667,7.10833333333,170.833333333,2.834625,0.0,720.0,10736.8046875,49.3541666667
2014.0,3.0,5.0,22.0,-1.65916666667,29.0135,-9.88583333333,53.4083333333,1.0,2.40833333333,7.39166666667,175.5,2.998875,0.0,720.0,10736.8046875,48.2916666667
2014.0,3.0,5.0,23.0,-2.61333333333,27.296,-10.0475,56.5833333333,1.0,1.50833333333,6.24166666667,173.166666667,3.142,0.0,720.0,10736.8046875,47.2708333333
2014.0,3.0,6.0,0.0,-3.28666666667,26.084,-10.3908333333,57.9,1.0,2.33333333333,6.79166666667,180.5,3.243,0.0,720.0,10736.8046875,45.875
2014.0,3.0,6.0,1.0,-3.975,24.845,-10.6183333333,59.8833333333,1.0,2.35833333333,6.58333333333,176.916666667,3.34625,0.0,720.0,10736.8046875,45.8125
2014.0,3.0,6.0,2.0,-4.4575,23.9765,-10.6066666667,62.15,1.0,2.1,6.35833333333,177.5,3.418625,0.0,720.0,10736.8046875,44.9791666667
2014.0,3.0,6.0,3.0,-4.73833333333,23.471,-10.8066666667,62.4916666667,1.0,1.46666666667,5.63333333333,186.25,3.46075,0.0,720.0,10736.8046875,48.4583333333
2014.0,3.0,6.0,4.0,-5.39083333333,22.2965,-12.395,57.8,1.0,1.94166666667,6.35,203.583333333,3.558625,0.0,720.0,10736.8046875,48.2708333333
2014.0,3.0,6.0,5.0,-6.43916666667,20.4095,-14.7233333333,51.775,1.0,1.65833333333,6.86666666667,205.833333333,3.715875,0.0,720.0,10736.8046875,48.1041666667
2014.0,3.0,6.0,6.0,-6.605,20.111,-15.1558333333,50.6416666667,23.5,1.1,4.925,195.583333333,3.74075,0.0,720.0,10736.8046875,48.5208333333
2014.0,3.0,6.0,7.0,-6.05583333333,21.0995,-16.0291666667,45.1166666667,136.583333333,1.10833333333,4.825,197.333333333,3.658375,0.0,720.0,10736.8046875,48.7291666667
2014.0,3.0,6.0,8.0,-5.17833333333,22.679,-16.83,39.5,310.833333333,0.975,4.90833333333,200.666666667,3.52675,0.0,720.0,10736.8046875,50.3125
2014.0,3.0,6.0,9.0,-4.11,24.602,-16.8091666667,36.45,394.833333333,0.816666666667,4.61666666667,209.5,3.3665,0.0,720.0,10736.8046875,51.6041666667
2014.0,3.0,6.0,10.0,-2.8525,26.8655,-16.0183333333,35.4416666667,536.083333333,0.45,3.45833333333,210.916666667,3.177875,0.0,720.0,10736.8046875,53.8125
2014.0,3.0,6.0,11.0,-1.8575,28.6565,-14.9291666667,36.0333333333,645.583333333,0.608333333333,3.875,231.25,3.028625,0.0,720.0,10736.8046875,53.9791666667
2014.0,3.0,6.0,12.0,0.0958333333333,32.1725,-12.8741666667,36.9833333333,709.75,0.166666666667,2.19166666667,216.833333333,2.735625,0.0,720.0,10736.8046875,53.7708333333
2014.0,3.0,6.0,13.0,0.530833333333,32.9555,-12.375,37.35,631.083333333,0.2,1.86666666667,240.666666667,2.670375,0.0,720.0,10736.8046875,52.9583333333
2014.0,3.0,6.0,14.0,0.934166666667,33.6815,-12.5175,35.8416666667,534.25,0.225,2.65833333333,235.833333333,2.609875,0.0,720.0,10736.8046875,52.3125
2014.0,3.0,6.0,15.0,1.78583333333,35.2145,-11.5841666667,36.325,361.75,0.2,2.14166666667,227.916666667,2.482125,0.0,720.0,10736.8046875,52.9791666667
2014.0,3.0,6.0,16.0,0.941666666667,33.695,-11.365,39.35,154.833333333,0.333333333333,2.75,259.75,2.60875,0.0,720.0,10736.8046875,52.3958333333
2014.0,3.0,6.0,17.0,-0.854166666667,30.4625,-9.99583333333,50.0083333333,20.9166666667,0.358333333333,3.38333333333,263.75,2.878125,0.0,720.0,10736.8046875,52.375
2014.0,3.0,6.0,18.0,-1.5,29.3,-8.42916666667,59.2,1.0,0.333333333333,2.95,264.0,2.975,0.0,720.0,10736.8046875,51.0833333333
2014.0,3.0,6.0,19.0,-2.30416666667,27.8525,-7.73833333333,66.3,1.0,0.333333333333,3.06666666667,274.166666667,3.095625,0.0,720.0,10736.8046875,50.3958333333
2014.0,3.0,6.0,20.0,-2.98166666667,26.633,-7.57666666667,70.575,1.0,0.65,4.0,239.833333333,3.19725,0.0,720.0,10736.8046875,49.3541666667
2014.0,3.0,6.0,21.0,-3.11916666667,26.3855,-7.6775,70.75,1.0,0.491666666667,3.71666666667,232.083333333,3.217875,0.0,720.0,10736.8046875,48.3541666667
2014.0,3.0,6.0,22.0,-3.0325,26.5415,-7.695,70.2,1.0,0.425,3.20833333333,228.0,3.204875,0.0,720.0,10736.8046875,46.2916666667
2014.0,3.0,6.0,23.0,-2.73333333333,27.08,-7.34666666667,70.525,1.0,0.216666666667,2.61666666667,218.25,3.16,0.0,720.0,10736.8046875,45.2708333333
2014.0,3.0,7.0,0.0,-2.4325,27.6215,-6.8175,71.8416666667,1.0,0.258333333333,2.46666666667,214.333333333,3.114875,0.0,720.0,10736.8046875,44.7083333333
2014.0,3.0,7.0,1.0,-2.605,27.311,-6.82416666667,72.7333333333,1.0,0.358333333333,3.225,208.666666667,3.14075,0.0,720.0,10736.8046875,44.25
2014.0,3.0,7.0,2.0,-2.52416666667,27.4565,-6.61916666667,73.45,1.0,0.166666666667,1.91666666667,203.083333333,3.128625,0.0,720.0,10736.8046875,43.7708333333
2014.0,3.0,7.0,3.0,-2.35333333333,27.764,-6.15083333333,75.1666666667,1.0,0.258333333333,2.5,205.166666667,3.103,0.0,720.0,10736.8046875,48.125
2014.0,3.0,7.0,4.0,-2.30916666667,27.8435,-5.93166666667,76.1916666667,1.0,0.583333333333,3.6,202.416666667,3.096375,0.0,720.0,10736.8046875,47.5
2014.0,3.0,7.0,5.0,-2.56916666667,27.3755,-6.445,74.6833333333,1.0,0.966666666667,4.60833333333,198.0,3.135375,0.0,720.0,10736.8046875,48.3333333333
2014.0,3.0,7.0,6.0,-2.4225,27.6395,-6.28083333333,74.8083333333,11.4166666667,0.716666666667,4.34166666667,197.0,3.113375,0.0,720.0,10736.8046875,48.7083333333
2014.0,3.0,7.0,7.0,-1.73583333333,28.8755,-5.7325,74.1416666667,64.8333333333,0.716666666667,4.23333333333,199.416666667,3.010375,0.0,720.0,10736.8046875,47.2916666667
2014.0,3.0,7.0,8.0,-0.848333333333,30.473,-5.19083333333,72.3916666667,147.75,0.791666666667,4.54166666667,204.75,2.87725,0.0,720.0,10736.8046875,49.1666666667
2014.0,3.0,7.0,9.0,0.67,33.206,-4.47416666667,68.4333333333,243.333333333,0.366666666667,3.30833333333,214.416666667,2.6495,0.0,720.0,10736.8046875,50.9375
2014.0,3.0,7.0,10.0,2.395,36.311,-3.2925,66.0666666667,343.75,0.691666666667,4.05833333333,211.5,2.39075,0.0,720.0,10736.8046875,51.875
2014.0,3.0,7.0,11.0,3.45833333333,38.225,-2.685,64.1083333333,424.583333333,1.18333333333,5.11666666667,214.333333333,2.23125,0.0,720.0,10736.8046875,51.7083333333
2014.0,3.0,7.0,12.0,4.16666666667,39.5,-2.01083333333,64.1166666667,458.666666667,0.933333333333,5.15833333333,226.083333333,2.125,0.0,720.0,10736.8046875,53.0625
2014.0,3.0,7.0,13.0,4.44166666667,39.995,-1.7875,63.9166666667,382.666666667,0.758333333333,4.625,221.75,2.08375,0.0,720.0,10736.8046875,52.1458333333
2014.0,3.0,7.0,14.0,4.395,39.911,-1.68666666667,64.6,272.833333333,0.775,4.60833333333,201.833333333,2.09075,0.0,720.0,10736.8046875,53.75
2014.0,3.0,7.0,15.0,4.33083333333,39.7955,-1.61416666667,65.2333333333,181.083333333,0.633333333333,4.04166666667,193.916666667,2.100375,0.0,720.0,10736.8046875,51.8958333333
2014.0,3.0,7.0,16.0,4.31416666667,39.7655,-1.6125,65.325,85.0,0.333333333333,2.96666666667,197.75,2.102875,0.0,720.0,10736.8046875,20.4166666667
2014.0,3.0,7.0,17.0,3.66083333333,38.5895,-1.855,67.175,14.6666666667,0.633333333333,3.68333333333,198.0,2.200875,0.0,720.0,10736.8046875,0.0
2014.0,3.0,7.0,18.0,3.36666666667,38.06,-1.91083333333,68.3083333333,1.0,0.541666666667,3.78333333333,186.166666667,2.245,0.0,720.0,10736.8046875,0.0
2014.0,3.0,7.0,19.0,3.3675,38.0615,-1.925,68.2333333333,1.0,0.341666666667,3.05,189.916666667,2.244875,0.0,720.0,10736.8046875,0.0
2014.0,3.0,7.0,20.0,3.32166666667,37.979,-2.10833333333,67.525,1.0,0.416666666667,3.35,189.916666667,2.25175,0.0,720.0,10736.8046875,0.0
2014.0,3.0,7.0,21.0,3.16166666667,37.691,-2.13833333333,68.15,1.0,0.558333333333,3.94166666667,180.416666667,2.27575,0.0,720.0,10736.8046875,0.0
2014.0,3.0,7.0,22.0,3.01,37.418,-1.8025,70.625,1.0,0.425,3.36666666667,182.916666667,2.2985,0.0,720.0,10736.8046875,0.0
2014.0,3.0,7.0,23.0,3.005,37.409,-1.4975,72.2416666667,1.0,0.341666666667,3.15833333333,175.75,2.29925,0.0,720.0,10736.8046875,0.0
2014.0,3.0,8.0,0.0,3.02,37.436,-1.5475,71.9083333333,1.0,0.258333333333,2.475,174.75,2.297,0.0,0.0,10736.8046875,0.0
2014.0,3.0,8.0,1.0,2.98416666667,37.3715,-1.34416666667,73.175,1.0,0.216666666667,2.10833333333,166.916666667,2.302375,0.0,0.0,10736.8046875,0.0
2014.0,3.0,8.0,2.0,3.17583333333,37.7165,-1.38083333333,72.0,1.0,0.0,0.3,144.583333333,2.273625,0.0,0.0,10736.8046875,0.0
2014.0,3.0,8.0,3.0,3.25333333333,37.856,-1.0325,73.4583333333,1.0,0.0333333333333,0.908333333333,120.333333333,2.262,0.0,0.0,10736.8046875,0.0
2014.0,3.0,8.0,4.0,3.10083333333,37.5815,-0.329166666667,78.225,1.0,0.0333333333333,0.8,131.083333333,2.284875,0.0,0.0,10736.8046875,0.0
2014.0,3.0,8.0,5.0,1.72083333333,35.0975,-0.0558333333333,87.9916666667,1.0,0.0333333333333,0.85,108.666666667,2.491875,0.0,0.0,10736.8046875,0.0
2014.0,3.0,8.0,6.0,2.29083333333,36.1235,-1.07416666667,78.8166666667,18.9166666667,0.0,0.0583333333333,66.6666666667,2.406375,0.0,0.0,10736.8046875,0.0
2014.0,3.0,8.0,7.0,4.79416666667,40.6295,-2.9,57.475,172.916666667,0.0,0.125,53.5833333333,2.030875,0.0,0.0,10736.8046875,0.0
2014.0,3.0,8.0,8.0,5.78,42.404,-2.53916666667,55.1666666667,371.083333333,0.0,0.408333333333,60.5833333333,1.883,0.0,0.0,10736.8046875,0.0
2014.0,3.0,8.0,9.0,8.5775,47.4395,-1.805,48.1583333333,527.25,0.0166666666667,0.633333333333,58.0,1.463375,0.0,0.0,10736.8046875,0.0
2014.0,3.0,8.0,10.0,11.8216666667,53.279,0.391666666667,45.3916666667,635.416666667,0.0833333333333,2.0,80.0833333333,0.97675,0.0,0.0,10736.8046875,0.0
2014.0,3.0,8.0,11.0,13.6541666667,56.5775,0.11,39.5,697.0,0.475,3.575,89.75,0.701875,0.0,0.0,10736.8046875,0.0
2014.0,3.0,8.0,12.0,14.8983333333,58.817,-0.145,35.7083333333,674.916666667,0.441666666667,3.225,76.5,0.51525,0.0,0.0,10736.8046875,0.0
2014.0,3.0,8.0,13.0,14.4433333333,57.998,-0.291666666667,36.3833333333,633.0,0.958333333333,5.11666666667,71.4166666667,0.5835,0.0,0.0,10736.8046875,0.0
2014.0,3.0,8.0,14.0,14.4758333333,58.0565,0.00833333333333,37.1166666667,503.083333333,1.05833333333,5.39166666667,67.0833333333,0.578625,0.0,0.0,10736.8046875,0.0
2014.0,3.0,8.0,15.0,13.9166666667,57.05,0.7925,40.7333333333,313.666666667,1.55833333333,6.925,71.9166666667,0.6625,0.0,0.0,10736.8046875,0.0
2014.0,3.0,8.0,16.0,13.72,56.696,0.803333333333,41.3,180.916666667,1.29166666667,5.93333333333,71.3333333333,0.692,0.0,0.0,10736.8046875,0.0
2014.0,3.0,8.0,17.0,11.9866666667,53.576,1.17083333333,47.4833333333,22.6666666667,0.275,2.78333333333,68.4166666667,0.952,0.0,0.0,10736.8046875,0.0
2014.0,3.0,8.0,18.0,11.1625,52.0925,1.32583333333,50.675,1.0,0.0,0.0,61.3333333333,1.075625,0.0,0.0,10736.8046875,0.0
2014.0,3.0,8.0,19.0,10.8508333333,51.5315,1.4,52.025,1.0,0.0,0.208333333333,62.0833333333,1.122375,0.0,0.0,10736.8046875,0.0
2014.0,3.0,8.0,20.0,10.245,50.441,1.42416666667,54.2583333333,1.0,0.0,0.175,96.5833333333,1.21325,0.0,0.0,10736.8046875,0.0
2014.0,3.0,8.0,21.0,9.3225,48.7805,1.59583333333,58.4583333333,1.0,0.0666666666667,0.933333333333,156.666666667,1.351625,0.0,0.0,10736.8046875,0.0
2014.0,3.0,8.0,22.0,8.9,48.02,1.98916666667,61.8416666667,1.0,0.0166666666667,0.35,118.916666667,1.415,0.0,0.0,10736.8046875,0.0
2014.0,3.0,8.0,23.0,8.60666666667,47.492,2.1225,63.6833333333,1.0,0.0166666666667,0.825,103.833333333,1.459,0.0,0.0,10736.8046875,0.0
2014.0,3.0,9.0,0.0,7.77416666667,45.9935,2.0525,67.0666666667,1.0,0.15,2.025,118.166666667,1.583875,0.0,0.0,10736.8046875,0.0
2014.0,3.0,9.0,1.0,6.58916666667,43.8605,2.21333333333,73.5916666667,1.0,0.133333333333,1.36666666667,119.666666667,1.761625,0.0,0.0,10736.8046875,0.0
2014.0,3.0,9.0,3.0,5.59666666667,42.074,2.88083333333,82.8666666667,1.0,0.266666666667,2.35,117.583333333,1.9105,0.0,0.0,10736.8046875,0.0
2014.0,3.0,9.0,4.0,3.7075,38.6735,3.08,95.6583333333,1.0,0.216666666667,1.95,161.333333333,2.193875,0.0,0.0,10736.8046875,0.0
2014.0,3.0,9.0,5.0,3.71166666667,38.681,2.77666666667,93.6166666667,1.0,0.0,0.0,149.583333333,2.19325,0.0,0.0,10736.8046875,0.0
2014.0,3.0,9.0,6.0,3.79666666667,38.834,1.8,86.8416666667,1.0,0.0166666666667,0.483333333333,115.166666667,2.1805,0.0,0.0,10736.8046875,0.0
2014.0,3.0,9.0,7.0,3.77166666667,38.789,0.316666666667,78.1416666667,16.8333333333,0.308333333333,2.59166666667,116.166666667,2.18425,0.0,0.0,10736.8046875,0.0
2014.0,3.0,9.0,8.0,5.20333333333,41.366,-1.06666666667,64.2416666667,197.333333333,0.216666666667,1.95833333333,119.833333333,1.9695,0.0,0.0,10736.8046875,0.0
2014.0,3.0,9.0,9.0,5.47,41.846,-3.4825,52.5583333333,339.333333333,0.55,4.15833333333,111.0,1.9295,0.0,0.0,10736.8046875,0.0
2014.0,3.0,9.0,10.0,5.575,42.035,-4.82166666667,47.1,436.0,0.675,4.3,87.8333333333,1.91375,0.0,0.0,10736.8046875,0.0
2014.0,3.0,9.0,11.0,6.13083333333,43.0355,-5.35833333333,43.5,678.666666667,0.908333333333,4.38333333333,91.8333333333,1.830375,0.0,0.0,10736.8046875,0.0
2014.0,3.0,9.0,12.0,6.69166666667,44.045,-5.58083333333,41.1416666667,719.166666667,1.11666666667,6.03333333333,91.1666666667,1.74625,0.0,0.0,10736.8046875,0.0
2014.0,3.0,9.0,13.0,6.8175,44.2715,-6.35416666667,38.475,723.75,1.43333333333,5.9,89.6666666667,1.727375,0.0,0.0,10736.8046875,0.0
2014.0,3.0,9.0,14.0,7.1575,44.8835,-7.07083333333,35.5833333333,663.416666667,0.908333333333,5.09166666667,82.6666666667,1.676375,0.0,0.0,10736.8046875,0.0
2014.0,3.0,9.0,15.0,7.47333333333,45.452,-7.37416666667,34.0416666667,547.5,0.758333333333,4.725,83.5833333333,1.629,0.0,0.0,10736.8046875,0.0
2014.0,3.0,9.0,16.0,7.39583333333,45.3125,-7.39666666667,34.1,373.666666667,0.575,4.0,87.0833333333,1.640625,0.0,0.0,10736.8046875,0.0
2014.0,3.0,9.0,17.0,7.02083333333,44.6375,-8.63833333333,31.7916666667,195.0,0.466666666667,4.15,83.1666666667,1.696875,0.0,0.0,10736.8046875,0.0
2014.0,3.0,9.0,18.0,5.2275,41.4095,-8.12833333333,37.45,33.0833333333,0.941666666667,4.80833333333,73.0833333333,1.965875,0.0,0.0,10736.8046875,0.0
2014.0,3.0,9.0,19.0,4.66333333333,40.394,-7.3,41.5,1.0,0.441666666667,3.44166666667,69.4166666667,2.0505,0.0,0.0,10736.8046875,0.0
2014.0,3.0,9.0,20.0,4.3175,39.7715,-7.07,43.275,1.0,0.15,1.80833333333,62.8333333333,2.102375,0.0,0.0,10736.8046875,0.0
2014.0,3.0,9.0,21.0,4.35916666667,39.8465,-7.455,41.8833333333,1.0,0.283333333333,2.79166666667,68.5833333333,2.096125,0.0,0.0,10736.8046875,0.0
2014.0,3.0,9.0,22.0,4.235,39.623,-7.69583333333,41.4666666667,1.0,0.233333333333,2.43333333333,68.0,2.11475,0.0,0.0,10736.8046875,0.0
2014.0,3.0,9.0,23.0,4.00333333333,39.206,-7.59333333333,42.4833333333,1.0,0.166666666667,2.24166666667,69.8333333333,2.1495,0.0,0.0,10736.8046875,0.0
2014.0,3.0,10.0,0.0,3.72166666667,38.699,-7.47583333333,43.7333333333,1.0,0.116666666667,1.65833333333,57.4166666667,2.19175,0.0,720.0,10736.8046875,0.0
2014.0,3.0,10.0,1.0,3.51833333333,38.333,-7.2225,45.2416666667,1.0,0.0,0.225,54.4166666667,2.22225,0.0,720.0,10736.8046875,14.0
2014.0,3.0,10.0,2.0,3.26666666667,37.88,-6.73,47.8583333333,1.0,0.25,1.69166666667,52.5,2.26,0.0,720.0,10736.8046875,40.5833333333
2014.0,3.0,10.0,3.0,2.98833333333,37.379,-6.01583333333,51.5416666667,1.0,0.758333333333,3.60833333333,56.0,2.30175,0.0,720.0,10736.8046875,39.8541666667
2014.0,3.0,10.0,4.0,2.8475,37.1255,-5.37166666667,54.7083333333,1.0,1.20833333333,4.68333333333,50.1666666667,2.322875,0.0,720.0,10736.8046875,42.1458333333
2014.0,3.0,10.0,5.0,2.68583333333,36.8345,-4.425,59.4166666667,1.0,0.458333333333,3.11666666667,53.9166666667,2.347125,0.0,720.0,10736.8046875,44.7083333333
2014.0,3.0,10.0,6.0,2.77,36.986,-4.09583333333,60.55,1.0,0.0833333333333,1.94166666667,55.0,2.3345,0.0,720.0,10736.8046875,45.3125
2014.0,3.0,10.0,7.0,2.86416666667,37.1555,-4.02916666667,60.45,23.0833333333,0.225,2.41666666667,55.5,2.320375,0.0,720.0,10736.8046875,45.0833333333
2014.0,3.0,10.0,8.0,4.05,39.29,-3.60166666667,57.4416666667,94.8333333333,0.166666666667,1.63333333333,76.5833333333,2.1425,0.0,720.0,10736.8046875,45.0833333333
2014.0,3.0,10.0,9.0,5.76916666667,42.3845,-3.44583333333,51.5333333333,210.666666667,0.0166666666667,0.566666666667,47.0833333333,1.884625,0.0,720.0,10736.8046875,47.1666666667
2014.0,3.0,10.0,10.0,7.74833333333,45.947,-3.12083333333,46.0833333333,297.916666667,0.716666666667,4.225,44.6666666667,1.58775,0.0,720.0,10736.8046875,50.6041666667
2014.0,3.0,10.0,11.0,8.1625,46.6925,-2.4775,46.9666666667,202.25,0.558333333333,3.33333333333,53.0,1.525625,0.0,720.0,10736.8046875,50.8541666667
2014.0,3.0,10.0,12.0,10.1366666667,50.246,-2.08833333333,42.3833333333,382.666666667,0.891666666667,4.075,59.25,1.2295,0.0,720.0,10736.8046875,51.0208333333
2014.0,3.0,10.0,13.0,11.305,52.349,-1.32416666667,41.4416666667,569.666666667,1.43333333333,5.19166666667,65.6666666667,1.05425,0.0,720.0,10736.8046875,51.2708333333
2014.0,3.0,10.0,14.0,11.2133333333,52.184,-0.533333333333,44.1833333333,320.166666667,0.85,4.325,63.4166666667,1.068,0.0,720.0,10736.8046875,52.0833333333
2014.0,3.0,10.0,15.0,13.2075,55.7735,-0.6825,38.3416666667,542.666666667,0.208333333333,2.6,39.3333333333,0.768875,0.0,720.0,10736.8046875,52.1875
2014.0,3.0,10.0,16.0,14.4525,58.0145,0.415,38.2916666667,379.0,0.0833333333333,1.975,157.75,0.582125,0.0,720.0,10736.8046875,51.9166666667
2014.0,3.0,10.0,17.0,14.1208333333,57.4175,0.143333333333,38.35,204.25,0.341666666667,3.06666666667,62.0833333333,0.631875,0.0,720.0,10736.8046875,52.625
2014.0,3.0,10.0,18.0,12.0983333333,53.777,0.6075,45.3416666667,41.0833333333,0.125,1.23333333333,45.4166666667,0.93525,0.0,720.0,10736.8046875,52.4583333333
2014.0,3.0,10.0,19.0,10.7483333333,51.347,1.215,51.6833333333,1.0,0.0,0.0166666666667,130.0,1.13775,0.0,720.0,10736.8046875,51.6041666667
2014.0,3.0,10.0,20.0,10.3166666667,50.57,1.00333333333,52.3916666667,1.0,0.0,0.583333333333,342.083333333,1.2025,0.0,720.0,10736.8046875,50.5625
2014.0,3.0,10.0,21.0,9.6625,49.3925,1.0275,54.8333333333,1.0,0.0,0.0666666666667,332.333333333,1.300625,0.0,720.0,10736.8046875,49.0
2014.0,3.0,10.0,22.0,8.91166666667,48.041,0.945,57.3416666667,1.0,0.0,0.0,191.916666667,1.41325,0.0,720.0,10736.8046875,45.5
2014.0,3.0,10.0,23.0,8.4875,47.2775,0.631666666667,57.6833333333,1.0,0.05,0.525,52.4166666667,1.476875,0.0,720.0,10736.8046875,43.9791666667
2014.0,3.0,11.0,0.0,7.99416666667,46.3895,0.519166666667,59.1666666667,1.0,0.658333333333,3.00833333333,53.6666666667,1.550875,0.0,720.0,10736.8046875,43.375
2014.0,3.0,11.0,1.0,7.56333333333,45.614,0.734166666667,61.8833333333,1.0,0.35,2.46666666667,48.9166666667,1.6155,0.0,720.0,10736.8046875,43.875
2014.0,3.0,11.0,2.0,7.52166666667,45.539,0.670833333333,61.7833333333,1.0,0.0333333333333,0.725,54.9166666667,1.62175,0.0,720.0,10736.8046875,42.9583333333
2014.0,3.0,11.0,3.0,7.4825,45.4685,0.550833333333,61.4083333333,1.0,0.133333333333,1.95833333333,53.3333333333,1.627625,0.0,720.0,10736.8046875,42.7291666667
2014.0,3.0,11.0,4.0,7.75083333333,45.9515,0.491666666667,60.0416666667,1.0,0.0,0.25,58.5833333333,1.587375,0.0,720.0,10736.8046875,44.3333333333
2014.0,3.0,11.0,5.0,7.165,44.897,0.798333333333,63.9083333333,1.0,0.0,0.0166666666667,55.4166666667,1.67525,0.0,720.0,10736.8046875,47.5208333333
2014.0,3.0,11.0,6.0,8.56333333333,47.414,0.831666666667,58.3333333333,1.0,0.0166666666667,0.666666666667,70.9166666667,1.4655,0.0,720.0,10736.8046875,47.3541666667
2014.0,3.0,11.0,7.0,10.0183333333,50.033,1.24,54.3583333333,13.1666666667,0.0,0.166666666667,78.5,1.24725,0.0,720.0,10736.8046875,49.5625
2014.0,3.0,11.0,8.0,10.7466666667,51.344,1.75833333333,53.7416666667,65.75,0.0,0.0166666666667,84.3333333333,1.138,0.0,720.0,10736.8046875,47.2083333333
2014.0,3.0,11.0,9.0,11.11,51.998,2.32833333333,54.65,128.833333333,0.0,0.183333333333,50.75,1.0835,0.0,720.0,10736.8046875,49.1041666667
2014.0,3.0,11.0,10.0,12.4441666667,54.3995,2.13416666667,49.5166666667,373.166666667,0.0,0.241666666667,48.5,0.883375,0.0,720.0,10736.8046875,51.1041666667
2014.0,3.0,11.0,11.0,15.5908333333,60.0635,3.275,43.6333333333,504.416666667,0.05,1.125,62.4166666667,0.411375,0.0,720.0,10736.8046875,51.1875
2014.0,3.0,11.0,12.0,16.3375,61.4075,4.04416666667,43.925,503.75,0.808333333333,4.54166666667,67.9166666667,0.299375,0.0,720.0,10736.8046875,52.7916666667
2014.0,3.0,11.0,13.0,17.4483333333,63.407,4.375,41.9333333333,549.083333333,0.908333333333,4.49166666667,67.4166666667,0.137083333333,0.00433333333333,720.0,10736.8046875,51.5
2014.0,3.0,11.0,14.0,18.295,64.931,4.06166666667,38.9083333333,549.166666667,0.975,4.025,61.9166666667,0.0543333333333,0.0485833333333,720.0,10736.8046875,51.8333333333
2014.0,3.0,11.0,15.0,18.0466666667,64.484,3.9025,39.025,388.5,1.08333333333,4.21666666667,63.8333333333,0.0494166666667,0.00641666666667,720.0,10736.8046875,50.8958333333
2014.0,3.0,11.0,16.0,18.265,64.877,4.19833333333,39.3083333333,355.833333333,1.025,4.9,57.5833333333,0.036875,0.026625,720.0,10736.8046875,52.4166666667
2014.0,3.0,11.0,17.0,16.9641666667,62.5355,4.38,43.2083333333,104.416666667,0.558333333333,3.025,62.5833333333,0.205375,0.0,720.0,10736.8046875,50.9166666667
2014.0,3.0,11.0,18.0,16.3025,61.3445,4.75583333333,46.2583333333,15.75,0.0,0.108333333333,67.75,0.304625,0.0,720.0,10736.8046875,50.375
2014.0,3.0,11.0,19.0,15.8075,60.4535,4.92833333333,48.3166666667,1.0,0.0,0.0,63.8333333333,0.378875,0.0,720.0,10736.8046875,49.1666666667
2014.0,3.0,11.0,20.0,15.295,59.531,5.1225,50.6166666667,1.0,0.0,0.0,308.75,0.45575,0.0,720.0,10736.8046875,48.2708333333
2014.0,3.0,11.0,21.0,14.83,58.694,5.20916666667,52.475,1.0,0.0,0.0,311.083333333,0.5255,0.0,720.0,10736.8046875,47.1666666667
2014.0,3.0,11.0,22.0,13.7941666667,56.8295,5.26,56.325,1.0,0.0,0.0,252.583333333,0.680875,0.0,720.0,10736.8046875,44.0625
2014.0,3.0,11.0,23.0,12.2983333333,54.137,5.19666666667,61.825,1.0,0.0,0.0,114.166666667,0.90525,0.0,720.0,10736.8046875,43.5833333333
2014.0,3.0,12.0,0.0,12.2975,54.1355,4.9775,60.8833333333,1.0,0.0,0.0,301.333333333,0.905375,0.0,720.0,10736.8046875,43.3541666667
2014.0,3.0,12.0,1.0,11.6108333333,52.8995,4.46416666667,61.4583333333,1.0,0.0,0.0,316.75,1.008375,0.0,720.0,10736.8046875,42.5208333333
2014.0,3.0,12.0,2.0,11.015,51.827,3.85583333333,61.2666666667,1.0,0.0,0.075,300.0,1.09775,0.0,720.0,10736.8046875,42.2083333333
2014.0,3.0,12.0,3.0,11.1041666667,51.9875,3.1425,57.9166666667,1.0,0.0,0.0,299.0,1.084375,0.0,720.0,10736.8046875,41.9375
2014.0,3.0,12.0,4.0,10.4866666667,50.876,3.48166666667,61.8416666667,1.0,0.0,0.0,233.416666667,1.177,0.0,720.0,10736.8046875,43.6458333333
2014.0,3.0,12.0,5.0,9.66,49.388,3.5525,65.6583333333,1.0,0.0,0.0,202.75,1.301,0.0,720.0,10736.8046875,47.0208333333
2014.0,3.0,12.0,6.0,9.675,49.415,3.64333333333,66.025,1.0,0.0,0.0333333333333,267.5,1.29875,0.0,720.0,10736.8046875,46.8125
2014.0,3.0,12.0,7.0,9.60083333333,49.2815,4.58333333333,70.8666666667,22.25,0.0,0.0,304.75,1.309875,0.0,720.0,10736.8046875,47.1666666667
2014.0,3.0,12.0,8.0,11.0783333333,51.941,4.7525,65.1166666667,179.416666667,0.0,0.0,299.416666667,1.08825,0.0,720.0,10736.8046875,47.1875
2014.0,3.0,12.0,9.0,12.6983333333,54.857,5.18083333333,60.2583333333,334.833333333,0.0,0.216666666667,316.333333333,0.84525,0.0,720.0,10736.8046875,48.625
2014.0,3.0,12.0,10.0,14.6875,58.4375,5.7825,55.1833333333,351.833333333,0.0333333333333,0.525,293.916666667,0.546875,0.0,720.0,10736.8046875,53.2916666667
2014.0,3.0,12.0,11.0,17.245,63.041,6.14583333333,48.0583333333,474.75,0.158333333333,1.79166666667,323.5,0.1815,0.01825,720.0,10736.8046875,51.9375
2014.0,3.0,12.0,12.0,18.735,65.723,7.55166666667,48.1333333333,250.583333333,0.341666666667,3.69166666667,93.3333333333,0.00316666666667,0.0634166666667,720.0,10736.8046875,53.8958333333
2014.0,3.0,12.0,13.0,18.9358333333,66.0845,7.56083333333,47.575,225.75,0.233333333333,2.64166666667,51.1666666667,0.000791666666667,0.0911666666667,720.0,10736.8046875,54.2083333333
2014.0,3.0,12.0,14.0,20.6808333333,69.2255,8.4475,45.5416666667,263.833333333,0.966666666667,6.46666666667,72.75,0.0,0.352125,720.0,10736.8046875,52.0
2014.0,3.0,12.0,15.0,16.6608333333,61.9895,10.955,69.3083333333,53.75,1.51666666667,7.74166666667,47.0833333333,0.255708333333,0.00483333333333,720.0,10736.8046875,52.9166666667
2014.0,3.0,12.0,16.0,15.7783333333,60.401,13.0666666667,84.075,61.25,0.975,6.41666666667,41.3333333333,0.38325,0.0,720.0,10736.8046875,52.4583333333
2014.0,3.0,12.0,17.0,15.5491666667,59.9885,12.6958333333,83.0333333333,42.5,0.891666666667,5.49166666667,180.166666667,0.417625,0.0,720.0,10736.8046875,52.6666666667
2014.0,3.0,12.0,18.0,15.3808333333,59.6855,12.6683333333,83.775,10.0833333333,0.616666666667,5.15,17.0,0.442875,0.0,720.0,10736.8046875,52.0833333333
2014.0,3.0,12.0,19.0,13.1183333333,55.613,-1.85333333333,58.825,1.0,0.666666666667,4.225,75.8333333333,0.78225,0.0,720.0,10736.8046875,51.5625
2014.0,3.0,12.0,20.0,11.7641666667,53.1755,-42.7741666667,1.0,1.0,0.833333333333,4.50833333333,84.4166666667,0.985375,0.0,720.0,10736.8046875,49.25
2014.0,3.0,12.0,21.0,9.26583333333,48.6785,-14.925,48.45,1.0,4.45,11.5333333333,81.3333333333,1.360125,0.0,720.0,10736.8046875,48.8541666667
2014.0,3.0,12.0,22.0,2.8425,37.1165,-0.634166666667,77.875,1.0,2.93333333333,8.95833333333,93.0833333333,2.323625,0.0,720.0,10736.8046875,45.4791666667
2014.0,3.0,12.0,23.0,-0.819166666667,30.5255,-6.12666666667,67.2916666667,1.0,4.60833333333,12.375,91.25,2.872875,0.0,720.0,10736.8046875,45.0
2014.0,3.0,13.0,0.0,-2.75833333333,27.035,-9.20666666667,61.1166666667,1.0,3.1,9.85833333333,94.8333333333,3.16375,0.0,720.0,10736.8046875,45.0833333333
2014.0,3.0,13.0,1.0,-4.41083333333,24.0605,-11.0241666667,59.9083333333,1.0,2.25833333333,9.20833333333,95.0833333333,3.411625,0.0,720.0,10736.8046875,43.9583333333
2014.0,3.0,13.0,2.0,-5.29583333333,22.4675,-12.085,58.8333333333,1.0,2.925,9.9,95.1666666667,3.544375,0.0,720.0,10736.8046875,44.3958333333
2014.0,3.0,13.0,3.0,-5.6025,21.9155,-12.505,58.225,1.0,2.75833333333,10.1833333333,89.75,3.590375,0.0,720.0,10736.8046875,43.6875
2014.0,3.0,13.0,4.0,-6.11916666667,20.9855,-13.4758333333,55.9666666667,1.0,3.51666666667,10.5333333333,89.6666666667,3.667875,0.0,720.0,10736.8046875,45.4583333333
2014.0,3.0,13.0,5.0,-6.78083333333,19.7945,-14.2316666667,55.35,1.0,3.35833333333,10.6583333333,88.8333333333,3.767125,0.0,720.0,10736.8046875,47.7708333333
2014.0,3.0,13.0,6.0,-6.98166666667,19.433,-14.2475,56.1416666667,1.08333333333,2.99166666667,9.28333333333,88.3333333333,3.79725,0.0,720.0,10736.8046875,47.9583333333
2014.0,3.0,13.0,7.0,-6.575,20.165,-14.6766666667,52.5666666667,36.9166666667,2.84166666667,9.375,88.0,3.73625,0.0,720.0,10736.8046875,49.4166666667
2014.0,3.0,13.0,8.0,-5.6775,21.7805,-15.4633333333,45.9916666667,218.583333333,3.175,10.8083333333,91.5833333333,3.601625,0.0,720.0,10736.8046875,49.2083333333
2014.0,3.0,13.0,9.0,-5.215,22.613,-15.635,43.775,410.75,2.89166666667,9.725,93.3333333333,3.53225,0.0,720.0,10736.8046875,51.7291666667
2014.0,3.0,13.0,10.0,-4.32,24.224,-15.9566666667,39.8083333333,635.25,2.6,8.475,92.6666666667,3.398,0.0,720.0,10736.8046875,52.2291666667
2014.0,3.0,13.0,11.0,-4.08333333333,24.65,-14.0483333333,45.8,605.166666667,3.0,9.75,86.25,3.3625,0.0,720.0,10736.8046875,52.5416666667
2014.0,3.0,13.0,12.0,-3.01916666667,26.5655,-14.8366666667,39.625,759.0,3.26666666667,9.41666666667,83.75,3.202875,0.0,720.0,10736.8046875,52.6666666667
2014.0,3.0,13.0,13.0,-2.06666666667,28.28,-16.17,33.0416666667,754.25,3.5,9.025,89.1666666667,3.06,0.0,720.0,10736.8046875,53.5208333333
2014.0,3.0,13.0,14.0,-0.873333333333,30.428,-16.715,28.95,697.333333333,3.20833333333,9.75,86.1666666667,2.881,0.0,720.0,10736.8046875,53.0
2014.0,3.0,13.0,15.0,-0.240833333333,31.5665,-17.4091666667,26.0166666667,589.833333333,2.66666666667,9.20833333333,92.5,2.786125,0.0,720.0,10736.8046875,52.8958333333
2014.0,3.0,13.0,16.0,0.595833333333,33.0725,-16.7475,25.8916666667,435.083333333,2.35833333333,8.50833333333,100.5,2.660625,0.0,720.0,10736.8046875,53.6041666667
2014.0,3.0,13.0,17.0,0.97,33.746,-17.325,24.0,253.916666667,2.625,9.43333333333,92.0,2.6045,0.0,720.0,10736.8046875,52.3333333333
2014.0,3.0,13.0,18.0,-0.326666666667,31.412,-17.8791666667,25.1666666667,62.75,1.93333333333,7.71666666667,86.5,2.799,0.0,720.0,10736.8046875,53.8541666667
2014.0,3.0,13.0,19.0,-1.34666666667,29.576,-17.6308333333,27.6916666667,1.0,1.8,7.65833333333,82.9166666667,2.952,0.0,720.0,10736.8046875,52.9166666667
2014.0,3.0,13.0,20.0,-1.68666666667,28.964,-17.4133333333,28.9083333333,1.0,1.48333333333,6.54166666667,76.75,3.003,0.0,720.0,10736.8046875,51.6041666667
2014.0,3.0,13.0,21.0,-1.95833333333,28.475,-17.345,29.6666666667,1.0,0.566666666667,3.96666666667,75.25,3.04375,0.0,720.0,10736.8046875,49.5833333333
2014.0,3.0,13.0,22.0,-2.23416666667,27.9785,-16.6241666667,32.1916666667,1.0,0.958333333333,4.69166666667,70.4166666667,3.085125,0.0,720.0,10736.8046875,47.6875
2014.0,3.0,13.0,23.0,-2.59166666667,27.335,-15.8025,35.3916666667,1.0,0.725,4.75833333333,67.5833333333,3.13875,0.0,720.0,10736.8046875,44.2083333333
2014.0,3.0,14.0,0.0,-2.8725,26.8295,-15.4225,37.3083333333,1.0,0.558333333333,4.0,69.8333333333,3.180875,0.0,720.0,10736.8046875,43.1875
2014.0,3.0,14.0,1.0,-3.17666666667,26.282,-15.4875,37.95,1.0,0.191666666667,2.175,65.8333333333,3.2265,0.0,720.0,10736.8046875,43.8541666667
2014.0,3.0,14.0,2.0,-3.3575,25.9565,-15.125,39.65,1.0,0.275,2.25,59.6666666667,3.253625,0.0,720.0,10736.8046875,43.1666666667
2014.0,3.0,14.0,3.0,-3.72,25.304,-14.5883333333,42.5916666667,1.0,0.391666666667,2.49166666667,59.6666666667,3.308,0.0,720.0,10736.8046875,42.5625
2014.0,3.0,14.0,4.0,-3.835,25.097,-13.9691666667,45.1916666667,1.0,0.716666666667,3.53333333333,61.8333333333,3.32525,0.0,720.0,10736.8046875,44.4166666667
2014.0,3.0,14.0,5.0,-3.64,25.448,-13.1333333333,47.775,1.0,0.875,3.13333333333,50.1666666667,3.296,0.0,720.0,10736.8046875,47.1458333333
2014.0,3.0,14.0,6.0,-3.21166666667,26.219,-11.0166666667,54.775,1.0,0.233333333333,2.38333333333,55.5833333333,3.23175,0.0,720.0,10736.8046875,47.2916666667
2014.0,3.0,14.0,7.0,-2.20416666667,28.0325,-9.86583333333,55.6833333333,12.8333333333,0.0166666666667,0.7,57.25,3.080625,0.0,720.0,10736.8046875,48.25
2014.0,3.0,14.0,8.0,-0.686666666667,30.764,-8.925,53.6333333333,81.0833333333,0.1,1.08333333333,61.9166666667,2.853,0.0,720.0,10736.8046875,47.6875
2014.0,3.0,14.0,9.0,0.136666666667,32.246,-8.9,50.6083333333,131.25,0.208333333333,1.98333333333,44.5,2.7295,0.0,720.0,10736.8046875,50.2291666667
2014.0,3.0,14.0,10.0,1.43083333333,34.5755,-8.81166666667,46.4333333333,155.75,0.216666666667,2.58333333333,33.8333333333,2.535375,0.0,720.0,10736.8046875,51.0
2014.0,3.0,14.0,11.0,2.47333333333,36.452,-9.18916666667,41.8083333333,209.25,0.475,3.91666666667,36.75,2.379,0.0,720.0,10736.8046875,51.2708333333
2014.0,3.0,14.0,12.0,4.70833333333,40.475,-9.09666666667,36.0,458.25,0.466666666667,4.01666666667,37.9166666667,2.04375,0.0,720.0,10736.8046875,52.7291666667
2014.0,3.0,14.0,13.0,6.91916666667,44.4545,-8.50083333333,32.35,731.583333333,0.766666666667,4.91666666667,51.1666666667,1.712125,0.0,720.0,10736.8046875,51.9166666667
2014.0,3.0,14.0,14.0,8.77916666667,47.8025,-7.22166666667,31.4583333333,660.666666667,1.04166666667,5.425,183.25,1.433125,0.0,720.0,10736.8046875,50.75
2014.0,3.0,14.0,15.0,8.845,47.921,-6.23583333333,33.7916666667,541.5,2.025,7.01666666667,236.5,1.42325,0.0,720.0,10736.8046875,51.7708333333
2014.0,3.0,14.0,16.0,10.0908333333,50.1635,-5.445,33.025,337.25,2.11666666667,6.91666666667,349.416666667,1.236375,0.0,720.0,10736.8046875,51.3541666667
2014.0,3.0,14.0,17.0,10.4158333333,50.7485,-5.18416666667,32.95,180.333333333,1.525,6.98333333333,123.25,1.187625,0.0,720.0,10736.8046875,51.4375
2014.0,3.0,14.0,18.0,8.37083333333,47.0675,-3.42916666667,43.275,33.5,1.375,5.625,346.75,1.494375,0.0,720.0,10736.8046875,51.8541666667
2014.0,3.0,14.0,19.0,6.8,44.24,-2.25833333333,52.4416666667,1.0,1.06666666667,5.11666666667,314.166666667,1.73,0.0,720.0,10736.8046875,51.0625
2014.0,3.0,14.0,20.0,6.1475,43.0655,-1.4875,58.0166666667,1.0,1.03333333333,5.075,339.25,1.827875,0.0,720.0,10736.8046875,49.7916666667
2014.0,3.0,14.0,21.0,6.69416666667,44.0495,-1.76,54.8083333333,1.0,0.633333333333,4.46666666667,179.083333333,1.745875,0.0,720.0,10736.8046875,48.9166666667
2014.0,3.0,14.0,22.0,6.97666666667,44.558,-2.04416666667,52.5916666667,1.0,0.858333333333,4.975,13.3333333333,1.7035,0.0,720.0,10736.8046875,46.0416666667
2014.0,3.0,14.0,23.0,7.145,44.861,-1.63,53.6,1.0,0.691666666667,5.15833333333,40.0833333333,1.67825,0.0,720.0,10736.8046875,45.875
2014.0,3.0,15.0,0.0,7.36083333333,45.2495,-1.31916666667,54.0333333333,1.0,0.05,1.55833333333,104.5,1.645875,0.0,0.0,10736.8046875,44.6458333333
2014.0,3.0,15.0,1.0,7.63416666667,45.7415,-1.25833333333,53.2666666667,1.0,0.0666666666667,1.63333333333,24.6666666667,1.604875,0.0,0.0,10736.8046875,44.5
2014.0,3.0,15.0,2.0,8.06666666667,46.52,-0.819166666667,53.4166666667,1.0,0.0666666666667,1.675,94.5,1.54,0.0,0.0,10736.8046875,44.8541666667
2014.0,3.0,15.0,3.0,8.59666666667,47.474,-0.695,52.0083333333,1.0,0.383333333333,3.375,205.916666667,1.4605,0.0,0.0,10736.8046875,44.0833333333
2014.0,3.0,15.0,4.0,9.0525,48.2945,-0.941666666667,49.5166666667,1.0,0.283333333333,3.10833333333,70.6666666667,1.392125,0.0,0.0,10736.8046875,45.7083333333
2014.0,3.0,15.0,5.0,8.69416666667,47.6495,-1.2,49.7833333333,1.0,0.0,0.291666666667,46.8333333333,1.445875,0.0,0.0,10736.8046875,48.5416666667
2014.0,3.0,15.0,6.0,8.68,47.624,-0.990833333333,50.6,1.0,0.0166666666667,0.616666666667,56.9166666667,1.448,0.0,0.0,10736.8046875,48.4166666667
2014.0,3.0,15.0,7.0,8.925,48.065,-1.045,49.5666666667,21.4166666667,0.416666666667,3.225,66.25,1.41125,0.0,0.0,10736.8046875,47.5208333333
2014.0,3.0,15.0,8.0,9.185,48.533,-0.804166666667,49.575,66.9166666667,0.0833333333333,1.475,64.0,1.37225,0.0,0.0,10736.8046875,45.9791666667
2014.0,3.0,15.0,9.0,9.83583333333,49.7045,-0.18,49.7083333333,129.166666667,0.758333333333,4.31666666667,59.5,1.274625,0.0,0.0,10736.8046875,45.8333333333
2014.0,3.0,15.0,10.0,12.0158333333,53.6285,-1.17583333333,40.1583333333,482.916666667,1.33333333333,5.91666666667,53.3333333333,0.947625,0.0,0.0,10736.8046875,47.4375
2014.0,3.0,15.0,11.0,14.2966666667,57.734,0.0275,37.6416666667,582.833333333,2.24166666667,7.075,55.5,0.6055,0.0,0.0,10736.8046875,46.9583333333
2014.0,3.0,15.0,12.0,15.1366666667,59.246,0.574166666667,37.0666666667,525.583333333,3.56666666667,9.825,71.6666666667,0.4795,0.0,0.0,10736.8046875,50.2291666667
2014.0,3.0,15.0,13.0,14.6033333333,58.286,0.1325,37.1416666667,346.666666667,1.625,6.74166666667,86.0,0.5595,0.0,0.0,10736.8046875,49.5208333333
2014.0,3.0,15.0,14.0,16.1091666667,60.9965,-0.880833333333,31.4083333333,711.583333333,2.425,8.44166666667,75.25,0.333625,0.0,0.0,10736.8046875,48.9791666667
2014.0,3.0,15.0,15.0,16.3591666667,61.4465,-2.01333333333,28.375,549.666666667,1.90833333333,7.35833333333,79.5833333333,0.296125,0.0,0.0,10736.8046875,48.6458333333
2014.0,3.0,15.0,16.0,16.22,61.196,-1.52416666667,29.6833333333,404.666666667,1.84166666667,7.21666666667,80.8333333333,0.317,0.0,0.0,10736.8046875,49.7083333333
2014.0,3.0,15.0,17.0,16.015,60.827,-2.47,28.0333333333,248.75,1.78333333333,7.14166666667,80.9166666667,0.34775,0.0,0.0,10736.8046875,49.3958333333
2014.0,3.0,15.0,18.0,14.0666666667,57.32,-2.805,31.025,64.4166666667,0.941666666667,5.63333333333,88.5,0.64,0.0,0.0,10736.8046875,50.125
2014.0,3.0,15.0,19.0,12.0975,53.7755,-3.34,33.85,1.08333333333,0.783333333333,4.675,84.5833333333,0.935375,0.0,0.0,10736.8046875,48.9791666667
2014.0,3.0,15.0,20.0,10.6883333333,51.239,-3.1825,37.6083333333,1.0,0.383333333333,4.26666666667,106.0,1.14675,0.0,0.0,10736.8046875,49.6458333333
2014.0,3.0,15.0,21.0,9.64833333333,49.367,-3.29666666667,39.975,1.0,0.341666666667,3.13333333333,117.166666667,1.30275,0.0,0.0,10736.8046875,47.4583333333
2014.0,3.0,15.0,22.0,8.68333333333,47.63,-3.52083333333,41.95,1.0,0.1,1.7,113.75,1.4475,0.0,0.0,10736.8046875,44.8333333333
2014.0,3.0,15.0,23.0,7.92,46.256,-3.355,44.7333333333,1.0,0.366666666667,2.76666666667,120.916666667,1.562,0.0,0.0,10736.8046875,44.7291666667
2014.0,3.0,16.0,0.0,6.875,44.375,-2.64666666667,50.6833333333,1.0,0.391666666667,3.23333333333,118.583333333,1.71875,0.0,0.0,10736.8046875,43.9583333333
2014.0,3.0,16.0,1.0,6.015,42.827,-2.38083333333,54.8166666667,1.0,0.258333333333,2.94166666667,122.916666667,1.84775,0.0,0.0,10736.8046875,44.3333333333
2014.0,3.0,16.0,2.0,5.0075,41.0135,-3.04083333333,55.9666666667,1.0,0.425,3.775,120.416666667,1.998875,0.0,0.0,10736.8046875,43.25
2014.0,3.0,16.0,3.0,3.9125,39.0425,-4.35333333333,54.775,1.0,0.633333333333,4.18333333333,120.75,2.163125,0.0,0.0,10736.8046875,42.8958333333
2014.0,3.0,16.0,4.0,3.18583333333,37.7345,-5.13333333333,54.3583333333,1.0,0.441666666667,3.26666666667,135.166666667,2.272125,0.0,0.0,10736.8046875,44.6041666667
2014.0,3.0,16.0,5.0,2.305,36.149,-5.5075,56.2583333333,1.0,0.45,3.43333333333,140.416666667,2.40425,0.0,0.0,10736.8046875,47.6041666667
2014.0,3.0,16.0,6.0,1.18833333333,34.139,-6.40833333333,56.9083333333,1.41666666667,0.241666666667,2.425,170.916666667,2.57175,0.0,0.0,10736.8046875,47.5208333333
2014.0,3.0,16.0,7.0,1.4925,34.6865,-8.9075,45.9583333333,52.3333333333,0.208333333333,2.475,135.166666667,2.526125,0.0,0.0,10736.8046875,46.5
2014.0,3.0,16.0,8.0,2.785,37.013,-10.4441666667,37.1083333333,210.5,0.491666666667,4.0,156.0,2.33225,0.0,0.0,10736.8046875,44.5208333333
2014.0,3.0,16.0,9.0,2.73166666667,36.917,-12.7233333333,31.0416666667,427.333333333,1.19166666667,5.45833333333,151.916666667,2.34025,0.0,0.0,10736.8046875,43.6666666667
2014.0,3.0,16.0,10.0,3.95666666667,39.122,-12.4683333333,29.0166666667,584.833333333,0.4,2.85833333333,152.666666667,2.1565,0.0,0.0,10736.8046875,44.9583333333
2014.0,3.0,16.0,11.0,4.28833333333,39.719,-13.34,26.4416666667,641.5,0.95,4.75,144.833333333,2.10675,0.0,0.0,10736.8046875,44.8125
2014.0,3.0,16.0,12.0,5.29083333333,41.5235,-12.4533333333,26.45,572.333333333,0.608333333333,4.075,160.25,1.956375,0.0,0.0,10736.8046875,47.25
2014.0,3.0,16.0,13.0,5.46083333333,41.8295,-12.7808333333,25.4333333333,449.416666667,0.233333333333,2.91666666667,134.25,1.930875,0.0,0.0,10736.8046875,46.7916666667
2014.0,3.0,16.0,14.0,4.84833333333,40.727,-12.6608333333,26.8,347.666666667,0.408333333333,3.54166666667,154.083333333,2.02275,0.0,0.0,10736.8046875,48.0416666667
2014.0,3.0,16.0,15.0,4.40333333333,39.926,-12.6908333333,27.5916666667,201.25,0.166666666667,1.975,122.583333333,2.0895,0.0,0.0,10736.8046875,47.3541666667
2014.0,3.0,16.0,16.0,3.85583333333,38.9405,-12.1183333333,30.025,147.166666667,0.216666666667,2.63333333333,131.25,2.171625,0.0,0.0,10736.8046875,47.3541666667
2014.0,3.0,16.0,17.0,3.14333333333,37.658,-12.0958333333,31.625,68.6666666667,0.675,3.46666666667,159.25,2.2785,0.0,0.0,10736.8046875,47.9375
2014.0,3.0,16.0,18.0,2.48,36.464,-11.48,34.8666666667,8.66666666667,0.341666666667,3.01666666667,160.75,2.378,0.0,0.0,10736.8046875,47.8541666667
2014.0,3.0,16.0,19.0,1.9125,35.4425,-11.4225,36.4416666667,1.0,0.95,4.08333333333,177.833333333,2.463125,0.0,0.0,10736.8046875,47.4791666667
2014.0,3.0,16.0,20.0,1.21416666667,34.1855,-11.8991666667,36.875,1.0,1.10833333333,5.08333333333,176.583333333,2.567875,0.0,0.0,10736.8046875,46.5416666667
2014.0,3.0,16.0,21.0,0.696666666667,33.254,-12.1983333333,37.3666666667,1.0,0.666666666667,4.19166666667,194.75,2.6455,0.0,0.0,10736.8046875,45.9166666667
2014.0,3.0,16.0,22.0,0.158333333333,32.285,-12.795,37.025,1.0,0.991666666667,4.875,189.25,2.72625,0.0,0.0,10736.8046875,43.8333333333
2014.0,3.0,16.0,23.0,-0.15,31.73,-13.0516666667,37.0833333333,1.0,1.18333333333,5.33333333333,204.666666667,2.7725,0.0,0.0,10736.8046875,42.9791666667
2014.0,3.0,17.0,0.0,-0.813333333333,30.536,-11.8658333333,43.325,1.0,1.7,6.44166666667,191.583333333,2.872,0.0,720.0,10736.8046875,42.5208333333
2014.0,3.0,17.0,1.0,-1.76333333333,28.826,-9.82833333333,54.0666666667,1.0,1.575,6.05833333333,207.666666667,3.0145,0.0,720.0,10736.8046875,42.4791666667
2014.0,3.0,17.0,2.0,-2.76583333333,27.0215,-7.88666666667,68.3333333333,1.0,1.30833333333,6.05833333333,211.0,3.164875,0.0,720.0,10736.8046875,41.9791666667
2014.0,3.0,17.0,3.0,-3.8075,25.1465,-4.74,93.3,1.0,0.875,4.65,209.25,3.321125,0.0,720.0,10736.8046875,42.2083333333
2014.0,3.0,17.0,4.0,-3.7975,25.1645,-4.75083333333,93.15,1.0,0.425,3.48333333333,203.75,3.319625,0.0,720.0,10736.8046875,43.5208333333
2014.0,3.0,17.0,5.0,-4.105,24.611,-5.10166666667,92.8416666667,1.0,0.708333333333,4.38333333333,212.666666667,3.36575,0.0,720.0,10736.8046875,46.7291666667
2014.0,3.0,17.0,6.0,-4.80166666667,23.357,-5.83666666667,92.55,1.0,1.1,4.81666666667,204.583333333,3.47025,0.0,720.0,10736.8046875,47.25
2014.0,3.0,17.0,7.0,-5.05166666667,22.907,-6.2525,91.3916666667,16.0,0.75,3.93333333333,214.333333333,3.50775,0.0,720.0,10736.8046875,47.875
2014.0,3.0,17.0,8.0,-4.78916666667,23.3795,-7.88666666667,79.45,62.25,1.20833333333,4.94166666667,202.166666667,3.468375,0.0,720.0,10736.8046875,47.2916666667
2014.0,3.0,17.0,9.0,-4.0225,24.7595,-9.465,66.1,128.083333333,1.60833333333,5.94166666667,179.333333333,3.353375,0.0,720.0,10736.8046875,48.625
2014.0,3.0,17.0,10.0,-3.8025,25.1555,-10.2675,60.9,152.416666667,1.79166666667,6.225,188.416666667,3.320375,0.0,720.0,10736.8046875,49.5625
2014.0,3.0,17.0,11.0,-3.1225,26.3795,-10.2366666667,57.925,223.333333333,1.06666666667,4.90833333333,201.916666667,3.218375,0.0,720.0,10736.8046875,50.2291666667
2014.0,3.0,17.0,12.0,-2.31666666667,27.83,-10.3,54.275,295.25,1.46666666667,5.51666666667,183.5,3.0975,0.0,720.0,10736.8046875,51.4166666667
2014.0,3.0,17.0,13.0,-1.785,28.787,-10.0341666667,53.2833333333,204.5,0.433333333333,2.90833333333,210.25,3.01775,0.0,720.0,10736.8046875,50.6666666667
2014.0,3.0,17.0,14.0,0.249166666667,32.4485,-9.77333333333,46.9583333333,478.25,0.366666666667,2.76666666667,220.75,2.712625,0.0,720.0,10736.8046875,51.7083333333
2014.0,3.0,17.0,15.0,0.2025,32.3645,-9.82166666667,46.8333333333,232.916666667,0.35,2.6,225.166666667,2.719625,0.0,720.0,10736.8046875,51.8125
2014.0,3.0,17.0,16.0,0.335,32.603,-9.12416666667,49.0083333333,125.333333333,0.0833333333333,1.20833333333,214.416666667,2.69975,0.0,720.0,10736.8046875,51.0208333333
2014.0,3.0,17.0,17.0,0.199166666667,32.3585,-8.62583333333,51.4666666667,65.4166666667,0.05,1.1,243.583333333,2.720125,0.0,720.0,10736.8046875,50.9791666667
2014.0,3.0,17.0,18.0,-0.193333333333,31.652,-8.85083333333,52.025,16.1666666667,0.0333333333333,0.958333333333,238.916666667,2.779,0.0,720.0,10736.8046875,51.1875
2014.0,3.0,17.0,19.0,-0.263333333333,31.526,-9.05666666667,51.4583333333,1.0,0.0333333333333,0.758333333333,238.5,2.7895,0.0,720.0,10736.8046875,49.4583333333
2014.0,3.0,17.0,20.0,-0.329166666667,31.4075,-9.35916666667,50.4916666667,1.0,0.0666666666667,1.03333333333,251.25,2.799375,0.0,720.0,10736.8046875,48.5416666667
2014.0,3.0,17.0,21.0,-0.390833333333,31.2965,-9.62833333333,49.65,1.0,0.0333333333333,0.833333333333,239.0,2.808625,0.0,720.0,10736.8046875,46.0625
2014.0,3.0,17.0,22.0,-0.418333333333,31.247,-10.0741666667,48.025,1.0,0.0833333333333,1.65833333333,212.666666667,2.81275,0.0,720.0,10736.8046875,43.4791666667
2014.0,3.0,17.0,23.0,-0.451666666667,31.187,-9.5575,50.1583333333,1.0,0.0,0.825,237.5,2.81775,0.0,720.0,10736.8046875,42.3541666667
2014.0,3.0,18.0,0.0,-0.525,31.055,-9.475,50.75,1.0,0.0,0.316666666667,254.0,2.82875,0.0,720.0,10736.8046875,41.8958333333
2014.0,3.0,18.0,1.0,-0.514166666667,31.0745,-9.96333333333,48.8,1.0,0.0333333333333,0.983333333333,223.666666667,2.827125,0.0,720.0,10736.8046875,41.625
2014.0,3.0,18.0,2.0,-0.480833333333,31.1345,-10.0,48.5333333333,1.0,0.0166666666667,0.741666666667,217.916666667,2.822125,0.0,720.0,10736.8046875,41.1458333333
2014.0,3.0,18.0,3.0,-0.228333333333,31.589,-9.82833333333,48.2916666667,1.0,0.15,1.75833333333,219.25,2.78425,0.0,720.0,10736.8046875,40.9583333333
2014.0,3.0,18.0,4.0,-0.218333333333,31.607,-9.84,48.2166666667,1.0,0.391666666667,2.85833333333,211.416666667,2.78275,0.0,720.0,10736.8046875,42.6666666667
2014.0,3.0,18.0,5.0,-0.255,31.541,-9.92333333333,48.0333333333,1.0,0.475,3.35,214.166666667,2.78825,0.0,720.0,10736.8046875,45.25
2014.0,3.0,18.0,6.0,-0.293333333333,31.472,-9.685,49.075,1.0,0.608333333333,3.73333333333,210.833333333,2.794,0.0,720.0,10736.8046875,45.5625
2014.0,3.0,18.0,7.0,-0.3325,31.4015,-10.1225,47.5416666667,14.6666666667,0.558333333333,3.80833333333,222.166666667,2.799875,0.0,720.0,10736.8046875,45.8333333333
2014.0,3.0,18.0,8.0,-0.005,31.991,-9.5425,48.6,76.8333333333,0.691666666667,4.21666666667,211.916666667,2.75075,0.0,720.0,10736.8046875,46.4791666667
2014.0,3.0,18.0,9.0,0.943333333333,33.698,-7.65416666667,52.6166666667,219.25,1.06666666667,4.675,216.0,2.6085,0.0,720.0,10736.8046875,47.1944444444
2014.0,3.0,19.0,12.0,8.40916666667,47.1365,2.41833333333,65.9833333333,184.333333333,0.416666666667,3.43333333333,277.166666667,1.488625,0.0,720.0,10736.8046875,51.0
2014.0,3.0,19.0,13.0,7.82,46.076,3.20583333333,72.7666666667,140.666666667,0.541666666667,3.55833333333,283.416666667,1.577,0.0,720.0,10736.8046875,51.2916666667
2014.0,3.0,19.0,14.0,6.76833333333,44.183,4.7175,86.7916666667,109.0,0.4,2.975,274.5,1.73475,0.0,720.0,10736.8046875,51.2291666667
2014.0,3.0,19.0,15.0,6.34666666667,43.424,5.15666666667,92.075,57.8333333333,0.391666666667,2.95833333333,278.833333333,1.798,0.0,720.0,10736.8046875,50.75
2014.0,3.0,19.0,16.0,6.27583333333,43.2965,5.19333333333,92.95,33.3333333333,0.0833333333333,1.08333333333,223.916666667,1.808625,0.0,720.0,10736.8046875,50.9791666667
2014.0,3.0,19.0,17.0,6.24083333333,43.2335,-32.4233333333,16.5916666667,28.8333333333,0.316666666667,2.75833333333,231.166666667,1.813875,0.0,720.0,10736.8046875,50.9375
2014.0,3.0,19.0,18.0,6.24916666667,43.2485,-46.1641666667,1.0,3.16666666667,0.275,2.625,229.5,1.812625,0.0,720.0,10736.8046875,49.8541666667
2014.0,3.0,19.0,19.0,6.94666666667,44.504,-45.7333333333,1.0,1.0,0.308333333333,2.85833333333,244.5,1.708,0.0,720.0,10736.8046875,49.0416666667
2014.0,3.0,19.0,20.0,7.03083333333,44.6555,-45.6841666667,1.0,1.0,0.0166666666667,0.975,111.5,1.695375,0.0,720.0,10736.8046875,49.125
2014.0,3.0,19.0,21.0,6.83916666667,44.3105,-45.7991666667,1.0,1.0,0.0666666666667,1.24166666667,130.25,1.724125,0.0,720.0,10736.8046875,47.8333333333
2014.0,3.0,19.0,22.0,6.4925,43.6865,-46.0116666667,1.0,1.0,0.0,0.0166666666667,204.75,1.776125,0.0,720.0,10736.8046875,44.25
2014.0,3.0,19.0,23.0,7.03833333333,44.669,-45.6783333333,1.0,1.0,0.0,0.0166666666667,232.0,1.69425,0.0,720.0,10736.8046875,43.7916666667
2014.0,3.0,20.0,0.0,7.04083333333,44.6735,-45.6775,1.0,1.0,0.0166666666667,0.7,60.0833333333,1.693875,0.0,720.0,10736.8046875,43.3333333333
2014.0,3.0,20.0,1.0,6.75416666667,44.1575,-45.8525,1.0,1.0,0.258333333333,2.94166666667,58.5833333333,1.736875,0.0,720.0,10736.8046875,42.8333333333
2014.0,3.0,20.0,2.0,6.6575,43.9835,-45.91,1.0,1.0,0.341666666667,2.55,58.0,1.751375,0.0,720.0,10736.8046875,42.25
2014.0,3.0,20.0,3.0,6.45166666667,43.613,-13.3875,59.4583333333,1.0,0.916666666667,3.975,56.6666666667,1.78225,0.0,720.0,10736.8046875,42.3333333333
2014.0,3.0,20.0,4.0,6.265,43.277,6.21083333333,99.5916666667,1.0,0.691666666667,3.48333333333,51.9166666667,1.81025,0.0,720.0,10736.8046875,43.5208333333
2014.0,3.0,20.0,5.0,6.25083333333,43.2515,5.92583333333,97.7416666667,1.0,0.591666666667,3.34166666667,46.75,1.812375,0.0,720.0,10736.8046875,46.7916666667
2014.0,3.0,20.0,6.0,5.97166666667,42.749,5.69833333333,98.0916666667,1.0,0.541666666667,2.93333333333,48.0833333333,1.85425,0.0,720.0,10736.8046875,47.2291666667
2014.0,3.0,20.0,7.0,6.26,43.268,5.61666666667,95.6333333333,19.5,0.55,3.05833333333,53.0833333333,1.811,0.0,720.0,10736.8046875,47.9375
2014.0,3.0,20.0,8.0,7.225,45.005,5.02916666667,86.1416666667,199.25,0.908333333333,4.21666666667,57.0833333333,1.66625,0.0,720.0,10736.8046875,46.5208333333
2014.0,3.0,20.0,9.0,8.97416666667,48.1535,4.815,75.225,309.75,0.458333333333,3.55,57.6666666667,1.403875,0.0,720.0,10736.8046875,47.3125
2014.0,3.0,20.0,10.0,10.8533333333,51.536,2.605,56.8333333333,579.166666667,0.95,4.91666666667,70.4166666667,1.122,0.0,720.0,10736.8046875,32.2692307692
2014.0,3.0,20.0,11.0,11.2116666667,52.181,1.84583333333,52.525,403.583333333,2.55,7.83333333333,68.5,1.06825,0.0,720.0,10736.8046875,4.125
2014.0,3.0,20.0,12.0,11.5375,52.7675,0.650833333333,47.1333333333,424.833333333,2.80833333333,8.60833333333,70.8333333333,1.019375,0.0,720.0,10736.8046875,51.125
2014.0,3.0,20.0,13.0,12.0308333333,53.6555,0.3625,44.65,447.416666667,2.31666666667,7.88333333333,72.5833333333,0.945375,0.0,720.0,10736.8046875,51.5625
2014.0,3.0,20.0,14.0,12.2233333333,54.002,-0.8325,40.5416666667,593.25,3.45,9.61666666667,70.9166666667,0.9165,0.0,720.0,10736.8046875,51.25
2014.0,3.0,20.0,15.0,12.325,54.185,-2.30416666667,36.05,507.916666667,2.75833333333,8.79166666667,71.3333333333,0.90125,0.0,720.0,10736.8046875,52.5
2014.0,3.0,23.0,15.0,7.125,44.825,-4.73,42.6,233.083333333,0.641666666667,4.05,90.5,1.68125,0.0,0.0,10736.8046875,38.9722222222
2014.0,3.0,23.0,16.0,7.29583333333,45.1325,-5.1975,40.6416666667,202.916666667,0.491666666667,4.325,96.8333333333,1.655625,0.0,0.0,10736.8046875,39.8125
2014.0,3.0,23.0,17.0,6.51666666667,43.73,-5.295,42.5583333333,103.333333333,0.683333333333,4.825,112.083333333,1.7725,0.0,0.0,10736.8046875,39.5
2014.0,3.0,23.0,18.0,5.59833333333,42.077,-5.96833333333,43.1166666667,41.5833333333,0.791666666667,4.46666666667,135.583333333,1.91025,0.0,0.0,10736.8046875,39.1666666667
2014.0,3.0,23.0,19.0,4.01083333333,39.2195,-9.49166666667,36.6083333333,1.16666666667,1.40833333333,5.46666666667,174.833333333,2.148375,0.0,0.0,10736.8046875,39.6666666667
2014.0,3.0,23.0,20.0,2.4225,36.3605,-9.9625,39.4833333333,1.0,2.16666666667,6.89166666667,176.833333333,2.386625,0.0,0.0,10736.8046875,39.3333333333
2014.0,3.0,23.0,21.0,1.27166666667,34.289,-10.7875,40.15,1.0,2.225,6.91666666667,173.5,2.55925,0.0,0.0,10736.8046875,38.5208333333
2014.0,3.0,23.0,22.0,0.176666666667,32.318,-11.3433333333,41.575,1.0,2.31666666667,7.41666666667,169.833333333,2.7235,0.0,0.0,10736.8046875,36.3958333333
2014.0,3.0,23.0,23.0,-0.9325,30.3215,-11.7241666667,43.7166666667,1.0,1.28333333333,6.8,157.75,2.889875,0.0,0.0,10736.8046875,36.0208333333
2014.0,3.0,24.0,0.0,-2.07083333333,28.2725,-11.84,47.125,1.0,0.833333333333,5.75833333333,116.833333333,3.060625,0.0,720.0,10736.8046875,36.2291666667
2014.0,3.0,24.0,1.0,-3.12916666667,26.3675,-11.6916666667,51.5916666667,1.0,0.758333333333,4.04166666667,127.583333333,3.219375,0.0,720.0,10736.8046875,36.0625
2014.0,3.0,24.0,2.0,-4.0675,24.6785,-12.2241666667,53.0083333333,1.0,1.30833333333,6.01666666667,166.0,3.360125,0.0,720.0,10736.8046875,35.6041666667
2014.0,3.0,24.0,3.0,-4.6075,23.7065,-13.1158333333,51.3666666667,1.0,1.50833333333,6.05,159.666666667,3.441125,0.0,720.0,10736.8046875,35.375
2014.0,3.0,24.0,4.0,-5.02333333333,22.958,-13.5575,51.1333333333,1.0,1.55,6.05,166.166666667,3.5035,0.0,720.0,10736.8046875,37.4166666667
2014.0,3.0,24.0,5.0,-5.20416666667,22.6325,-14.5516666667,47.8166666667,1.0,1.75833333333,6.88333333333,165.25,3.530625,0.0,720.0,10736.8046875,38.7083333333
2014.0,3.0,24.0,6.0,-5.68,21.776,-15.1691666667,47.0833333333,3.33333333333,1.34166666667,5.88333333333,168.0,3.602,0.0,720.0,10736.8046875,39.1666666667
2014.0,3.0,24.0,7.0,-4.67083333333,23.5925,-15.6683333333,41.9333333333,98.75,1.20833333333,6.025,166.083333333,3.450625,0.0,720.0,10736.8046875,39.2708333333
2014.0,3.0,24.0,8.0,-3.31166666667,26.039,-16.15,36.3166666667,299.833333333,1.01666666667,5.375,121.916666667,3.24675,0.0,720.0,10736.8046875,39.5416666667
2014.0,3.0,24.0,9.0,-2.58333333333,27.35,-16.1925,34.275,482.166666667,0.591666666667,4.01666666667,131.166666667,3.1375,0.0,720.0,10736.8046875,49.6458333333
2014.0,3.0,24.0,10.0,-1.22833333333,29.789,-16.7308333333,29.7083333333,638.75,0.475,3.0,116.416666667,2.93425,0.0,720.0,10736.8046875,55.0416666667
2014.0,3.0,24.0,11.0,-0.744166666667,30.6605,-16.5483333333,29.0166666667,750.0,0.3,3.075,122.333333333,2.861625,0.0,720.0,10736.8046875,54.0
2014.0,3.0,24.0,12.0,-0.00916666666667,31.9835,-15.7358333333,29.4583333333,805.0,0.483333333333,3.94166666667,76.0,2.751375,0.0,720.0,10736.8046875,54.0416666667
2014.0,3.0,24.0,13.0,0.875833333333,33.5765,-14.3041666667,31.0916666667,802.5,0.475,3.95833333333,93.9166666667,2.618625,0.0,720.0,10736.8046875,52.5208333333
2014.0,3.0,24.0,14.0,2.2825,36.1085,-14.4916666667,27.7583333333,734.166666667,0.508333333333,3.88333333333,78.25,2.407625,0.0,720.0,10736.8046875,52.7083333333
2014.0,3.0,24.0,15.0,2.8,37.04,-14.6533333333,26.325,638.25,0.908333333333,4.73333333333,77.0,2.33,0.0,720.0,10736.8046875,50.5833333333
2014.0,3.0,24.0,16.0,3.96666666667,39.14,-13.8366666667,25.9583333333,433.25,0.341666666667,3.11666666667,81.75,2.155,0.0,720.0,10736.8046875,14.2954545455
2014.0,3.0,24.0,17.0,2.12333333333,35.822,-14.2366666667,28.5833333333,182.5,0.6,4.33333333333,101.333333333,2.4315,0.0,720.0,10736.8046875,0.0
2014.0,3.0,24.0,18.0,1.62083333333,34.9175,-14.8366666667,28.225,80.25,0.575,3.7,104.0,2.506875,0.0,720.0,10736.8046875,0.0
2014.0,3.0,24.0,19.0,0.0183333333333,32.033,-14.9816666667,31.275,1.33333333333,0.0666666666667,1.325,94.75,2.74725,0.0,720.0,10736.8046875,20.8541666667
2014.0,3.0,24.0,20.0,-0.366666666667,31.34,-14.6758333333,32.975,1.0,0.0,0.183333333333,116.583333333,2.805,0.0,720.0,10736.8046875,49.4375
2014.0,3.0,24.0,21.0,-0.823333333333,30.518,-14.6233333333,34.25,1.0,0.0,0.0166666666667,191.25,2.8735,0.0,720.0,10736.8046875,47.4583333333
2014.0,3.0,24.0,22.0,-0.801666666667,30.557,-14.9591666667,33.2583333333,1.0,0.0,0.0,185.583333333,2.87025,0.0,720.0,10736.8046875,44.4583333333
2014.0,3.0,24.0,23.0,-0.8625,30.4475,-14.5883333333,34.45,1.0,0.0,0.0,193.583333333,2.879375,0.0,720.0,10736.8046875,43.7291666667
2014.0,3.0,25.0,0.0,-0.998333333333,30.203,-13.8675,36.9583333333,1.0,0.0,0.0,229.166666667,2.89975,0.0,720.0,10736.8046875,43.625
2014.0,3.0,25.0,1.0,-0.718333333333,30.707,-13.3733333333,37.675,1.0,0.0,0.25,304.5,2.85775,0.0,720.0,10736.8046875,43.7708333333
2014.0,3.0,25.0,2.0,-1.27416666667,29.7065,-12.3466666667,42.6333333333,1.0,0.0,0.175,303.083333333,2.941125,0.0,720.0,10736.8046875,43.6875
2014.0,3.0,25.0,3.0,-1.28166666667,29.693,-12.2133333333,43.1166666667,1.0,0.05,0.758333333333,319.25,2.94225,0.0,720.0,10736.8046875,44.0
2014.0,3.0,25.0,4.0,-2.04083333333,28.3265,-11.125,49.85,1.0,0.0,0.0333333333333,317.083333333,3.056125,0.0,720.0,10736.8046875,45.5833333333
2014.0,3.0,25.0,5.0,-1.8175,28.7285,-10.2608333333,52.4666666667,1.0,0.0,0.0916666666667,290.916666667,3.022625,0.0,720.0,10736.8046875,47.8333333333
2014.0,3.0,25.0,6.0,-2.20583333333,28.0295,-8.31166666667,62.9583333333,3.33333333333,0.0,0.0,283.333333333,3.080875,0.0,720.0,10736.8046875,48.625
2014.0,3.0,25.0,7.0,-1.36416666667,29.5445,-9.07583333333,55.7833333333,40.5,0.0,0.0,286.583333333,2.954625,0.0,720.0,10736.8046875,47.7916666667
2014.0,3.0,25.0,8.0,-0.12,31.784,-9.85916666667,47.8166666667,115.916666667,0.0,0.0,288.916666667,2.768,0.0,720.0,10736.8046875,46.6875
2014.0,3.0,25.0,9.0,1.635,34.943,-7.9375,48.9833333333,271.25,0.0666666666667,1.3,299.75,2.50475,0.0,720.0,10736.8046875,48.2291666667
2014.0,3.0,25.0,10.0,4.3075,39.7535,-7.49083333333,41.975,549.75,0.35,2.61666666667,330.083333333,2.103875,0.0,720.0,10736.8046875,51.0833333333
2014.0,3.0,25.0,11.0,5.15083333333,41.2715,-7.61,39.175,511.333333333,0.75,4.34166666667,336.166666667,1.977375,0.0,720.0,10736.8046875,52.1041666667
2014.0,3.0,25.0,12.0,4.82833333333,40.691,-6.70416666667,42.975,331.5,0.383333333333,3.26666666667,302.666666667,2.02575,0.0,720.0,10736.8046875,3.86538461538
2014.0,3.0,25.0,13.0,4.11833333333,39.413,-4.66333333333,52.8,335.083333333,0.275,2.69166666667,292.25,2.13225,0.0,720.0,10736.8046875,0.0
2014.0,3.0,25.0,14.0,3.87083333333,38.9675,-4.24,55.4083333333,293.333333333,0.1,1.85,299.5,2.169375,0.0,720.0,10736.8046875,0.0
2014.0,3.0,25.0,15.0,3.35083333333,38.0315,-4.105,58.1,157.416666667,0.1,1.475,285.833333333,2.247375,0.0,720.0,10736.8046875,0.0
2014.0,3.0,25.0,16.0,2.65833333333,36.785,-3.95333333333,61.7,111.5,0.325,2.58333333333,223.5,2.35125,0.0,720.0,10736.8046875,0.0
2014.0,3.0,25.0,17.0,1.72916666667,35.1125,-3.03916666667,70.7666666667,48.8333333333,0.466666666667,3.13333333333,233.416666667,2.490625,0.0,720.0,10736.8046875,0.0
2014.0,3.0,25.0,18.0,0.356666666667,32.642,-1.46666666667,87.675,7.91666666667,0.0333333333333,1.20833333333,229.416666667,2.6965,0.0,720.0,10736.8046875,0.0
2014.0,3.0,25.0,19.0,-0.4325,31.2215,-1.36916666667,93.4083333333,1.0,0.116666666667,1.44166666667,247.916666667,2.814875,0.0,720.0,10736.8046875,0.0
2014.0,3.0,25.0,20.0,-0.511666666667,31.079,-1.92833333333,90.175,1.0,0.233333333333,2.5,212.583333333,2.82675,0.0,720.0,10736.8046875,0.0
2014.0,3.0,25.0,21.0,-0.4325,31.2215,-2.15416666667,88.1666666667,1.0,0.166666666667,2.08333333333,207.25,2.814875,0.0,720.0,10736.8046875,0.0
2014.0,3.0,25.0,22.0,-0.525,31.055,-1.43583333333,93.6583333333,1.0,0.225,2.225,186.25,2.82875,0.0,720.0,10736.8046875,0.0
2014.0,3.0,25.0,23.0,-0.505833333333,31.0895,-1.85166666667,90.6416666667,1.0,0.0666666666667,0.775,155.166666667,2.825875,0.0,720.0,10736.8046875,0.0
2014.0,3.0,26.0,0.0,-0.525,31.055,-2.09916666667,89.125,1.0,0.0166666666667,0.991666666667,165.416666667,2.82875,0.0,720.0,10736.8046875,0.0
2014.0,3.0,26.0,1.0,-0.665833333333,30.8015,-2.41083333333,88.0,1.0,0.116666666667,1.4,124.916666667,2.849875,0.0,720.0,10736.8046875,0.0
2014.0,3.0,26.0,2.0,-0.553333333333,31.004,-2.18583333333,88.7416666667,1.0,0.0666666666667,1.425,112.0,2.833,0.0,720.0,10736.8046875,0.0
2014.0,3.0,26.0,3.0,-0.593333333333,30.932,-2.69333333333,85.7083333333,1.0,0.0,1.13333333333,92.1666666667,2.839,0.0,720.0,10736.8046875,0.0
2014.0,3.0,26.0,4.0,-0.745833333333,30.6575,-2.65916666667,86.8916666667,1.0,0.133333333333,2.10833333333,106.25,2.861875,0.0,720.0,10736.8046875,0.0
2014.0,3.0,26.0,5.0,-1.08666666667,30.044,-2.92333333333,87.35,1.0,0.358333333333,3.36666666667,102.666666667,2.913,0.0,720.0,10736.8046875,0.0
2014.0,3.0,26.0,6.0,-1.3225,29.6195,-3.66333333333,84.1333333333,1.91666666667,0.85,5.31666666667,103.0,2.948375,0.0,720.0,10736.8046875,0.0
2014.0,3.0,26.0,7.0,-0.6225,30.8795,-5.34666666667,70.55,87.6666666667,2.30833333333,8.45833333333,112.166666667,2.843375,0.0,720.0,10736.8046875,0.0
2014.0,3.0,26.0,8.0,-0.183333333333,31.67,-8.84166666667,52.0833333333,275.666666667,3.325,10.2416666667,116.416666667,2.7775,0.0,720.0,10736.8046875,0.0
2014.0,3.0,26.0,9.0,-0.0741666666667,31.8665,-9.46333333333,49.175,483.5,3.30833333333,10.675,111.25,2.761125,0.0,720.0,10736.8046875,0.0
2014.0,3.0,26.0,10.0,0.5775,33.0395,-10.4525,43.4,658.333333333,3.18333333333,10.1083333333,104.666666667,2.663375,0.0,720.0,10736.8046875,0.0
2014.0,3.0,26.0,11.0,1.10416666667,33.9875,-13.0266666667,34.025,694.083333333,3.15833333333,10.35,106.083333333,2.584375,0.0,720.0,10736.8046875,0.0
2014.0,3.0,26.0,12.0,1.00583333333,33.8105,-13.0533333333,34.1583333333,766.916666667,2.80833333333,9.20833333333,91.0833333333,2.599125,0.0,720.0,10736.8046875,0.0
2014.0,3.0,26.0,13.0,1.66333333333,34.994,-13.0691666667,32.5166666667,808.25,2.49166666667,8.675,86.8333333333,2.5005,0.0,720.0,10736.8046875,0.0
2014.0,3.0,26.0,14.0,2.28416666667,36.1115,-14.2975,28.1833333333,764.0,2.93333333333,10.0583333333,95.8333333333,2.407375,0.0,720.0,10736.8046875,0.0
2014.0,3.0,26.0,15.0,2.45666666667,36.422,-15.375,25.4,633.166666667,2.75833333333,9.90833333333,96.0,2.3815,0.0,720.0,10736.8046875,0.0
2014.0,3.0,26.0,16.0,2.34666666667,36.224,-14.975,26.475,476.583333333,2.93333333333,9.775,89.4166666667,2.398,0.0,720.0,10736.8046875,0.0
2014.0,3.0,26.0,17.0,2.775,36.995,-15.6658333333,24.2333333333,291.083333333,2.43333333333,9.11666666667,97.25,2.33375,0.0,720.0,10736.8046875,0.0
2014.0,3.0,26.0,18.0,1.54833333333,34.787,-16.1258333333,25.5083333333,89.25,2.11666666667,7.9,107.75,2.51775,0.0,720.0,10736.8046875,0.0
2014.0,3.0,26.0,19.0,0.109166666667,32.1965,-15.8583333333,28.8833333333,1.83333333333,0.758333333333,5.29166666667,101.166666667,2.733625,0.0,720.0,10736.8046875,0.0
2014.0,3.0,26.0,20.0,-0.355,31.361,-15.615,30.4833333333,1.0,0.483333333333,3.46666666667,112.75,2.80325,0.0,720.0,10736.8046875,0.0
2014.0,3.0,26.0,21.0,-0.799166666667,30.5615,-15.4925,31.8166666667,1.0,0.308333333333,3.075,103.166666667,2.869875,0.0,720.0,10736.8046875,0.0
2014.0,3.0,26.0,22.0,-1.16,29.912,-15.43,32.8333333333,1.0,0.258333333333,2.81666666667,92.5833333333,2.924,0.0,720.0,10736.8046875,0.0
2014.0,3.0,26.0,23.0,-1.59583333333,29.1275,-15.5316666667,33.625,1.0,0.425,3.71666666667,91.0833333333,2.989375,0.0,720.0,10736.8046875,0.0
2014.0,3.0,27.0,0.0,-2.05166666667,28.307,-15.655,34.425,1.0,0.541666666667,4.00833333333,106.75,3.05775,0.0,720.0,10736.8046875,0.0
2014.0,3.0,27.0,1.0,-2.58583333333,27.3455,-15.5525,36.125,1.0,0.45,3.54166666667,99.75,3.137875,0.0,720.0,10736.8046875,0.0
2014.0,3.0,27.0,2.0,-3.1175,26.3885,-15.2766666667,38.4583333333,1.0,0.0833333333333,1.675,91.6666666667,3.217625,0.0,720.0,10736.8046875,0.0
2014.0,3.0,27.0,3.0,-3.54,25.628,-14.9708333333,40.7083333333,1.0,0.15,2.48333333333,100.916666667,3.281,0.0,720.0,10736.8046875,0.0
2014.0,3.0,27.0,4.0,-4.01,24.782,-14.7566666667,42.925,1.0,0.191666666667,2.16666666667,119.0,3.3515,0.0,720.0,10736.8046875,0.0
2014.0,3.0,27.0,5.0,-4.365,24.143,-14.51,44.9916666667,1.0,0.166666666667,1.9,109.75,3.40475,0.0,720.0,10736.8046875,0.0
2014.0,3.0,27.0,6.0,-4.675,23.585,-14.3958333333,46.4916666667,4.33333333333,0.0666666666667,1.18333333333,108.166666667,3.45125,0.0,720.0,10736.8046875,28.3333333333
2014.0,3.0,27.0,7.0,-2.49416666667,27.5105,-14.5958333333,39.0416666667,114.5,0.0,0.25,111.166666667,3.124125,0.0,720.0,10736.8046875,49.625
2014.0,3.0,27.0,8.0,-0.446666666667,31.196,-15.2583333333,31.7083333333,293.166666667,0.0333333333333,0.941666666667,102.0,2.817,0.0,720.0,10736.8046875,48.3125
2014.0,3.0,27.0,9.0,0.970833333333,33.7475,-15.5475,27.8833333333,487.916666667,0.0166666666667,0.6,130.583333333,2.604375,0.0,720.0,10736.8046875,50.8333333333
2014.0,3.0,27.0,10.0,2.37,36.266,-15.7516666667,24.8333333333,619.5,0.0333333333333,0.783333333333,77.6666666667,2.3945,0.0,720.0,10736.8046875,52.0625
2014.0,3.0,27.0,11.0,4.35,39.83,-14.9125,23.1,745.0,0.158333333333,1.48333333333,137.916666667,2.0975,0.0,720.0,10736.8046875,52.4583333333
2014.0,3.0,27.0,12.0,4.75416666667,40.5575,-13.19,25.8666666667,807.666666667,0.383333333333,3.075,185.833333333,2.036875,0.0,720.0,10736.8046875,51.7708333333
2014.0,3.0,27.0,13.0,5.52833333333,41.951,-11.8116666667,27.3833333333,756.916666667,0.916666666667,4.85,88.5833333333,1.92075,0.0,720.0,10736.8046875,53.5833333333
2014.0,3.0,27.0,14.0,6.20083333333,43.1615,-10.5083333333,29.0333333333,481.833333333,1.4,5.86666666667,61.0,1.819875,0.0,720.0,10736.8046875,51.8333333333
2014.0,3.0,27.0,15.0,6.28833333333,43.319,-9.3,31.7416666667,406.916666667,1.325,5.825,92.1666666667,1.80675,0.0,720.0,10736.8046875,51.5833333333
2014.0,3.0,27.0,16.0,7.0025,44.6045,-8.095,33.2083333333,348.75,0.783333333333,4.8,20.75,1.699625,0.0,720.0,10736.8046875,52.2083333333
2014.0,3.0,27.0,17.0,7.04916666667,44.6885,-7.22333333333,35.5083333333,201.416666667,0.6,3.64166666667,165.25,1.692625,0.0,720.0,10736.8046875,52.2083333333
2014.0,3.0,27.0,18.0,5.3675,41.6615,-6.60083333333,41.7083333333,38.1666666667,0.791666666667,4.31666666667,339.5,1.944875,0.0,720.0,10736.8046875,52.8125
2014.0,3.0,27.0,19.0,4.24583333333,39.6425,-5.84,47.8583333333,1.16666666667,1.075,5.075,341.416666667,2.113125,0.0,720.0,10736.8046875,52.5625
2014.0,3.0,27.0,20.0,3.1525,37.6745,-4.97916666667,55.125,1.0,0.45,3.66666666667,336.583333333,2.277125,0.0,720.0,10736.8046875,51.5
2014.0,3.0,27.0,21.0,3.01,37.418,-4.45583333333,57.9416666667,1.0,0.316666666667,2.875,337.0,2.2985,0.0,720.0,10736.8046875,49.9583333333
2014.0,3.0,27.0,22.0,3.085,37.553,-3.99333333333,59.6666666667,1.0,0.233333333333,2.55,331.916666667,2.28725,0.0,720.0,10736.8046875,47.6666666667
2014.0,3.0,27.0,23.0,2.93583333333,37.2845,-3.73166666667,61.5166666667,1.0,0.166666666667,1.975,330.75,2.309625,0.0,720.0,10736.8046875,46.2291666667
2014.0,3.0,28.0,0.0,2.9125,37.2425,-2.73333333333,66.3916666667,1.0,0.0166666666667,1.21666666667,327.416666667,2.313125,0.0,720.0,10736.8046875,44.5833333333
2014.0,3.0,28.0,1.0,3.34583333333,38.0225,-1.64833333333,69.75,1.0,0.0,0.566666666667,321.583333333,2.248125,0.0,720.0,10736.8046875,44.7291666667
2014.0,3.0,28.0,2.0,4.11166666667,39.401,-0.854166666667,70.05,1.0,0.0,0.316666666667,325.416666667,2.13325,0.0,720.0,10736.8046875,44.6875
2014.0,3.0,28.0,3.0,5.96666666667,42.74,-0.0708333333333,65.175,1.0,0.0333333333333,1.19166666667,339.583333333,1.855,0.0,720.0,10736.8046875,44.0416666667
2014.0,3.0,28.0,4.0,6.87916666667,44.3825,0.8275,65.3,1.0,0.1,1.70833333333,264.333333333,1.718125,0.0,720.0,10736.8046875,46.0
2014.0,3.0,28.0,5.0,7.1725,44.9105,2.29666666667,71.1333333333,1.0,0.133333333333,2.3,148.416666667,1.674125,0.0,720.0,10736.8046875,49.6875
2014.0,3.0,28.0,6.0,7.7075,45.8735,4.01,77.55,2.16666666667,0.133333333333,2.20833333333,124.583333333,1.593875,0.0,720.0,10736.8046875,49.2708333333
2014.0,3.0,28.0,7.0,7.76583333333,45.9785,5.57166666667,86.1083333333,57.8333333333,0.1,1.25,123.0,1.585125,0.0,720.0,10736.8046875,49.75
2014.0,3.0,28.0,8.0,9.57,49.226,6.00083333333,78.3666666667,100.25,0.491666666667,4.09166666667,98.5,1.3145,0.0,720.0,10736.8046875,48.5416666667
2014.0,3.0,28.0,9.0,10.1525,50.2745,7.62166666667,84.5,72.5833333333,0.391666666667,3.78333333333,43.0833333333,1.227125,0.0,720.0,10736.8046875,51.0833333333
2014.0,3.0,28.0,10.0,10.6291666667,51.1325,8.22666666667,85.1833333333,112.333333333,0.0333333333333,1.275,40.25,1.155625,0.0,720.0,10736.8046875,52.1666666667
2014.0,3.0,28.0,11.0,12.3025,54.1445,8.975,80.3666666667,279.666666667,0.408333333333,4.05833333333,43.0,0.904625,0.0,720.0,10736.8046875,52.3958333333
2014.0,3.0,28.0,12.0,14.1583333333,57.485,9.13166666667,71.7833333333,277.083333333,0.766666666667,5.31666666667,21.0,0.62625,0.0,720.0,10736.8046875,52.1875
2014.0,3.0,28.0,13.0,14.275,57.695,9.6625,73.7666666667,188.25,0.716666666667,5.60833333333,39.9166666667,0.60875,0.0,720.0,10736.8046875,52.2916666667
2014.0,3.0,28.0,14.0,15.4016666667,59.723,10.4983333333,72.5583333333,217.166666667,1.19166666667,6.15,39.3333333333,0.43975,0.0,720.0,10736.8046875,25.7916666667
2014.0,3.0,28.0,15.0,16.6858333333,62.0345,10.9216666667,68.75,223.916666667,1.225,6.13333333333,51.0,0.247125,0.0,720.0,10736.8046875,0.0
2014.0,3.0,28.0,16.0,17.13,62.834,10.7775,66.1583333333,97.75,2.53333333333,7.9,53.5833333333,0.1805,0.0,720.0,10736.8046875,0.0
2014.0,3.0,28.0,17.0,17.6316666667,63.737,10.8691666667,64.475,68.5833333333,1.39166666667,5.8,55.6666666667,0.10525,0.0,720.0,10736.8046875,0.0
2014.0,3.0,28.0,18.0,17.35,63.23,10.9516666667,66.0,35.1666666667,0.116666666667,1.71666666667,45.6666666667,0.1475,0.0,720.0,10736.8046875,8.04166666667
2014.0,3.0,28.0,19.0,16.6608333333,61.9895,10.9866666667,69.1166666667,1.25,0.05,0.741666666667,54.5,0.250875,0.0,720.0,10736.8046875,48.6875
2014.0,3.0,28.0,20.0,15.9483333333,60.707,10.9991666667,72.3666666667,1.0,0.0,0.141666666667,41.0833333333,0.35775,0.0,720.0,10736.8046875,48.7916666667
2014.0,3.0,28.0,21.0,15.75,60.35,10.9683333333,73.15,1.0,0.2,2.33333333333,61.9166666667,0.3875,0.0,720.0,10736.8046875,47.0416666667
2014.0,3.0,28.0,22.0,15.5408333333,59.9735,11.0583333333,74.5833333333,1.0,0.0666666666667,1.775,62.4166666667,0.418875,0.0,720.0,10736.8046875,45.375
2014.0,3.0,28.0,23.0,15.5416666667,59.975,11.1608333333,75.0833333333,1.0,0.0,0.0333333333333,82.4166666667,0.41875,0.0,720.0,10736.8046875,44.2083333333
2014.0,3.0,29.0,0.0,15.1916666667,59.345,10.9525,75.7333333333,1.0,0.0,0.0,74.6666666667,0.47125,0.0,0.0,10736.8046875,43.5625
2014.0,3.0,29.0,1.0,14.7533333333,58.556,10.855,77.4166666667,1.0,0.0,0.0916666666667,57.6666666667,0.537,0.0,0.0,10736.8046875,43.75
2014.0,3.0,29.0,2.0,13.3833333333,56.09,10.52,82.7583333333,1.0,0.0,0.0,138.416666667,0.7425,0.0,0.0,10736.8046875,43.4375
2014.0,3.0,29.0,3.0,12.59,54.662,10.205,85.3333333333,1.0,0.0166666666667,0.233333333333,239.5,0.8615,0.0,0.0,10736.8046875,43.5
2014.0,3.0,29.0,4.0,12.2341666667,54.0215,10.0466666667,86.425,1.0,0.0,0.0,200.166666667,0.914875,0.0,0.0,10736.8046875,45.125
2014.0,3.0,29.0,5.0,12.5941666667,54.6695,10.0108333333,84.2,1.0,0.166666666667,1.59166666667,210.416666667,0.860875,0.0,0.0,10736.8046875,47.7291666667
2014.0,3.0,29.0,6.0,12.185,53.933,8.89166666667,80.225,1.33333333333,0.75,3.825,208.916666667,0.92225,0.0,0.0,10736.8046875,47.2291666667
2014.0,3.0,29.0,7.0,11.6883333333,53.039,8.3375,79.85,15.25,0.8,4.39166666667,207.833333333,0.99675,0.0,0.0,10736.8046875,46.2291666667
2014.0,3.0,29.0,8.0,11.0208333333,51.8375,7.8625,80.8416666667,42.9166666667,0.591666666667,4.04166666667,217.75,1.096875,0.0,0.0,10736.8046875,42.3125
2014.0,3.0,29.0,9.0,9.08916666667,48.3605,8.04916666667,93.2333333333,40.5,0.533333333333,4.01666666667,226.0,1.386625,0.0,0.0,10736.8046875,31.4375
2014.0,3.0,29.0,10.0,8.46583333333,47.2385,8.45416666667,99.8666666667,71.9166666667,0.991666666667,5.63333333333,231.666666667,1.480125,0.0,0.0,10736.8046875,40.9791666667
2014.0,3.0,29.0,11.0,8.83083333333,47.8955,1.94583333333,63.3916666667,135.916666667,0.95,4.975,227.833333333,1.425375,0.0,0.0,10736.8046875,48.0833333333
2014.0,3.0,29.0,12.0,8.92833333333,48.071,-1.91666666667,47.1166666667,102.666666667,1.94166666667,6.68333333333,245.833333333,1.41075,0.0,0.0,10736.8046875,47.6666666667
2014.0,3.0,29.0,13.0,8.3725,47.0705,-42.4825,2.19166666667,97.9166666667,2.65833333333,7.79166666667,242.666666667,1.494125,0.0,0.0,10736.8046875,48.2708333333
2014.0,3.0,29.0,14.0,8.195,46.751,-44.9658333333,1.0,79.9166666667,2.225,7.4,242.416666667,1.52075,0.0,0.0,10736.8046875,47.8541666667
2014.0,3.0,29.0,15.0,8.35916666667,47.0465,-44.8658333333,1.0,61.8333333333,1.78333333333,6.95,247.916666667,1.496125,0.0,0.0,10736.8046875,46.375
2014.0,3.0,29.0,16.0,8.34083333333,47.0135,-44.8766666667,1.0,34.1666666667,1.04166666667,5.90833333333,251.75,1.498875,0.0,0.0,10736.8046875,46.375
2014.0,3.0,29.0,17.0,8.26666666667,46.88,-44.9225,1.0,16.75,0.683333333333,4.68333333333,236.333333333,1.51,0.0,0.0,10736.8046875,46.1666666667
2014.0,3.0,29.0,18.0,7.70916666667,45.8765,-45.2625,1.0,4.16666666667,1.11666666667,5.6,219.666666667,1.593625,0.0,0.0,10736.8046875,46.8125
2014.0,3.0,29.0,19.0,7.18583333333,44.9345,-45.5858333333,1.0,1.0,1.51666666667,6.14166666667,219.916666667,1.672125,0.0,0.0,10736.8046875,46.7291666667
2014.0,3.0,29.0,20.0,7.03916666667,44.6705,-45.6791666667,1.0,1.0,1.65833333333,6.6,217.083333333,1.694125,0.0,0.0,10736.8046875,46.0
2014.0,3.0,29.0,21.0,7.04,44.672,-45.6775,1.0,1.0,2.63333333333,7.95,204.333333333,1.694,0.0,0.0,10736.8046875,44.875
2014.0,3.0,29.0,22.0,7.00666666667,44.612,-45.6991666667,1.0,1.0,2.24166666667,6.99166666667,204.5,1.699,0.0,0.0,10736.8046875,43.0416666667
2014.0,3.0,29.0,23.0,7.47666666667,45.458,-45.4066666667,1.0,1.0,0.35,1.325,211.0,1.6285,0.0,0.0,10736.8046875,44.0208333333
2014.0,3.0,30.0,0.0,8.0425,46.4765,-45.0575,1.0,1.0,0.0,0.0,207.583333333,1.543625,0.0,0.0,10736.8046875,42.875
2014.0,3.0,30.0,1.0,8.44,47.192,-44.815,1.0,1.0,0.0,0.0,208.333333333,1.484,0.0,0.0,10736.8046875,42.8333333333
2014.0,3.0,30.0,2.0,8.67166666667,47.609,-44.67,1.0,1.0,0.0,0.0,193.333333333,1.44925,0.0,0.0,10736.8046875,43.0416666667
2014.0,3.0,30.0,3.0,8.33666666667,47.006,-44.8783333333,1.0,1.0,0.0,0.0,164.25,1.4995,0.0,0.0,10736.8046875,42.75
2014.0,3.0,30.0,4.0,8.16,46.688,-44.9875,1.0,1.0,0.0,0.0,179.75,1.526,0.0,0.0,10736.8046875,44.25
2014.0,3.0,30.0,5.0,8.3875,47.0975,-44.8466666667,1.0,1.0,0.0,0.0,175.916666667,1.491875,0.0,0.0,10736.8046875,46.875
2014.0,3.0,30.0,6.0,8.22333333333,46.802,-44.9491666667,1.0,1.16666666667,0.0,0.0,170.333333333,1.5165,0.0,0.0,10736.8046875,47.1041666667
2014.0,3.0,30.0,7.0,7.35083333333,45.2315,-45.4833333333,1.0,14.3333333333,0.0,0.0,172.75,1.647375,0.0,0.0,10736.8046875,46.3125
2014.0,3.0,30.0,8.0,7.11,44.798,-45.6358333333,1.0,31.25,0.0,0.0,177.416666667,1.6835,0.0,0.0,10736.8046875,44.5625
2014.0,3.0,30.0,9.0,7.29666666667,45.134,-45.5166666667,1.0,59.9166666667,0.0,0.0,177.5,1.6555,0.0,0.0,10736.8046875,44.125
2014.0,3.0,30.0,10.0,7.52583333333,45.5465,-45.3775,1.0,86.8333333333,0.0,0.0,180.166666667,1.621125,0.0,0.0,10736.8046875,44.7291666667
2014.0,3.0,30.0,11.0,7.585,45.653,-45.3408333333,1.0,80.25,0.0,0.0,175.583333333,1.61225,0.0,0.0,10736.8046875,44.4166666667
2014.0,3.0,30.0,12.0,7.44833333333,45.407,-45.4241666667,1.0,114.333333333,0.0,0.0,148.916666667,1.63275,0.0,0.0,10736.8046875,45.7916666667
2014.0,3.0,30.0,13.0,6.91583333333,44.4485,-45.7541666667,1.0,115.75,0.0,0.0,155.083333333,1.712625,0.0,0.0,10736.8046875,45.5625
2014.0,3.0,30.0,14.0,6.58083333333,43.8455,-42.685,4.075,113.166666667,0.0,0.0,149.583333333,1.762875,0.0,0.0,10736.8046875,45.5208333333
2014.0,3.0,30.0,15.0,6.17916666667,43.1225,-46.2083333333,1.0,52.5833333333,0.0,0.0,147.083333333,1.823125,0.0,0.0,10736.8046875,45.7291666667
2014.0,3.0,30.0,16.0,5.51833333333,41.933,-46.6133333333,1.0,50.6666666667,0.0,0.0,112.083333333,1.92225,0.0,0.0,10736.8046875,46.125
2014.0,3.0,30.0,17.0,5.195,41.351,-46.815,1.0,35.6666666667,0.0,0.0,119.083333333,1.97075,0.0,0.0,10736.8046875,46.3958333333
2014.0,3.0,30.0,18.0,4.83583333333,40.7045,-31.1533333333,26.4666666667,15.6666666667,0.0,0.0,119.25,2.024625,0.0,0.0,10736.8046875,46.5208333333
2014.0,3.0,30.0,19.0,4.845,40.721,4.60916666667,98.3583333333,1.08333333333,0.0,0.0,119.416666667,2.02325,0.0,0.0,10736.8046875,46.3541666667
2014.0,3.0,30.0,20.0,3.70083333333,38.6615,-25.255,33.5916666667,1.0,0.0,0.0,124.916666667,2.194875,0.0,0.0,10736.8046875,46.75
2014.0,3.0,30.0,21.0,2.79083333333,37.0235,-48.3066666667,1.0,1.0,0.516666666667,3.13333333333,122.583333333,2.331375,0.0,0.0,10736.8046875,45.0208333333
2014.0,3.0,30.0,22.0,2.39916666667,36.3185,-48.5508333333,1.0,1.0,1.76666666667,8.05833333333,125.416666667,2.390125,0.0,0.0,10736.8046875,43.2291666667
2014.0,3.0,30.0,23.0,2.97083333333,37.3475,-18.5725,41.275,1.0,1.575,7.08333333333,123.0,2.304375,0.0,0.0,10736.8046875,43.3541666667
2014.0,3.0,31.0,0.0,2.18333333333,35.93,2.1575,99.8166666667,1.0,1.18333333333,6.86666666667,119.583333333,2.4225,0.0,720.0,10736.8046875,42.8333333333
2014.0,3.0,31.0,1.0,2.7525,36.9545,2.53583333333,98.4916666667,1.0,1.4,6.51666666667,121.0,2.337125,0.0,720.0,10736.8046875,42.5
2014.0,3.0,31.0,2.0,2.99333333333,37.388,2.2625,94.9666666667,1.0,1.48333333333,6.175,123.25,2.301,0.0,720.0,10736.8046875,42.6666666667
2014.0,3.0,31.0,3.0,3.07333333333,37.532,1.1575,87.2333333333,1.0,1.60833333333,7.66666666667,122.25,2.289,0.0,720.0,10736.8046875,41.8125
2014.0,3.0,31.0,4.0,2.64416666667,36.7595,1.28,90.7166666667,1.0,1.5,6.525,117.083333333,2.353375,0.0,720.0,10736.8046875,43.7916666667
2014.0,3.0,31.0,5.0,2.745,36.941,1.18666666667,89.4916666667,1.0,1.35833333333,6.84166666667,117.583333333,2.33825,0.0,720.0,10736.8046875,46.0
2014.0,3.0,31.0,6.0,2.22166666667,35.999,2.0575,98.85,1.58333333333,0.591666666667,4.50833333333,125.416666667,2.41675,0.0,720.0,10736.8046875,45.8333333333
2014.0,3.0,31.0,7.0,3.08166666667,37.547,1.57083333333,89.9333333333,30.25,1.60833333333,7.24166666667,115.833333333,2.28775,0.0,720.0,10736.8046875,45.5833333333
2014.0,3.0,31.0,8.0,3.8175,38.8715,0.479166666667,78.8,87.9166666667,1.2,6.19166666667,136.0,2.177375,0.0,720.0,10736.8046875,45.9166666667
2014.0,3.0,31.0,9.0,5.56166666667,42.011,0.275,68.95,415.833333333,1.30833333333,6.83333333333,137.166666667,1.91575,0.0,720.0,10736.8046875,47.0833333333
2014.0,3.0,31.0,10.0,7.46083333333,45.4295,-0.035,59.075,690.083333333,2.46666666667,8.35833333333,144.666666667,1.630875,0.0,720.0,10736.8046875,49.9166666667
2014.0,3.0,31.0,11.0,9.2125,48.5825,-0.1875,51.825,771.416666667,1.68333333333,7.28333333333,146.416666667,1.368125,0.0,720.0,10736.8046875,0.208333333333
2014.0,3.0,31.0,12.0,10.1716666667,50.309,0.201666666667,49.9416666667,792.416666667,1.73333333333,7.75833333333,135.416666667,1.22425,0.0,720.0,10736.8046875,0.0
2014.0,4.0,6.0,13.0,13.6241666667,56.5235,-7.20583333333,22.8666666667,857.916666667,0.0666666666667,1.375,120.833333333,0.706375,0.0,0.0,10736.8046875,46.25
2014.0,4.0,6.0,14.0,15.4133333333,59.744,-5.96916666667,22.4083333333,784.166666667,0.225,1.83333333333,58.8333333333,0.438708333333,0.000708333333333,0.0,10736.8046875,47.4375
2014.0,4.0,6.0,15.0,16.6291666667,61.9325,-5.05083333333,22.2333333333,666.25,0.225,1.43333333333,157.75,0.255625,0.0,0.0,10736.8046875,48.2708333333
2014.0,4.0,6.0,16.0,17.4783333333,63.461,-4.49166666667,22.0,494.916666667,0.0333333333333,0.5,135.333333333,0.138916666667,0.0106666666667,0.0,10736.8046875,48.1875
2014.0,4.0,6.0,17.0,16.2916666667,61.325,-5.24916666667,22.425,225.25,0.0,0.275,304.333333333,0.30625,0.0,0.0,10736.8046875,48.1875
2014.0,4.0,6.0,18.0,15.6075,60.0935,-5.5525,22.85,140.666666667,0.0333333333333,0.691666666667,334.5,0.408875,0.0,0.0,10736.8046875,48.7708333333
2014.0,4.0,6.0,19.0,12.7966666667,55.034,-5.40333333333,27.725,3.0,0.0166666666667,0.233333333333,158.666666667,0.8305,0.0,0.0,10736.8046875,48.3125
2014.0,4.0,6.0,20.0,12.1391666667,53.8505,-4.3825,31.2333333333,1.0,0.133333333333,1.44166666667,57.1666666667,0.929125,0.0,0.0,10736.8046875,48.1458333333
2014.0,4.0,6.0,21.0,11.365,52.457,-3.74,34.4833333333,1.0,0.0333333333333,0.875,57.6666666667,1.04525,0.0,0.0,10736.8046875,46.7916666667
2014.0,4.0,6.0,22.0,9.26166666667,48.671,-1.6225,47.0416666667,1.0,0.15,1.6,307.916666667,1.36075,0.0,0.0,10736.8046875,44.25
2014.0,4.0,6.0,23.0,7.87416666667,46.1735,1.2925,63.1166666667,1.0,0.0,0.4,140.75,1.568875,0.0,0.0,10736.8046875,44.0
2014.0,4.0,7.0,0.0,7.13083333333,44.8355,1.5425,67.5833333333,1.0,0.0,0.0,56.4166666667,1.680375,0.0,720.0,10736.8046875,43.6666666667
2014.0,4.0,7.0,1.0,6.66333333333,43.994,1.8275,71.2166666667,1.0,0.0,0.0,239.583333333,1.7505,0.0,720.0,10736.8046875,44.1041666667
2014.0,4.0,7.0,2.0,6.07416666667,42.9335,2.18833333333,76.1333333333,1.0,0.0,0.0,315.666666667,1.838875,0.0,720.0,10736.8046875,43.1666666667
2014.0,4.0,7.0,3.0,5.7725,42.3905,2.1875,77.7083333333,1.0,0.0,0.0,297.75,1.884125,0.0,720.0,10736.8046875,42.375
2014.0,4.0,7.0,4.0,5.7325,42.3185,1.97,76.725,1.0,0.0,0.0,295.0,1.890125,0.0,720.0,10736.8046875,43.9375
2014.0,4.0,7.0,5.0,5.34583333333,41.6225,1.5975,76.7666666667,1.0,0.0,0.0166666666667,301.25,1.948125,0.0,720.0,10736.8046875,47.8541666667
2014.0,4.0,7.0,6.0,5.0125,41.0225,1.62,78.6666666667,8.33333333333,0.0,0.0,290.666666667,1.998125,0.0,720.0,10736.8046875,47.8958333333
2014.0,4.0,7.0,7.0,5.60083333333,42.0815,1.6725,75.7916666667,58.1666666667,0.0,0.0166666666667,296.666666667,1.909875,0.0,720.0,10736.8046875,47.8958333333
2014.0,4.0,7.0,8.0,6.52916666667,43.7525,1.11583333333,68.4333333333,114.333333333,0.0,0.0166666666667,284.583333333,1.770625,0.0,720.0,10736.8046875,47.7916666667
2014.0,4.0,7.0,9.0,8.00333333333,46.406,-0.0841666666667,56.6666666667,188.75,0.05,0.666666666667,226.0,1.5495,0.0,720.0,10736.8046875,50.3125
2014.0,4.0,7.0,10.0,8.75166666667,47.753,1.36416666667,59.8166666667,185.416666667,0.0166666666667,0.566666666667,219.666666667,1.43725,0.0,720.0,10736.8046875,51.3958333333
2014.0,4.0,7.0,11.0,8.75666666667,47.762,4.44333333333,74.425,179.333333333,0.0,0.366666666667,210.083333333,1.4365,0.0,720.0,10736.8046875,52.0833333333
2014.0,4.0,7.0,12.0,9.11833333333,48.413,5.48,77.9416666667,201.833333333,0.0666666666667,1.175,235.666666667,1.38225,0.0,720.0,10736.8046875,51.9375
2014.0,4.0,7.0,13.0,10.1808333333,50.3255,6.60583333333,78.425,168.083333333,0.375,3.18333333333,277.333333333,1.222875,0.0,720.0,10736.8046875,54.4791666667
2014.0,4.0,7.0,14.0,10.4208333333,50.7575,7.54416666667,82.3416666667,90.9166666667,0.708333333333,4.2,271.333333333,1.186875,0.0,720.0,10736.8046875,45.6923076923
2014.0,4.0,7.0,15.0,10.6583333333,51.185,8.21583333333,84.8,78.25,1.125,4.825,247.916666667,1.15125,0.0,720.0,10736.8046875,0.0
2014.0,4.0,7.0,16.0,9.89,49.802,8.64416666667,92.1083333333,17.3333333333,0.433333333333,3.075,210.083333333,1.2665,0.0,720.0,10736.8046875,0.0
2014.0,4.0,7.0,17.0,8.93333333333,48.08,8.94333333333,100.0,22.5833333333,1.45833333333,5.16666666667,216.333333333,1.41,0.0,720.0,10736.8046875,0.0
2014.0,4.0,7.0,18.0,9.10083333333,48.3815,9.11083333333,100.0,8.33333333333,1.24166666667,5.00833333333,227.833333333,1.384875,0.0,720.0,10736.8046875,0.0
2014.0,4.0,7.0,19.0,9.34333333333,48.818,9.35333333333,100.0,1.0,0.35,3.20833333333,224.333333333,1.3485,0.0,720.0,10736.8046875,0.0
2014.0,4.0,7.0,20.0,9.34166666667,48.815,9.35166666667,100.0,1.0,0.25,2.29166666667,215.5,1.34875,0.0,720.0,10736.8046875,0.0
2014.0,4.0,7.0,21.0,9.65166666667,49.373,9.66166666667,100.0,1.0,0.283333333333,2.48333333333,232.5,1.30225,0.0,720.0,10736.8046875,0.0
2014.0,4.0,7.0,22.0,9.72833333333,49.511,9.73833333333,100.0,1.0,0.0,0.425,214.666666667,1.29075,0.0,720.0,10736.8046875,0.0
2014.0,4.0,7.0,23.0,9.76333333333,49.574,9.77333333333,100.0,1.0,0.0,0.3,226.333333333,1.2855,0.0,720.0,10736.8046875,0.0
2014.0,4.0,8.0,0.0,10.245,50.441,10.255,100.0,1.0,0.0,0.0,296.416666667,1.21325,0.0,720.0,10736.8046875,0.0
2014.0,4.0,8.0,1.0,11.3816666667,52.487,11.3916666667,100.0,1.0,0.0,0.0,296.833333333,1.04275,0.0,720.0,10736.8046875,0.0
2014.0,4.0,8.0,2.0,12.6783333333,54.821,12.6941666667,100.0,1.0,0.0166666666667,0.625,330.333333333,0.84825,0.0,720.0,10736.8046875,0.0
2014.0,4.0,8.0,3.0,13.6466666667,56.564,13.6666666667,100.0,1.0,0.225,2.71666666667,154.25,0.703,0.0,720.0,10736.8046875,0.0
2014.0,4.0,8.0,4.0,13.825,56.885,13.845,100.0,1.0,0.408333333333,3.25833333333,94.0833333333,0.67625,0.0,720.0,10736.8046875,0.0
2014.0,4.0,8.0,5.0,13.7358333333,56.7245,13.7558333333,100.0,1.0,0.0,0.283333333333,95.1666666667,0.689625,0.0,720.0,10736.8046875,0.0
2014.0,4.0,8.0,6.0,13.82,56.876,13.84,100.0,1.83333333333,0.0833333333333,1.575,54.5833333333,0.677,0.0,720.0,10736.8046875,0.0
2014.0,4.0,8.0,7.0,13.9875,57.1775,14.0075,100.0,11.0,0.441666666667,3.65,54.5833333333,0.651875,0.0,720.0,10736.8046875,0.0
2014.0,4.0,8.0,8.0,14.1341666667,57.4415,14.14,99.9083333333,31.0,1.83333333333,6.58333333333,61.4166666667,0.629875,0.0,720.0,10736.8046875,0.0
2014.0,4.0,8.0,9.0,14.6625,58.3925,13.9408333333,95.4333333333,140.416666667,1.35833333333,5.925,63.5833333333,0.550625,0.0,720.0,10736.8046875,0.0
2014.0,4.0,8.0,10.0,15.8575,60.5435,13.1125,83.7333333333,289.583333333,1.5,5.75833333333,63.5833333333,0.371375,0.0,720.0,10736.8046875,0.0
2014.0,4.0,8.0,11.0,17.3975,63.3155,11.1975,67.0416666667,476.666666667,2.63333333333,7.46666666667,66.8333333333,0.140375,0.0,720.0,10736.8046875,0.0
2014.0,4.0,8.0,12.0,17.9108333333,64.2395,7.70083333333,51.2416666667,530.166666667,3.48333333333,9.45,68.3333333333,0.063375,0.0,720.0,10736.8046875,0.0
2014.0,4.0,8.0,13.0,18.5991666667,65.4785,5.92583333333,43.425,692.75,3.63333333333,9.48333333333,67.5833333333,0.012375,0.05225,720.0,10736.8046875,0.0
2014.0,4.0,8.0,14.0,17.865,64.157,5.135,43.025,482.666666667,4.09166666667,10.925,67.6666666667,0.0749166666667,0.00466666666667,720.0,10736.8046875,0.0
2014.0,4.0,8.0,15.0,17.735,63.923,4.4375,41.325,545.666666667,3.625,9.28333333333,68.25,0.0954583333333,0.00570833333333,720.0,10736.8046875,0.0
2014.0,4.0,8.0,16.0,17.4808333333,63.4655,4.20333333333,41.3333333333,424.75,2.71666666667,8.66666666667,71.4166666667,0.127875,0.0,720.0,10736.8046875,0.0
2014.0,4.0,8.0,17.0,16.8508333333,62.3315,3.50916666667,40.9416666667,312.833333333,2.225,8.08333333333,74.25,0.222375,0.0,720.0,10736.8046875,0.0
2014.0,4.0,8.0,18.0,15.9433333333,60.698,3.42416666667,43.1666666667,148.416666667,2.10833333333,7.15833333333,74.5,0.3585,0.0,720.0,10736.8046875,0.0
2014.0,4.0,8.0,19.0,13.865,56.957,3.705,50.275,7.16666666667,0.758333333333,4.4,81.0,0.67025,0.0,720.0,10736.8046875,0.0
2014.0,4.0,8.0,20.0,12.9841666667,55.3715,3.7975,53.5916666667,1.0,0.283333333333,3.05833333333,76.9166666667,0.802375,0.0,720.0,10736.8046875,0.0
2014.0,4.0,8.0,21.0,12.2191666667,53.9945,3.60416666667,55.5833333333,1.0,0.3,3.25833333333,86.1666666667,0.917125,0.0,720.0,10736.8046875,0.0
2014.0,4.0,8.0,22.0,11.2641666667,52.2755,3.17666666667,57.45,1.0,0.541666666667,4.56666666667,123.416666667,1.060375,0.0,720.0,10736.8046875,0.0
2014.0,4.0,8.0,23.0,10.2,50.36,2.97416666667,60.7833333333,1.0,0.0,0.141666666667,172.833333333,1.22,0.0,720.0,10736.8046875,0.0
2014.0,4.0,9.0,0.0,9.625,49.325,2.78083333333,62.3083333333,1.0,0.0,0.15,174.833333333,1.30625,0.0,720.0,10736.8046875,0.0
2014.0,4.0,9.0,1.0,9.415,48.947,2.78916666667,63.25,1.0,0.0333333333333,0.741666666667,125.083333333,1.33775,0.0,720.0,10736.8046875,0.0
2014.0,4.0,9.0,2.0,8.535,47.363,2.64916666667,66.4583333333,1.0,0.0,0.0666666666667,84.5,1.46975,0.0,720.0,10736.8046875,0.0
2014.0,4.0,9.0,3.0,8.10166666667,46.583,2.51666666667,67.7916666667,1.0,0.0,0.0,102.25,1.53475,0.0,720.0,10736.8046875,0.0
2014.0,4.0,9.0,4.0,7.5,45.5,2.5675,70.9,1.0,0.0,0.0,106.0,1.625,0.0,720.0,10736.8046875,0.0
2014.0,4.0,9.0,5.0,7.57416666667,45.6335,2.67416666667,71.0666666667,1.0,0.0,0.0,120.416666667,1.613875,0.0,720.0,10736.8046875,0.0
2014.0,4.0,9.0,6.0,7.54083333333,45.5735,2.54416666667,70.5916666667,15.25,0.0333333333333,0.491666666667,120.166666667,1.618875,0.0,720.0,10736.8046875,0.0
2014.0,4.0,9.0,7.0,9.49416666667,49.0895,2.13916666667,60.0916666667,160.25,0.65,3.94166666667,126.5,1.325875,0.0,720.0,10736.8046875,0.0
2014.0,4.0,9.0,8.0,11.285,52.313,2.03333333333,52.925,367.416666667,0.65,4.4,125.083333333,1.05725,0.0,720.0,10736.8046875,0.0
2014.0,4.0,9.0,9.0,12.7466666667,54.944,1.8675,47.525,535.583333333,0.641666666667,3.825,131.083333333,0.838,0.0,720.0,10736.8046875,0.0
2014.0,4.0,9.0,10.0,14.5325,58.1585,1.06416666667,40.0833333333,679.0,0.641666666667,3.78333333333,133.25,0.570125,0.0,720.0,10736.8046875,0.0
2014.0,4.0,9.0,11.0,16.4066666667,61.532,0.91,35.0166666667,797.833333333,0.683333333333,4.36666666667,99.5,0.289,0.0,720.0,10736.8046875,0.0
2014.0,4.0,9.0,12.0,16.8675,62.3615,0.2675,32.45,899.583333333,1.14166666667,5.39166666667,97.3333333333,0.219875,0.0,720.0,10736.8046875,0.0
2014.0,4.0,9.0,13.0,16.9308333333,62.4755,-0.851666666667,29.825,764.333333333,1.09166666667,6.125,88.25,0.210833333333,0.000458333333333,720.0,10736.8046875,0.0
2014.0,4.0,9.0,14.0,17.5591666667,63.6065,-1.39916666667,27.5416666667,659.583333333,1.19166666667,5.96666666667,106.0,0.127916666667,0.0117916666667,720.0,10736.8046875,0.0
2014.0,4.0,9.0,15.0,17.6775,63.8195,-2.03416666667,26.0583333333,450.166666667,1.55,6.66666666667,92.9166666667,0.115791666667,0.0174166666667,720.0,10736.8046875,0.0
2014.0,4.0,9.0,16.0,18.2975,64.9355,-2.77916666667,23.75,475.666666667,1.575,6.75,84.9166666667,0.0710416666667,0.0656666666667,720.0,10736.8046875,0.0
2014.0,4.0,9.0,17.0,18.23,64.814,-2.99666666667,23.45,265.333333333,1.10833333333,6.0,99.1666666667,0.0684166666667,0.0529166666667,720.0,10736.8046875,0.0
2014.0,4.0,9.0,18.0,17.0208333333,62.6375,-2.915,25.4583333333,103.25,0.558333333333,4.4,100.166666667,0.200208333333,0.00333333333333,720.0,10736.8046875,0.0
2014.0,4.0,9.0,19.0,15.1425,59.2565,-2.5675,29.4416666667,6.0,0.0166666666667,0.933333333333,121.833333333,0.478625,0.0,720.0,10736.8046875,0.0
2014.0,4.0,9.0,20.0,13.9908333333,57.1835,-1.88916666667,33.3416666667,1.0,0.533333333333,2.45,185.75,0.651375,0.0,720.0,10736.8046875,0.0
2014.0,4.0,9.0,21.0,12.6491666667,54.7685,-1.22333333333,38.1916666667,1.0,0.483333333333,3.11666666667,183.416666667,0.852625,0.0,720.0,10736.8046875,20.0625
2014.0,4.0,9.0,22.0,11.685,53.033,-1.2875,40.4916666667,1.0,0.266666666667,2.375,186.75,0.99725,0.0,720.0,10736.8046875,46.6666666667
2014.0,4.0,9.0,23.0,10.92,51.656,-1.49666666667,41.9583333333,1.0,0.1,1.2,187.166666667,1.112,0.0,720.0,10736.8046875,45.0625
2014.0,4.0,10.0,0.0,10.23,50.414,-1.32416666667,44.4916666667,1.0,0.0,0.2,178.083333333,1.2155,0.0,720.0,10736.8046875,44.5
2014.0,4.0,10.0,1.0,9.35833333333,48.845,-1.10833333333,47.9333333333,1.0,0.0,0.0166666666667,188.083333333,1.34625,0.0,720.0,10736.8046875,44.6458333333
2014.0,4.0,10.0,2.0,8.69416666667,47.6495,-1.50333333333,48.675,1.0,0.0,0.45,213.333333333,1.445875,0.0,720.0,10736.8046875,44.4583333333
2014.0,4.0,10.0,3.0,8.0,46.4,-1.77916666667,50.0166666667,1.0,0.0,0.0166666666667,212.5,1.55,0.0,720.0,10736.8046875,43.9791666667
2014.0,4.0,10.0,4.0,7.88416666667,46.1915,-1.44166666667,51.6833333333,1.0,0.0,0.141666666667,284.166666667,1.567375,0.0,720.0,10736.8046875,45.9375
2014.0,4.0,10.0,5.0,7.31583333333,45.1685,-1.19333333333,54.725,1.0,0.0,0.0,301.75,1.652625,0.0,720.0,10736.8046875,49.4166666667
2014.0,4.0,10.0,6.0,7.0425,44.6765,-1.26083333333,55.5083333333,16.0,0.0,0.0,298.083333333,1.693625,0.0,720.0,10736.8046875,49.2291666667
2014.0,4.0,10.0,7.0,9.71916666667,49.4945,-2.71,41.65,151.75,0.0333333333333,0.666666666667,307.75,1.292125,0.0,720.0,10736.8046875,50.4791666667
2014.0,4.0,10.0,8.0,12.0216666667,53.639,-1.62,38.6916666667,377.416666667,0.0833333333333,1.2,274.416666667,0.94675,0.0,720.0,10736.8046875,49.9583333333
2014.0,4.0,10.0,9.0,13.2966666667,55.934,0.369166666667,41.1666666667,553.75,0.333333333333,2.85833333333,53.75,0.7555,0.0,720.0,10736.8046875,52.9583333333
2014.0,4.0,10.0,10.0,14.3675,57.8615,0.495833333333,38.8166666667,701.5,0.5,4.075,48.1666666667,0.594875,0.0,720.0,10736.8046875,56.7291666667
2014.0,4.0,10.0,11.0,16.8191666667,62.2745,-0.0216666666667,31.8916666667,808.833333333,0.625,3.84166666667,54.0,0.227125,0.0,720.0,10736.8046875,56.8541666667
2014.0,4.0,10.0,12.0,17.5966666667,63.674,-0.164166666667,30.025,867.0,0.816666666667,4.575,124.083333333,0.110958333333,0.000458333333333,720.0,10736.8046875,56.25
2014.0,4.0,10.0,13.0,18.3075,64.9535,-0.470833333333,28.0833333333,850.416666667,0.975,5.175,57.8333333333,0.04025,0.036375,720.0,10736.8046875,56.2708333333
2014.0,4.0,10.0,14.0,19.5616666667,67.211,0.939166666667,28.7666666667,768.75,1.50833333333,6.74166666667,54.0833333333,0.0,0.18425,720.0,10736.8046875,55.1041666667
2014.0,4.0,10.0,15.0,20.2183333333,68.393,1.26166666667,28.2666666667,654.25,1.2,5.93333333333,53.3333333333,0.0,0.28275,720.0,10736.8046875,54.5625
2014.0,4.0,10.0,16.0,20.065,68.117,2.2225,30.575,505.25,1.1,5.325,130.75,0.0,0.25975,720.0,10736.8046875,52.9375
2014.0,4.0,10.0,17.0,19.3458333333,66.8225,2.34416666667,32.25,277.25,1.49166666667,6.65833333333,239.0,0.0,0.151875,720.0,10736.8046875,54.0208333333
2014.0,4.0,10.0,18.0,17.7841666667,64.0115,1.8675,34.4,113.25,1.225,5.775,318.333333333,0.115666666667,0.0332916666667,720.0,10736.8046875,53.9791666667
2014.0,4.0,10.0,19.0,15.6166666667,60.11,1.7,38.9666666667,5.83333333333,1.15,5.16666666667,347.25,0.4075,0.0,720.0,10736.8046875,52.9166666667
2014.0,4.0,10.0,20.0,14.3466666667,57.824,2.4325,44.575,1.0,0.7,4.375,343.083333333,0.598,0.0,720.0,10736.8046875,52.375
2014.0,4.0,10.0,21.0,13.7633333333,56.774,3.375,49.4333333333,1.0,0.6,4.14166666667,313.916666667,0.6855,0.0,720.0,10736.8046875,50.25
2014.0,4.0,10.0,22.0,13.91,57.038,2.44,45.825,1.0,0.4,3.88333333333,208.166666667,0.6635,0.0,720.0,10736.8046875,47.125
2014.0,4.0,10.0,23.0,13.3391666667,56.0105,2.25166666667,46.9583333333,1.0,0.2,2.80833333333,47.0833333333,0.749125,0.0,720.0,10736.8046875,46.2916666667
2014.0,4.0,11.0,0.0,12.95,55.31,3.28416666667,51.8083333333,1.0,0.258333333333,2.96666666667,122.416666667,0.8075,0.0,720.0,10736.8046875,44.7708333333
2014.0,4.0,11.0,1.0,12.6983333333,54.857,4.10833333333,55.8166666667,1.0,0.233333333333,2.81666666667,121.833333333,0.84525,0.0,720.0,10736.8046875,44.6666666667
2014.0,4.0,11.0,2.0,12.5791666667,54.6425,4.7625,58.875,1.0,0.0166666666667,0.625,97.9166666667,0.863125,0.0,720.0,10736.8046875,45.0416666667
2014.0,4.0,11.0,3.0,12.9366666667,55.286,5.31916666667,59.7916666667,1.0,0.15,1.76666666667,52.5,0.8095,0.0,720.0,10736.8046875,44.75
2014.0,4.0,11.0,4.0,13.3075,55.9535,6.39916666667,62.8833333333,1.0,0.3,3.01666666667,48.5,0.753875,0.0,720.0,10736.8046875,46.0208333333
2014.0,4.0,11.0,5.0,13.6541666667,56.5775,6.63583333333,62.4916666667,1.0,0.283333333333,2.78333333333,53.3333333333,0.701875,0.0,720.0,10736.8046875,49.8125
2014.0,4.0,11.0,6.0,13.8566666667,56.942,6.55916666667,61.35,15.25,0.15,1.86666666667,53.6666666667,0.6715,0.0,720.0,10736.8046875,50.4583333333
2014.0,4.0,11.0,7.0,14.5958333333,58.2725,6.24333333333,57.2416666667,97.3333333333,0.383333333333,2.91666666667,53.9166666667,0.560625,0.0,720.0,10736.8046875,50.0833333333
2014.0,4.0,11.0,8.0,16.2633333333,61.274,6.10333333333,51.0333333333,297.416666667,0.541666666667,3.36666666667,52.6666666667,0.3105,0.0,720.0,10736.8046875,48.8541666667
2014.0,4.0,11.0,9.0,18.3233333333,64.982,5.89583333333,44.1333333333,326.333333333,0.65,2.98333333333,54.8333333333,0.0507916666667,0.0492916666667,720.0,10736.8046875,51.5
2014.0,4.0,11.0,10.0,20.6075,69.0935,6.28083333333,39.2916666667,402.0,0.05,0.608333333333,92.4166666667,0.0,0.341125,720.0,10736.8046875,53.1041666667
2014.0,4.0,11.0,11.0,21.7791666667,71.2025,6.10083333333,36.125,501.083333333,0.116666666667,1.60833333333,71.75,0.0,0.516875,720.0,10736.8046875,53.0416666667
2014.0,4.0,11.0,12.0,23.7833333333,74.81,6.01166666667,31.8416666667,661.416666667,0.175,1.675,39.5,0.0,0.8175,720.0,10736.8046875,54.7916666667
2014.0,4.0,11.0,13.0,25.7216666667,78.299,5.96166666667,28.2416666667,788.416666667,0.325,2.875,52.3333333333,0.0,1.10825,720.0,10736.8046875,9.33333333333
2014.0,4.0,11.0,14.0,26.5516666667,79.793,5.77583333333,26.525,627.583333333,1.05833333333,5.13333333333,41.4166666667,0.0,1.23275,720.0,10736.8046875,0.0
2014.0,4.0,11.0,15.0,26.4691666667,79.6445,6.365,27.8,429.5,0.391666666667,3.69166666667,35.75,0.0,1.220375,720.0,10736.8046875,0.0
2014.0,4.0,11.0,16.0,24.7825,76.6085,6.355,30.65,178.25,0.458333333333,3.125,51.1666666667,0.0,0.967375,720.0,10736.8046875,0.0
2014.0,4.0,11.0,17.0,21.6775,71.0195,8.1225,42.5333333333,77.75,1.11666666667,5.825,94.5,0.0,0.501625,720.0,10736.8046875,0.0
2014.0,4.0,11.0,18.0,18.7208333333,65.6975,10.4908333333,58.7583333333,41.4166666667,1.0,5.3,114.5,0.0035,0.061625,720.0,10736.8046875,0.0
2014.0,4.0,11.0,19.0,17.64,63.752,10.8783333333,64.5166666667,4.66666666667,0.416666666667,3.73333333333,109.666666667,0.104,0.0,720.0,10736.8046875,0.0
2014.0,4.0,11.0,20.0,16.7025,62.0645,11.4108333333,70.9,1.0,0.158333333333,1.85,121.5,0.244625,0.0,720.0,10736.8046875,0.0
2014.0,4.0,11.0,21.0,16.3741666667,61.4735,11.9075,74.8166666667,1.0,0.0333333333333,0.6,100.666666667,0.293875,0.0,720.0,10736.8046875,0.0
2014.0,4.0,11.0,22.0,16.3725,61.4705,11.875,74.6416666667,1.0,0.0,0.0,98.9166666667,0.294125,0.0,720.0,10736.8046875,0.0
2014.0,4.0,11.0,23.0,16.6041666667,61.8875,11.7908333333,73.1416666667,1.0,0.0,0.0,61.0,0.259375,0.0,720.0,10736.8046875,0.0
2014.0,4.0,12.0,0.0,16.3058333333,61.3505,11.86,74.8916666667,1.0,0.0,0.0,64.9166666667,0.304125,0.0,0.0,10736.8046875,0.0
2014.0,4.0,12.0,1.0,15.7375,60.3275,11.9316666667,78.025,1.0,0.0,0.0,61.5,0.389375,0.0,0.0,10736.8046875,0.0
2014.0,4.0,12.0,2.0,15.0375,59.0675,11.9041666667,81.4583333333,1.0,0.0,0.0,80.25,0.494375,0.0,0.0,10736.8046875,0.0
2014.0,4.0,12.0,3.0,14.1033333333,57.386,11.805,85.975,1.0,0.0,0.375,105.583333333,0.6345,0.0,0.0,10736.8046875,0.0
2014.0,4.0,12.0,4.0,13.5325,56.3585,11.6275,88.175,1.0,0.0,0.191666666667,130.166666667,0.720125,0.0,0.0,10736.8046875,0.0
2014.0,4.0,12.0,5.0,12.85,55.13,10.8991666667,87.8583333333,1.0,0.0,0.158333333333,119.583333333,0.8225,0.0,0.0,10736.8046875,0.0
2014.0,4.0,12.0,6.0,12.4083333333,54.335,10.0366666667,85.4083333333,27.0,0.0,0.125,97.6666666667,0.88875,0.0,0.0,10736.8046875,0.0
2014.0,4.0,12.0,7.0,13.9375,57.0875,9.31083333333,73.7083333333,174.583333333,0.0333333333333,1.06666666667,114.666666667,0.659375,0.0,0.0,10736.8046875,0.0
2014.0,4.0,12.0,8.0,16.025,60.845,7.5825,57.4333333333,379.583333333,0.0833333333333,1.10833333333,175.583333333,0.34625,0.0,0.0,10736.8046875,0.0
2014.0,4.0,12.0,9.0,18.685,65.633,5.8925,43.1416666667,563.416666667,0.0,0.125,213.75,0.0100416666667,0.0627916666667,0.0,10736.8046875,0.0
2014.0,4.0,12.0,10.0,20.9258333333,69.6665,4.87,35.3666666667,711.583333333,0.0,0.108333333333,282.583333333,0.00508333333333,0.393958333333,0.0,10736.8046875,0.0
2014.0,4.0,12.0,11.0,22.4383333333,72.389,4.225,30.4916666667,806.416666667,0.0666666666667,0.875,242.083333333,0.0,0.61575,0.0,10736.8046875,0.0
2014.0,4.0,12.0,12.0,22.3283333333,72.191,3.47416666667,29.15,852.25,0.133333333333,1.75833333333,78.9166666667,0.0,0.59925,0.0,10736.8046875,0.0
2014.0,4.0,12.0,13.0,22.7,72.86,2.86083333333,27.25,854.916666667,0.216666666667,2.00833333333,190.083333333,0.0,0.655,0.0,10736.8046875,35.9166666667
2014.0,4.0,12.0,14.0,23.605,74.489,3.06333333333,26.2,766.0,0.391666666667,2.89166666667,162.333333333,0.0,0.79075,0.0,10736.8046875,48.25
2014.0,4.0,12.0,15.0,23.895,75.011,2.78583333333,25.2166666667,659.666666667,0.633333333333,3.89166666667,44.25,0.0,0.83425,0.0,10736.8046875,48.1041666667
2014.0,4.0,12.0,16.0,23.6083333333,74.495,3.0525,26.175,493.0,0.566666666667,3.20833333333,66.0,0.0,0.79125,0.0,10736.8046875,49.1875
2014.0,4.0,12.0,17.0,24.0208333333,75.2375,2.07333333333,23.7833333333,337.666666667,0.541666666667,3.20833333333,46.3333333333,0.0,0.853125,0.0,10736.8046875,49.0416666667
2014.0,4.0,12.0,18.0,22.5433333333,72.578,1.43583333333,24.8916666667,110.5,0.0833333333333,1.3,64.0,0.0,0.6315,0.0,10736.8046875,49.9375
2014.0,4.0,12.0,19.0,19.8575,67.7435,1.38166666667,29.3916666667,2.75,0.425,2.14166666667,49.3333333333,0.000416666666667,0.229041666667,0.0,10736.8046875,48.1666666667
2014.0,4.0,12.0,20.0,17.2533333333,63.056,3.74833333333,40.6083333333,1.0,0.258333333333,2.25833333333,93.75,0.162,0.0,0.0,10736.8046875,15.8958333333
2014.0,4.0,12.0,21.0,16.165,61.097,1.83666666667,37.9666666667,1.0,0.291666666667,2.85,347.416666667,0.32525,0.0,0.0,10736.8046875,0.0
2014.0,4.0,12.0,22.0,15.1525,59.2745,1.7625,40.325,1.0,0.1,1.48333333333,289.333333333,0.477125,0.0,0.0,10736.8046875,0.0
2014.0,4.0,12.0,23.0,14.2591666667,57.6665,3.74,49.25,1.0,0.15,1.90833333333,342.333333333,0.611125,0.0,0.0,10736.8046875,0.0
2014.0,4.0,13.0,0.0,13.4033333333,56.126,5.97333333333,60.7833333333,1.0,0.05,1.23333333333,337.5,0.7395,0.0,0.0,10736.8046875,0.0
2014.0,4.0,13.0,1.0,12.8441666667,55.1195,7.8475,71.6,1.0,0.15,2.23333333333,339.666666667,0.823375,0.0,0.0,10736.8046875,39.4375
2014.0,4.0,13.0,2.0,12.7991666667,55.0385,8.81416666667,76.65,1.0,0.116666666667,2.10833333333,338.833333333,0.830125,0.0,0.0,10736.8046875,43.0416666667
2014.0,4.0,13.0,3.0,13.055,55.499,9.37583333333,78.2833333333,1.0,0.0666666666667,1.38333333333,338.75,0.79175,0.0,0.0,10736.8046875,42.4583333333
2014.0,4.0,13.0,4.0,12.9816666667,55.367,9.58083333333,79.7583333333,1.0,0.0166666666667,0.408333333333,327.583333333,0.80275,0.0,0.0,10736.8046875,44.4791666667
2014.0,4.0,13.0,5.0,12.9533333333,55.316,10.3866666667,84.3666666667,1.0,0.0,0.783333333333,335.75,0.807,0.0,0.0,10736.8046875,47.3333333333
2014.0,4.0,13.0,6.0,12.8333333333,55.1,10.9583333333,88.3,28.6666666667,0.0333333333333,1.30833333333,335.666666667,0.825,0.0,0.0,10736.8046875,47.5833333333
2014.0,4.0,13.0,7.0,15.0175,59.0315,11.3075,78.5166666667,124.75,0.0333333333333,1.55833333333,342.0,0.497375,0.0,0.0,10736.8046875,47.2708333333
2014.0,4.0,13.0,8.0,18.2216666667,64.799,11.8225,66.275,342.333333333,0.0,0.666666666667,24.0833333333,0.0607083333333,0.0439583333333,0.0,10736.8046875,46.0208333333
2014.0,4.0,13.0,9.0,19.8683333333,67.763,12.1708333333,61.1416666667,501.166666667,0.216666666667,2.65,26.3333333333,0.0,0.23025,0.0,10736.8046875,46.25
2014.0,4.0,13.0,10.0,21.4625,70.6325,12.615,57.1916666667,573.166666667,0.291666666667,3.525,54.4166666667,0.0,0.469375,0.0,10736.8046875,47.5833333333
2014.0,4.0,13.0,11.0,23.5925,74.4665,12.6591666667,50.3416666667,688.666666667,0.433333333333,3.70833333333,32.5833333333,0.0,0.788875,0.0,10736.8046875,45.9166666667
2014.0,4.0,13.0,12.0,25.7916666667,78.425,12.9125,44.9083333333,750.333333333,0.425,3.61666666667,46.8333333333,0.0,1.11875,0.0,10736.8046875,46.5833333333
2014.0,4.0,13.0,13.0,27.5291666667,81.5525,12.6833333333,39.8833333333,726.666666667,0.816666666667,4.74166666667,22.5833333333,0.0,1.379375,0.0,10736.8046875,48.3125
2014.0,4.0,13.0,14.0,28.2875,82.9175,12.6541666667,38.0916666667,704.75,1.58333333333,6.69166666667,69.9166666667,0.0,1.493125,0.0,10736.8046875,48.5208333333
2014.0,4.0,13.0,15.0,28.865,83.957,12.2208333333,35.7833333333,615.833333333,2.13333333333,8.10833333333,67.5,0.0,1.57975,0.0,10736.8046875,48.7916666667
2014.0,4.0,13.0,16.0,27.9133333333,82.244,12.4625,38.4333333333,427.333333333,2.01666666667,8.1,265.833333333,0.0,1.437,0.0,10736.8046875,49.0625
2014.0,4.0,13.0,17.0,27.3308333333,81.1955,12.6091666667,40.1416666667,240.583333333,1.68333333333,7.38333333333,103.416666667,0.0,1.349625,0.0,10736.8046875,49.3958333333
2014.0,4.0,13.0,18.0,25.7566666667,78.362,13.355,46.375,105.333333333,0.775,5.0,101.0,0.0,1.1135,0.0,10736.8046875,50.2916666667
2014.0,4.0,13.0,19.0,23.0908333333,73.5635,13.8483333333,56.0666666667,5.66666666667,0.566666666667,4.33333333333,152.416666667,0.0,0.713625,0.0,10736.8046875,47.5416666667
2014.0,4.0,13.0,20.0,21.6233333333,70.922,14.3075,63.0416666667,1.0,1.0,5.275,236.333333333,0.0,0.4935,0.0,10736.8046875,47.7083333333
2014.0,4.0,13.0,21.0,20.5433333333,68.978,14.0525,66.275,1.0,0.725,4.58333333333,236.833333333,0.0,0.3315,0.0,10736.8046875,46.7916666667
2014.0,4.0,13.0,22.0,19.6625,67.3925,14.4191666667,71.6666666667,1.0,0.408333333333,3.875,96.9166666667,0.0,0.199375,0.0,10736.8046875,44.2916666667
2014.0,4.0,13.0,23.0,18.9725,66.1505,14.435,74.875,1.0,0.583333333333,4.45,17.9166666667,0.0,0.095875,0.0,10736.8046875,43.5
2014.0,4.0,14.0,0.0,18.49,65.282,14.8133333333,79.075,1.0,0.75,5.25833333333,14.6666666667,0.000833333333333,0.0243333333333,720.0,10736.8046875,42.8541666667
2014.0,4.0,14.0,1.0,18.2575,64.8635,15.145,81.9583333333,1.0,0.783333333333,5.00833333333,69.5,0.0121666666667,0.000791666666667,720.0,10736.8046875,43.1458333333
2014.0,4.0,14.0,2.0,18.2675,64.8815,15.2508333333,82.4666666667,1.0,0.958333333333,5.80833333333,17.0,0.00995833333333,8.33333333333e-05,720.0,10736.8046875,42.8541666667
2014.0,4.0,14.0,3.0,18.205,64.769,15.13,82.1583333333,1.0,0.816666666667,4.95,14.9166666667,0.0199583333333,0.000708333333333,720.0,10736.8046875,42.3541666667
2014.0,4.0,14.0,4.0,18.0241666667,64.4435,14.785,81.275,1.0,0.616666666667,4.69166666667,44.5833333333,0.046375,0.0,720.0,10736.8046875,44.6041666667
2014.0,4.0,14.0,5.0,17.78,64.004,14.2541666667,79.75,1.0,0.75,5.74166666667,44.0,0.083,0.0,720.0,10736.8046875,47.7083333333
2014.0,4.0,14.0,6.0,17.6733333333,63.812,14.1833333333,79.9,18.5,0.766666666667,5.05,16.6666666667,0.099,0.0,720.0,10736.8046875,47.0
2014.0,4.0,14.0,7.0,18.4708333333,65.2475,14.195,76.2166666667,110.333333333,0.625,4.71666666667,47.5833333333,0.046125,0.06675,720.0,10736.8046875,47.6875
2014.0,4.0,14.0,8.0,20.4725,68.8505,14.5125,68.6666666667,294.833333333,0.908333333333,5.48333333333,17.1666666667,0.0,0.320875,720.0,10736.8046875,49.1666666667
2014.0,4.0,14.0,9.0,21.9525,71.5145,15.0183333333,64.7083333333,351.416666667,1.575,7.06666666667,50.0,0.0,0.542875,720.0,10736.8046875,52.4791666667
2014.0,4.0,14.0,10.0,23.075,73.535,15.1933333333,61.2,453.666666667,1.40833333333,7.175,24.6666666667,0.0,0.71125,720.0,10736.8046875,55.0
2014.0,4.0,14.0,11.0,23.4683333333,74.243,14.9358333333,58.7166666667,388.916666667,1.775,8.46666666667,23.9166666667,0.0,0.77025,720.0,10736.8046875,54.9166666667
2014.0,4.0,14.0,12.0,24.28,75.704,14.4683333333,54.3583333333,447.416666667,1.96666666667,8.44166666667,17.8333333333,0.0,0.892,720.0,10736.8046875,54.9791666667
2014.0,4.0,14.0,13.0,25.1441666667,77.2595,13.7316666667,49.2416666667,476.666666667,1.38333333333,7.00833333333,38.4166666667,0.0,1.021625,720.0,10736.8046875,55.9166666667
2014.0,4.0,14.0,14.0,26.1141666667,79.0055,12.3525,42.4416666667,657.083333333,2.00833333333,8.26666666667,14.3333333333,0.0,1.167125,720.0,10736.8046875,53.2916666667
2014.0,4.0,14.0,15.0,26.5216666667,79.739,11.8175,39.9833333333,649.833333333,2.5,8.575,52.5833333333,0.0,1.22825,720.0,10736.8046875,52.875
2014.0,4.0,14.0,16.0,26.2016666667,79.163,12.3316666667,42.175,450.166666667,1.93333333333,8.05,25.4166666667,0.0,1.18025,720.0,10736.8046875,54.2291666667
2014.0,4.0,14.0,17.0,24.7766666667,76.598,12.9358333333,47.7666666667,219.416666667,2.25,7.71666666667,155.75,0.0,0.9665,720.0,10736.8046875,54.9166666667
2014.0,4.0,14.0,18.0,23.0741666667,73.5335,13.1075,53.4083333333,57.0,1.06666666667,5.79166666667,97.1666666667,0.0,0.711125,720.0,10736.8046875,54.6666666667
2014.0,4.0,14.0,19.0,21.4641666667,70.6355,13.2408333333,59.475,3.0,1.30833333333,5.3,293.583333333,0.0,0.469625,720.0,10736.8046875,53.3333333333
2014.0,4.0,14.0,20.0,20.1825,68.3285,14.43,69.4416666667,1.0,2.0,7.05,349.583333333,0.0,0.277375,720.0,10736.8046875,52.4583333333
2014.0,4.0,14.0,21.0,19.7125,67.4825,14.7408333333,72.925,1.0,1.96666666667,6.7,348.416666667,0.0,0.206875,720.0,10736.8046875,50.5
2014.0,4.0,14.0,22.0,19.6291666667,67.3325,14.9258333333,74.1833333333,1.0,0.775,4.83333333333,237.583333333,0.0,0.194375,720.0,10736.8046875,47.8541666667
2014.0,4.0,14.0,23.0,19.0575,66.3035,14.5308333333,74.9416666667,1.0,0.5,4.89166666667,212.666666667,0.0,0.108625,720.0,10736.8046875,46.8541666667
2014.0,4.0,15.0,0.0,18.8475,65.9255,14.8641666667,77.5916666667,1.0,0.641666666667,4.71666666667,68.75,0.0,0.077125,720.0,10736.8046875,3.85416666667
2014.0,4.0,15.0,1.0,18.56,65.408,15.6683333333,83.1666666667,1.0,0.983333333333,5.03333333333,348.166666667,0.0,0.034,720.0,10736.8046875,0.0
2014.0,4.0,15.0,2.0,18.4616666667,65.231,16.0891666667,86.0333333333,1.0,0.558333333333,4.34166666667,262.083333333,0.0205833333333,0.0398333333333,720.0,10736.8046875,0.0
2014.0,4.0,15.0,3.0,16.6966666667,62.054,16.4083333333,98.0833333333,1.0,0.708333333333,4.16666666667,350.25,0.2455,0.0,720.0,10736.8046875,0.0
2014.0,4.0,15.0,4.0,17.1491666667,62.8685,16.4533333333,95.5666666667,1.0,1.75833333333,6.275,290.833333333,0.177625,0.0,720.0,10736.8046875,0.0
2014.0,4.0,15.0,5.0,17.9,64.22,17.0458333333,94.6166666667,1.0,2.11666666667,6.85,322.333333333,0.065,0.0,720.0,10736.8046875,0.0
2014.0,4.0,15.0,6.0,18.4391666667,65.1905,17.4675,93.9416666667,6.5,2.55,7.24166666667,322.833333333,0.002,0.017875,720.0,10736.8046875,0.0
2014.0,4.0,15.0,7.0,18.8708333333,65.9675,17.5275,91.7833333333,35.0833333333,2.53333333333,7.64166666667,323.583333333,0.0,0.080625,720.0,10736.8046875,0.0
2014.0,4.0,15.0,8.0,19.1575,66.4835,17.4816666667,89.8916666667,60.6666666667,3.2,8.49166666667,352.666666667,0.0,0.123625,720.0,10736.8046875,0.0
2014.0,4.0,15.0,9.0,18.7208333333,65.6975,17.5691666667,92.9333333333,39.1666666667,2.90833333333,8.55833333333,322.75,0.01275,0.070875,720.0,10736.8046875,0.0
2014.0,4.0,15.0,10.0,17.85,64.13,17.7766666667,99.4166666667,44.6666666667,3.50833333333,9.44166666667,295.0,0.0725,0.0,720.0,10736.8046875,0.0
2014.0,4.0,15.0,11.0,17.9566666667,64.322,16.6341666667,92.6416666667,64.0833333333,2.275,7.225,323.666666667,0.0565,0.0,720.0,10736.8046875,0.0
2014.0,4.0,15.0,12.0,18.3366666667,65.006,7.70333333333,49.8833333333,54.1666666667,1.45,7.88333333333,267.666666667,0.0274166666667,0.0279166666667,720.0,10736.8046875,0.0
2014.0,4.0,15.0,13.0,19.9208333333,67.8575,17.2508333333,85.9083333333,146.0,1.35833333333,5.55,152.333333333,0.0,0.238125,720.0,10736.8046875,0.0
2014.0,4.0,15.0,14.0,21.1175,70.0115,17.585,80.1666666667,232.0,1.825,7.09166666667,46.8333333333,0.0,0.417625,720.0,10736.8046875,0.0
2014.0,4.0,15.0,15.0,18.345,65.021,-2.45,53.2333333333,101.833333333,1.83333333333,8.39166666667,41.6666666667,0.268666666667,0.270416666667,720.0,10736.8046875,0.0
2014.0,4.0,15.0,16.0,10.9458333333,51.7025,-43.275,1.0,26.6666666667,1.825,7.13333333333,112.25,1.108125,0.0,720.0,10736.8046875,0.0
2014.0,4.0,15.0,17.0,8.78916666667,47.8205,-44.6,1.0,25.8333333333,1.04166666667,5.45,104.166666667,1.431625,0.0,720.0,10736.8046875,0.0
2014.0,4.0,15.0,18.0,7.25666666667,45.062,-45.5425,1.0,6.25,1.78333333333,7.81666666667,130.0,1.6615,0.0,720.0,10736.8046875,0.0
2014.0,4.0,15.0,19.0,5.88333333333,42.59,-46.3908333333,1.0,1.0,1.78333333333,7.83333333333,132.25,1.8675,0.0,720.0,10736.8046875,0.0
2014.0,4.0,15.0,20.0,4.645,40.361,-47.1566666667,1.0,1.0,1.725,7.00833333333,125.333333333,2.05325,0.0,720.0,10736.8046875,0.0
2014.0,4.0,15.0,21.0,3.40333333333,38.126,-47.925,1.0,1.0,0.95,5.175,125.166666667,2.2395,0.0,720.0,10736.8046875,0.0
2014.0,4.0,15.0,22.0,2.74166666667,36.935,-48.3375,1.0,1.0,1.60833333333,6.58333333333,124.5,2.33875,0.0,720.0,10736.8046875,0.0
2014.0,4.0,15.0,23.0,1.98083333333,35.5655,-48.8075,1.0,1.0,1.125,5.45,132.25,2.452875,0.0,720.0,10736.8046875,0.0
2014.0,4.0,16.0,0.0,2.5975,36.6755,-15.3366666667,60.8333333333,1.0,1.18333333333,5.43333333333,124.75,2.360375,0.0,720.0,10736.8046875,0.0
2014.0,4.0,16.0,1.0,2.785,37.013,-0.936666666667,76.8166666667,1.0,1.725,6.8,117.0,2.33225,0.0,720.0,10736.8046875,0.0
2014.0,4.0,16.0,2.0,1.855,35.339,-3.99583333333,65.1916666667,1.0,2.125,8.71666666667,116.25,2.47175,0.0,720.0,10736.8046875,0.0
2014.0,4.0,16.0,3.0,0.6425,33.1565,-7.04,56.3916666667,1.0,2.525,9.49166666667,120.5,2.653625,0.0,720.0,10736.8046875,0.0
2014.0,4.0,16.0,4.0,-0.248333333333,31.553,-8.68833333333,52.9083333333,1.0,1.9,8.41666666667,120.0,2.78725,0.0,720.0,10736.8046875,0.0
2014.0,4.0,16.0,5.0,-0.805,30.551,-8.8125,54.5666666667,1.0,2.18333333333,7.35833333333,125.25,2.87075,0.0,720.0,10736.8046875,0.0
2014.0,4.0,16.0,6.0,-0.686666666667,30.764,-8.98583333333,53.4416666667,34.3333333333,1.54166666667,6.03333333333,121.333333333,2.853,0.0,720.0,10736.8046875,0.0
2014.0,4.0,16.0,7.0,0.988333333333,33.779,-10.3925,42.325,224.416666667,1.59166666667,6.96666666667,140.583333333,2.60175,0.0,720.0,10736.8046875,0.0
2014.0,4.0,16.0,8.0,1.04,33.872,-10.8808333333,40.525,413.25,3.28333333333,9.61666666667,125.833333333,2.594,0.0,720.0,10736.8046875,0.0
2014.0,4.0,16.0,9.0,2.25833333333,36.065,-10.3716666667,38.6833333333,594.5,2.25833333333,8.26666666667,129.333333333,2.41125,0.0,720.0,10736.8046875,0.0
2014.0,4.0,16.0,10.0,3.32416666667,37.9835,-9.38166666667,38.8583333333,742.166666667,2.16666666667,7.19166666667,132.166666667,2.251375,0.0,720.0,10736.8046875,0.0
2014.0,4.0,16.0,11.0,5.56333333333,42.014,-8.81083333333,34.6666666667,851.166666667,1.40833333333,6.475,122.0,1.9155,0.0,720.0,10736.8046875,0.0
2014.0,4.0,16.0,12.0,6.7825,44.2085,-8.45083333333,32.7666666667,913.5,1.66666666667,6.60833333333,157.416666667,1.732625,0.0,720.0,10736.8046875,0.0
2014.0,4.0,16.0,13.0,7.36,45.248,-7.8825,32.9333333333,896.083333333,1.625,6.3,140.916666667,1.646,0.0,720.0,10736.8046875,0.0
2014.0,4.0,16.0,14.0,8.995,48.191,-7.31666666667,30.825,812.916666667,1.14166666667,5.45833333333,150.083333333,1.40075,0.0,720.0,10736.8046875,0.0
2014.0,4.0,16.0,15.0,9.965,49.937,-6.63333333333,30.4166666667,691.75,1.0,5.33333333333,149.583333333,1.25525,0.0,720.0,10736.8046875,0.0
2014.0,4.0,16.0,16.0,9.56833333333,49.223,-6.47583333333,31.6333333333,533.666666667,1.29166666667,5.65833333333,150.5,1.31475,0.0,720.0,10736.8046875,0.0
2014.0,4.0,16.0,17.0,10.3883333333,50.699,-6.3725,30.1583333333,351.833333333,1.19166666667,5.50833333333,166.416666667,1.19175,0.0,720.0,10736.8046875,0.0
2014.0,4.0,16.0,18.0,9.3175,48.7715,-6.47583333333,32.15,147.75,0.808333333333,4.075,173.5,1.352375,0.0,720.0,10736.8046875,0.0
2014.0,4.0,16.0,19.0,6.955,44.519,-6.505,37.65,6.08333333333,0.408333333333,2.76666666667,175.833333333,1.70675,0.0,720.0,10736.8046875,0.0
2014.0,4.0,16.0,20.0,6.46416666667,43.6355,-6.85916666667,37.9,1.0,0.116666666667,1.325,179.25,1.780375,0.0,720.0,10736.8046875,0.0
2014.0,4.0,16.0,21.0,6.015,42.827,-6.35166666667,40.6333333333,1.0,0.0333333333333,0.516666666667,173.916666667,1.84775,0.0,720.0,10736.8046875,0.0
2014.0,4.0,16.0,22.0,5.5025,41.9045,-6.23333333333,42.4916666667,1.0,0.0,0.1,167.0,1.924625,0.0,720.0,10736.8046875,0.0
2014.0,4.0,16.0,23.0,5.0475,41.0855,-6.30833333333,43.6,1.0,0.0,0.491666666667,182.916666667,1.992875,0.0,720.0,10736.8046875,0.0
2014.0,4.0,17.0,0.0,4.6125,40.3025,-6.86833333333,43.0583333333,1.0,0.225,2.03333333333,190.916666667,2.058125,0.0,720.0,10736.8046875,0.0
2014.0,4.0,17.0,1.0,4.115,39.407,-7.01666666667,44.0916666667,1.0,0.241666666667,2.525,213.583333333,2.13275,0.0,720.0,10736.8046875,0.0
2014.0,4.0,17.0,2.0,3.58916666667,38.4605,-5.925,49.75,1.0,0.0166666666667,1.1,210.333333333,2.211625,0.0,720.0,10736.8046875,0.0
2014.0,4.0,17.0,3.0,3.05583333333,37.5005,-6.15083333333,50.7666666667,1.0,0.291666666667,2.45,204.5,2.291625,0.0,720.0,10736.8046875,0.0
2014.0,4.0,17.0,4.0,2.5525,36.5945,-6.79666666667,50.075,1.0,0.2,2.19166666667,212.666666667,2.367125,0.0,720.0,10736.8046875,14.3333333333
2014.0,4.0,17.0,5.0,2.23333333333,36.02,-6.21333333333,53.575,1.0,0.441666666667,2.91666666667,214.583333333,2.415,0.0,720.0,10736.8046875,42.0416666667
2014.0,4.0,17.0,6.0,2.59416666667,36.6695,-5.7625,54.075,38.3333333333,0.233333333333,2.39166666667,206.083333333,2.360875,0.0,720.0,10736.8046875,42.2083333333
2014.0,4.0,17.0,7.0,5.28333333333,41.51,-4.6325,48.75,219.666666667,0.258333333333,2.56666666667,218.666666667,1.9575,0.0,720.0,10736.8046875,43.5625
2014.0,4.0,17.0,8.0,7.21583333333,44.9885,-2.63083333333,49.6,397.833333333,0.841666666667,4.49166666667,239.083333333,1.667625,0.0,720.0,10736.8046875,41.6666666667
2014.0,4.0,17.0,9.0,7.70083333333,45.8615,-1.52333333333,52.1833333333,361.0,0.675,3.95,258.0,1.594875,0.0,720.0,10736.8046875,45.7291666667
2014.0,4.0,17.0,10.0,9.2125,48.5825,-2.05,45.3916666667,627.25,0.575,3.99166666667,256.083333333,1.368125,0.0,720.0,10736.8046875,47.875
2014.0,4.0,17.0,11.0,10.8625,51.5525,-3.29083333333,36.9166666667,843.166666667,0.75,3.56666666667,282.583333333,1.120625,0.0,720.0,10736.8046875,48.4791666667
2014.0,4.0,17.0,12.0,11.5141666667,52.7255,-2.78083333333,36.6916666667,927.416666667,0.591666666667,3.76666666667,279.0,1.022875,0.0,720.0,10736.8046875,48.9791666667
2014.0,4.0,17.0,13.0,11.7766666667,53.198,-2.355,37.2333333333,940.75,0.8,4.51666666667,293.166666667,0.9835,0.0,720.0,10736.8046875,49.1041666667
2014.0,4.0,17.0,14.0,12.6916666667,54.845,-1.81,36.575,809.25,0.391666666667,3.19166666667,267.333333333,0.84625,0.0,720.0,10736.8046875,48.1666666667
2014.0,4.0,17.0,15.0,12.1675,53.9015,-1.555,38.55,577.25,0.541666666667,3.23333333333,266.25,0.924875,0.0,720.0,10736.8046875,47.6875
2014.0,4.0,17.0,16.0,11.005,51.809,-1.2675,42.5,500.583333333,0.725,4.45,258.333333333,1.09925,0.0,720.0,10736.8046875,49.2916666667
2014.0,4.0,17.0,17.0,10.4475,50.8055,-1.27166666667,44.1,319.666666667,0.633333333333,3.9,264.083333333,1.182875,0.0,720.0,10736.8046875,50.25
2014.0,4.0,17.0,18.0,9.135,48.443,-2.0525,45.4666666667,149.75,0.558333333333,3.7,268.833333333,1.37975,0.0,720.0,10736.8046875,48.4583333333
2014.0,4.0,17.0,19.0,6.0725,42.9305,-1.31166666667,59.1166666667,9.5,0.6,3.2,287.166666667,1.839125,0.0,720.0,10736.8046875,46.5625
2014.0,4.0,17.0,20.0,5.02,41.036,-0.9675,65.2166666667,1.0,0.425,3.29166666667,276.333333333,1.997,0.0,720.0,10736.8046875,45.2291666667
2014.0,4.0,17.0,21.0,4.07083333333,39.3275,-0.8575,70.25,1.0,0.491666666667,3.78333333333,271.25,2.139375,0.0,720.0,10736.8046875,43.8333333333
2014.0,4.0,17.0,22.0,3.54416666667,38.3795,-0.36,75.5833333333,1.0,0.5,3.11666666667,244.666666667,2.218375,0.0,720.0,10736.8046875,42.1875
2014.0,4.0,17.0,23.0,3.7275,38.7095,0.0758333333333,77.0166666667,1.0,0.0666666666667,1.18333333333,232.083333333,2.190875,0.0,720.0,10736.8046875,40.9583333333
2014.0,4.0,18.0,0.0,4.11416666667,39.4055,-0.155,73.7166666667,1.0,0.166666666667,1.46666666667,245.25,2.132875,0.0,720.0,10736.8046875,39.0833333333
2014.0,4.0,18.0,1.0,3.94833333333,39.107,-0.7625,71.3333333333,1.0,0.233333333333,2.44166666667,259.0,2.15775,0.0,720.0,10736.8046875,38.5833333333
2014.0,4.0,18.0,2.0,3.7775,38.7995,-0.7525,72.25,1.0,0.125,1.86666666667,253.416666667,2.183375,0.0,720.0,10736.8046875,38.4791666667
2014.0,4.0,18.0,3.0,3.76,38.768,-0.683333333333,72.7,1.0,0.283333333333,2.25,227.416666667,2.186,0.0,720.0,10736.8046875,38.25
2014.0,4.0,18.0,4.0,3.63,38.534,-0.748333333333,73.025,1.0,0.1,1.81666666667,233.916666667,2.2055,0.0,720.0,10736.8046875,39.9166666667
2014.0,4.0,18.0,5.0,3.57083333333,38.4275,-0.919166666667,72.4166666667,1.08333333333,0.0666666666667,1.225,226.083333333,2.214375,0.0,720.0,10736.8046875,41.9375
2014.0,4.0,18.0,6.0,3.7525,38.7545,-0.8125,72.0666666667,19.0,0.0333333333333,0.866666666667,228.166666667,2.187125,0.0,720.0,10736.8046875,42.5208333333
2014.0,4.0,18.0,7.0,4.58833333333,40.259,-0.635833333333,68.8416666667,86.6666666667,0.0,0.325,255.333333333,2.06175,0.0,720.0,10736.8046875,42.5625
2014.0,4.0,18.0,8.0,5.56916666667,42.0245,-0.585833333333,64.5666666667,192.916666667,0.0333333333333,0.95,257.416666667,1.914625,0.0,720.0,10736.8046875,41.125
2014.0,4.0,18.0,9.0,6.71833333333,44.093,-0.65,59.3666666667,346.833333333,0.25,2.425,221.416666667,1.74225,0.0,720.0,10736.8046875,42.9583333333
2014.0,4.0,18.0,10.0,8.2525,46.8545,-0.605833333333,53.6166666667,484.5,0.2,1.89166666667,253.416666667,1.512125,0.0,720.0,10736.8046875,50.0625
2014.0,4.0,18.0,11.0,8.78083333333,47.8055,-0.47,52.225,518.583333333,0.0833333333333,1.16666666667,222.083333333,1.432875,0.0,720.0,10736.8046875,53.375
2014.0,4.0,18.0,12.0,10.9566666667,51.722,-0.613333333333,44.8166666667,694.166666667,0.075,0.816666666667,253.416666667,1.1065,0.0,720.0,10736.8046875,55.0833333333
2014.0,4.0,18.0,13.0,11.7083333333,53.075,-0.734166666667,42.1333333333,657.916666667,0.0,0.225,218.916666667,0.99375,0.0,720.0,10736.8046875,55.6041666667
2014.0,4.0,18.0,14.0,13.3891666667,56.1005,-0.6925,37.875,640.75,0.0,0.375,222.5,0.741625,0.0,720.0,10736.8046875,55.625
2014.0,4.0,18.0,15.0,14.205,57.569,-0.338333333333,36.8583333333,561.583333333,0.0166666666667,0.616666666667,280.5,0.61925,0.0,720.0,10736.8046875,55.2083333333
2014.0,4.0,18.0,16.0,14.9666666667,58.94,0.0733333333333,36.1583333333,464.833333333,0.0,0.141666666667,220.166666667,0.505,0.0,720.0,10736.8046875,56.1875
2014.0,4.0,18.0,17.0,13.6866666667,56.636,0.506666666667,40.5583333333,265.5,0.0833333333333,0.891666666667,82.4166666667,0.697,0.0,720.0,10736.8046875,55.8125
2014.0,4.0,18.0,18.0,12.0541666667,53.6975,0.886666666667,46.3416666667,80.75,0.0,0.2,233.0,0.941875,0.0,720.0,10736.8046875,54.875
2014.0,4.0,18.0,19.0,11.2408333333,52.2335,1.2875,50.2833333333,4.75,0.0,0.0,107.0,1.063875,0.0,720.0,10736.8046875,52.6458333333
2014.0,4.0,18.0,20.0,10.7891666667,51.4205,2.265,55.7916666667,1.0,0.0166666666667,0.358333333333,193.0,1.131625,0.0,720.0,10736.8046875,51.2708333333
2014.0,4.0,18.0,21.0,9.16166666667,48.491,4.1675,70.9333333333,1.0,0.15,1.74166666667,299.916666667,1.37575,0.0,720.0,10736.8046875,48.5416666667
2014.0,4.0,18.0,22.0,7.77416666667,45.9935,4.56833333333,80.1416666667,1.0,0.75,4.19166666667,60.4166666667,1.583875,0.0,720.0,10736.8046875,46.0
2014.0,4.0,18.0,23.0,7.41333333333,45.344,4.90416666667,84.0666666667,1.0,0.0833333333333,1.55833333333,56.75,1.638,0.0,720.0,10736.8046875,44.9791666667
2014.0,4.0,19.0,0.0,7.115,44.807,5.02083333333,86.4833333333,1.0,0.0,0.708333333333,64.8333333333,1.68275,0.0,0.0,10736.8046875,22.5833333333
2014.0,4.0,19.0,1.0,6.55166666667,43.793,4.79833333333,88.5166666667,1.0,0.116666666667,1.79166666667,55.9166666667,1.76725,0.0,0.0,10736.8046875,0.0
2014.0,4.0,19.0,2.0,6.20083333333,43.1615,4.75333333333,90.4,1.0,0.116666666667,1.34166666667,57.75,1.819875,0.0,0.0,10736.8046875,0.0
2014.0,4.0,19.0,3.0,6.09583333333,42.9725,4.80583333333,91.4,1.0,0.0,0.108333333333,50.9166666667,1.835625,0.0,0.0,10736.8046875,0.0
2014.0,4.0,19.0,4.0,5.96583333333,42.7385,4.90333333333,92.8666666667,1.0,0.0,0.0,59.1666666667,1.855125,0.0,0.0,10736.8046875,0.0
2014.0,4.0,19.0,5.0,6.17583333333,43.1165,4.8625,91.2583333333,1.0,0.0,0.0,60.6666666667,1.823625,0.0,0.0,10736.8046875,0.0
2014.0,4.0,19.0,6.0,6.7625,44.1725,4.56916666667,85.9666666667,37.5,0.0,0.0,73.6666666667,1.735625,0.0,0.0,10736.8046875,0.0
2014.0,4.0,19.0,7.0,8.97166666667,48.149,3.31666666667,67.7416666667,159.833333333,0.0,0.158333333333,128.833333333,1.40425,0.0,0.0,10736.8046875,0.0
2014.0,4.0,19.0,8.0,11.5258333333,52.7465,3.03083333333,55.925,306.833333333,0.275,2.05,150.25,1.021125,0.0,0.0,10736.8046875,0.0
2014.0,4.0,19.0,9.0,14.5675,58.2215,3.1775,46.5583333333,494.75,0.133333333333,1.40833333333,159.166666667,0.564875,0.0,0.0,10736.8046875,0.0
2014.0,4.0,19.0,10.0,16.7733333333,62.192,2.17083333333,37.5833333333,704.166666667,0.191666666667,1.81666666667,159.5,0.234,0.0,0.0,10736.8046875,0.0
2014.0,4.0,19.0,11.0,18.7866666667,65.816,0.2325,28.7333333333,779.916666667,0.608333333333,3.85,165.833333333,0.007875,0.075875,0.0,10736.8046875,0.0
2014.0,4.0,19.0,12.0,19.6308333333,67.3355,0.188333333333,27.125,870.75,0.766666666667,4.51666666667,140.166666667,0.0,0.194625,0.0,10736.8046875,0.0
2014.0,4.0,19.0,13.0,20.2608333333,68.4695,0.221666666667,26.1666666667,853.083333333,0.658333333333,3.95833333333,174.333333333,0.0,0.289125,0.0,10736.8046875,0.0
2014.0,4.0,19.0,14.0,21.1016666667,69.983,-2.215,20.8666666667,738.833333333,0.491666666667,3.18333333333,144.25,0.0,0.41525,0.0,10736.8046875,0.0
2014.0,4.0,19.0,15.0,20.5341666667,68.9615,-4.69666666667,17.875,565.75,1.10833333333,5.175,178.083333333,0.0,0.330125,0.0,10736.8046875,0.0
2014.0,4.0,19.0,16.0,20.2825,68.5085,-3.58333333333,19.7416666667,429.166666667,0.433333333333,3.25,171.166666667,0.0,0.292375,0.0,10736.8046875,0.0
2014.0,4.0,19.0,17.0,19.5558333333,67.2005,-3.43583333333,20.8583333333,265.083333333,0.441666666667,3.24166666667,179.583333333,0.0,0.183375,0.0,10736.8046875,0.0
2014.0,4.0,19.0,18.0,18.4866666667,65.276,-3.0475,22.9666666667,108.416666667,0.141666666667,1.8,168.666666667,0.0185416666667,0.0415416666667,0.0,10736.8046875,0.0
2014.0,4.0,19.0,19.0,17.0741666667,62.7335,-2.71833333333,25.7166666667,9.0,0.0666666666667,0.791666666667,136.083333333,0.188875,0.0,0.0,10736.8046875,0.0
2014.0,4.0,19.0,20.0,16.1833333333,61.13,-2.29166666667,28.0916666667,1.0,0.0,0.308333333333,142.916666667,0.3225,0.0,0.0,10736.8046875,0.0
2014.0,4.0,19.0,21.0,14.4616666667,58.031,0.645,39.5,1.0,0.0666666666667,0.808333333333,263.833333333,0.58075,0.0,0.0,10736.8046875,0.0
2014.0,4.0,19.0,22.0,13.0475,55.4855,0.630833333333,42.5833333333,1.0,0.0,0.0,306.5,0.792875,0.0,0.0,10736.8046875,0.0
2014.0,4.0,19.0,23.0,12.2866666667,54.116,1.76916666667,48.6166666667,1.0,0.0,0.0,240.75,0.907,0.0,0.0,10736.8046875,0.0
2014.0,4.0,20.0,0.0,11.865,53.357,3.00833333333,54.5583333333,1.0,0.0,0.0,146.166666667,0.97025,0.0,0.0,10736.8046875,0.0
2014.0,4.0,20.0,1.0,11.5741666667,52.8335,2.0,51.7666666667,1.0,0.0166666666667,0.333333333333,184.416666667,1.013875,0.0,0.0,10736.8046875,0.0
2014.0,4.0,20.0,2.0,11.1916666667,52.145,-0.635,43.9,1.0,0.241666666667,2.50833333333,213.75,1.07125,0.0,0.0,10736.8046875,0.0
2014.0,4.0,20.0,3.0,10.565,51.017,-1.49833333333,42.9416666667,1.0,0.341666666667,3.05833333333,200.333333333,1.16525,0.0,0.0,10736.8046875,0.0
2014.0,4.0,20.0,4.0,10.0925,50.1665,-1.75083333333,43.5083333333,1.0,0.608333333333,3.60833333333,204.0,1.236125,0.0,0.0,10736.8046875,0.0
2014.0,4.0,20.0,5.0,9.6225,49.3205,-0.38,49.7666666667,1.0,1.30833333333,5.64166666667,223.5,1.306625,0.0,0.0,10736.8046875,0.0
2014.0,4.0,20.0,6.0,8.85416666667,47.9375,2.03,62.225,31.0,1.36666666667,5.54166666667,240.75,1.421875,0.0,0.0,10736.8046875,0.0
2014.0,4.0,20.0,7.0,8.9225,48.0605,0.7825,56.6666666667,121.666666667,1.23333333333,5.675,236.5,1.411625,0.0,0.0,10736.8046875,0.0
2014.0,4.0,20.0,8.0,9.91666666667,49.85,-1.09583333333,46.2666666667,267.333333333,1.49166666667,5.95833333333,239.583333333,1.2625,0.0,0.0,10736.8046875,16.0625
2014.0,4.0,20.0,9.0,11.67,53.006,-1.47166666667,40.0416666667,464.75,0.858333333333,4.53333333333,244.166666667,0.9995,0.0,0.0,10736.8046875,39.0625
2014.0,4.0,20.0,10.0,13.2725,55.8905,-1.62083333333,35.725,729.083333333,0.808333333333,5.20833333333,256.666666667,0.759125,0.0,0.0,10736.8046875,40.0
2014.0,4.0,20.0,11.0,14.4358333333,57.9845,-1.52,33.2916666667,822.083333333,0.65,4.13333333333,243.083333333,0.584625,0.0,0.0,10736.8046875,41.2291666667
2014.0,4.0,20.0,12.0,15.5633333333,60.014,-1.5725,30.8583333333,913.416666667,0.541666666667,3.2,253.083333333,0.4155,0.0,0.0,10736.8046875,41.4791666667
2014.0,4.0,20.0,13.0,15.8075,60.4535,-1.57416666667,30.3666666667,907.25,0.658333333333,4.11666666667,240.666666667,0.378875,0.0,0.0,10736.8046875,41.7083333333
2014.0,4.0,20.0,14.0,16.8675,62.3615,-1.0175,29.55,832.416666667,0.433333333333,3.35,234.25,0.219875,0.0,0.0,10736.8046875,42.6041666667
2014.0,4.0,20.0,15.0,16.8191666667,62.2745,-1.1325,29.3833333333,685.5,0.441666666667,3.625,255.833333333,0.227125,0.0,0.0,10736.8046875,41.7916666667
2014.0,4.0,20.0,16.0,15.0608333333,59.1095,-1.59666666667,31.8333333333,450.75,0.458333333333,3.39166666667,254.833333333,0.490875,0.0,0.0,10736.8046875,43.2291666667
2014.0,4.0,20.0,17.0,15.6508333333,60.1715,-1.995,29.7083333333,370.25,0.358333333333,2.88333333333,266.333333333,0.402375,0.0,0.0,10736.8046875,44.375
2014.0,4.0,20.0,18.0,13.8058333333,56.8505,-1.84,33.9666666667,189.25,0.558333333333,3.50833333333,284.416666667,0.679125,0.0,0.0,10736.8046875,44.4791666667
2014.0,4.0,20.0,19.0,10.1541666667,50.2775,-1.88333333333,42.9166666667,10.0,0.458333333333,3.3,277.916666667,1.226875,0.0,0.0,10736.8046875,43.2083333333
2014.0,4.0,20.0,20.0,8.9075,48.0335,-3.01666666667,42.9,1.0,0.0666666666667,1.45,248.75,1.413875,0.0,0.0,10736.8046875,43.6666666667
2014.0,4.0,20.0,21.0,8.22,46.796,-3.8825,42.125,1.0,0.15,1.95,237.416666667,1.517,0.0,0.0,10736.8046875,42.7083333333
2014.0,4.0,20.0,22.0,7.57166666667,45.629,-4.92833333333,40.6916666667,1.0,0.1,1.44166666667,229.5,1.61425,0.0,0.0,10736.8046875,40.4791666667
2014.0,4.0,20.0,23.0,7.0875,44.7575,-5.84833333333,39.2166666667,1.0,0.0666666666667,1.18333333333,218.5,1.686875,0.0,0.0,10736.8046875,39.5625
2014.0,4.0,21.0,0.0,6.69666666667,44.054,-5.44583333333,41.5583333333,1.0,0.0333333333333,0.833333333333,198.75,1.7455,0.0,720.0,10736.8046875,3.25
2014.0,4.0,21.0,1.0,6.3025,43.3445,-4.94833333333,44.3333333333,1.0,0.0,0.583333333333,194.666666667,1.804625,0.0,720.0,10736.8046875,0.0
2014.0,4.0,21.0,2.0,6.02833333333,42.851,-4.23416666667,47.6916666667,1.0,0.0,0.375,190.583333333,1.84575,0.0,720.0,10736.8046875,0.0
2014.0,4.0,21.0,3.0,5.6025,42.0845,-3.38333333333,52.4083333333,1.0,0.0,0.0666666666667,171.75,1.909625,0.0,720.0,10736.8046875,0.0
2014.0,4.0,21.0,4.0,5.305,41.549,-2.48916666667,57.1333333333,1.0,0.0,0.0666666666667,190.333333333,1.95425,0.0,720.0,10736.8046875,0.0
2014.0,4.0,21.0,5.0,4.83083333333,40.6955,-1.95583333333,61.4166666667,1.16666666667,0.0,0.158333333333,163.0,2.025375,0.0,720.0,10736.8046875,0.0
2014.0,4.0,21.0,6.0,5.89416666667,42.6095,-1.765,58.0083333333,56.5,0.0,0.183333333333,164.666666667,1.865875,0.0,720.0,10736.8046875,0.0
2014.0,4.0,21.0,7.0,8.79833333333,47.837,-1.59666666667,48.1166666667,236.75,0.0333333333333,1.03333333333,186.25,1.43025,0.0,720.0,10736.8046875,0.0
2014.0,4.0,21.0,8.0,11.4358333333,52.5845,-1.5725,40.3666666667,424.583333333,0.0,0.341666666667,194.833333333,1.034625,0.0,720.0,10736.8046875,0.0
2014.0,4.0,21.0,9.0,14.04,57.272,-0.985,35.5083333333,604.0,0.0,0.05,192.583333333,0.644,0.0,720.0,10736.8046875,0.0
2014.0,4.0,21.0,10.0,15.4875,59.8775,-0.698333333333,33.2333333333,753.666666667,0.0,0.116666666667,192.333333333,0.426875,0.0,720.0,10736.8046875,0.0
2014.0,4.0,21.0,11.0,19.335,66.803,-2.67166666667,22.6833333333,866.666666667,0.0,0.0833333333333,189.583333333,0.0195833333333,0.169833333333,720.0,10736.8046875,0.0
2014.0,4.0,21.0,12.0,20.0383333333,68.069,-3.73,19.8583333333,925.333333333,0.05,0.5,128.333333333,0.0,0.25575,720.0,10736.8046875,0.0
2014.0,4.0,21.0,13.0,20.3575,68.6435,-1.2625,23.3666666667,903.416666667,0.141666666667,1.49166666667,161.0,0.0,0.303625,720.0,10736.8046875,0.0
2014.0,4.0,21.0,14.0,22.0691666667,71.7245,0.115833333333,23.3333333333,812.916666667,0.0333333333333,0.725,254.416666667,0.0,0.560375,720.0,10736.8046875,0.0
2014.0,4.0,21.0,15.0,22.0075,71.6135,1.33333333333,25.4833333333,693.333333333,0.208333333333,2.28333333333,93.5,0.0,0.551125,720.0,10736.8046875,0.0
2014.0,4.0,21.0,16.0,21.1608333333,70.0895,0.839166666667,25.8916666667,534.5,0.75,3.76666666667,55.5833333333,0.0,0.424125,720.0,10736.8046875,0.0
2014.0,4.0,21.0,17.0,22.5891666667,72.6605,2.28833333333,26.3416666667,354.5,0.225,2.0,59.75,0.0,0.638375,720.0,10736.8046875,0.0
2014.0,4.0,21.0,18.0,20.4691666667,68.8445,2.94833333333,31.4166666667,160.333333333,0.508333333333,3.34166666667,45.25,0.0,0.320375,720.0,10736.8046875,0.0
2014.0,4.0,21.0,19.0,17.6616666667,63.791,4.79583333333,42.7583333333,9.58333333333,0.575,3.36666666667,52.6666666667,0.106458333333,0.00570833333333,720.0,10736.8046875,0.0
2014.0,4.0,21.0,20.0,16.2416666667,61.235,6.51166666667,52.4833333333,1.0,0.358333333333,2.59166666667,46.3333333333,0.31375,0.0,720.0,10736.8046875,0.0
2014.0,4.0,21.0,21.0,14.7316666667,58.517,7.705,62.7666666667,1.0,0.0,0.325,141.583333333,0.54025,0.0,720.0,10736.8046875,0.0
2014.0,4.0,21.0,22.0,13.1858333333,55.7345,8.0325,70.9083333333,1.0,0.0,0.6,31.0,0.772125,0.0,720.0,10736.8046875,0.0
2014.0,4.0,21.0,23.0,11.96,53.528,8.17166666667,77.5666666667,1.0,0.0833333333333,1.34166666667,49.4166666667,0.956,0.0,720.0,10736.8046875,0.0
2014.0,4.0,22.0,0.0,11.0875,51.9575,8.5975,84.5833333333,1.0,0.1,1.51666666667,55.5833333333,1.086875,0.0,720.0,10736.8046875,0.0
2014.0,4.0,22.0,1.0,10.4783333333,50.861,8.74,88.9166666667,1.0,0.0333333333333,1.175,48.75,1.17825,0.0,720.0,10736.8046875,0.0
2014.0,4.0,22.0,2.0,10.1083333333,50.195,8.78083333333,91.4,1.0,0.333333333333,2.83333333333,49.75,1.23375,0.0,720.0,10736.8046875,0.0
2014.0,4.0,22.0,3.0,9.7875,49.6175,8.74,93.125,1.0,0.283333333333,1.65833333333,50.6666666667,1.281875,0.0,720.0,10736.8046875,0.0
2014.0,4.0,22.0,4.0,9.795,49.631,8.65416666667,92.5416666667,1.0,0.0,0.475,37.4166666667,1.28075,0.0,720.0,10736.8046875,0.0
2014.0,4.0,22.0,5.0,9.5175,49.1315,8.46333333333,93.075,1.33333333333,0.0,0.108333333333,66.9166666667,1.322375,0.0,720.0,10736.8046875,0.0
2014.0,4.0,22.0,6.0,10.4666666667,50.84,8.485,87.525,53.0,0.0,0.0166666666667,93.75,1.18,0.0,720.0,10736.8046875,0.0
2014.0,4.0,22.0,7.0,11.9158333333,53.4485,8.71,80.6916666667,120.583333333,0.0,0.45,83.1666666667,0.962625,0.0,720.0,10736.8046875,0.0
2014.0,4.0,22.0,8.0,14.58,58.244,8.51833333333,67.075,431.916666667,0.25,2.44166666667,82.5,0.563,0.0,720.0,10736.8046875,0.0
2014.0,4.0,22.0,9.0,16.9108333333,62.4395,8.7025,58.5833333333,535.666666667,0.383333333333,3.26666666667,54.9166666667,0.215583333333,0.00220833333333,720.0,10736.8046875,0.0
2014.0,4.0,22.0,10.0,18.7433333333,65.738,8.805,52.4833333333,626.916666667,0.541666666667,3.725,28.6666666667,0.0286666666667,0.0901666666667,720.0,10736.8046875,0.0
2014.0,4.0,22.0,11.0,21.105,69.989,8.38,44.175,734.25,0.483333333333,3.725,61.1666666667,0.0,0.41575,720.0,10736.8046875,0.0
2014.0,4.0,22.0,12.0,22.5291666667,72.5525,8.6675,41.175,852.25,0.716666666667,4.03333333333,62.5,0.0,0.629375,720.0,10736.8046875,0.0
2014.0,4.0,22.0,13.0,24.5308333333,76.1555,8.8075,36.8583333333,834.75,0.808333333333,3.64166666667,28.6666666667,0.0,0.929625,720.0,10736.8046875,0.0
2014.0,4.0,22.0,14.0,24.6233333333,76.322,10.2041666667,40.6583333333,527.666666667,0.733333333333,4.46666666667,68.0,0.0,0.9435,720.0,10736.8046875,0.0
2014.0,4.0,22.0,15.0,22.4475,72.4055,10.8966666667,48.1,222.166666667,1.70833333333,6.39166666667,66.9166666667,0.0,0.617125,720.0,10736.8046875,0.0
2014.0,4.0,22.0,16.0,20.065,68.117,12.6008333333,62.1166666667,110.0,2.16666666667,6.98333333333,59.9166666667,0.0,0.25975,720.0,10736.8046875,0.0
2014.0,4.0,22.0,17.0,19.8866666667,67.796,12.8041666667,63.6166666667,139.0,1.15833333333,5.51666666667,54.8333333333,0.0,0.233,720.0,10736.8046875,0.0
2014.0,4.0,22.0,18.0,20.1125,68.2025,12.7816666667,62.6833333333,123.583333333,0.675,4.01666666667,64.0,0.0,0.266875,720.0,10736.8046875,0.0
2014.0,4.0,22.0,19.0,17.9466666667,64.304,4.19083333333,59.0,14.0,1.28333333333,5.3,64.4166666667,0.16175,0.10375,720.0,10736.8046875,0.0
2014.0,4.0,22.0,20.0,15.2008333333,59.3615,-1.895,57.0,1.0,0.75,5.025,117.916666667,0.469875,0.0,720.0,10736.8046875,0.0
2014.0,4.0,22.0,21.0,15.3691666667,59.6645,9.85166666667,69.5916666667,1.0,0.0333333333333,0.558333333333,93.5,0.444625,0.0,720.0,10736.8046875,0.0
2014.0,4.0,22.0,22.0,14.7283333333,58.511,9.935,72.9083333333,1.0,0.316666666667,2.425,57.1666666667,0.54075,0.0,720.0,10736.8046875,0.0
2014.0,4.0,22.0,23.0,14.43,57.974,10.1958333333,75.7083333333,1.0,0.525,3.45833333333,56.6666666667,0.5855,0.0,720.0,10736.8046875,0.0
2014.0,4.0,23.0,0.0,14.7975,58.6355,8.17333333333,64.725,1.0,1.46666666667,5.80833333333,71.1666666667,0.530375,0.0,720.0,10736.8046875,44.75
2014.0,4.0,23.0,1.0,13.8266666667,56.888,3.62333333333,50.1583333333,1.0,1.80833333333,7.0,67.9166666667,0.676,0.0,720.0,10736.8046875,44.2708333333
2014.0,4.0,23.0,2.0,11.2158333333,52.1885,2.55083333333,55.125,1.0,2.675,8.30833333333,70.5,1.067625,0.0,720.0,10736.8046875,43.875
2014.0,4.0,23.0,3.0,9.82666666667,49.688,1.8675,57.6,1.0,1.34166666667,6.49166666667,75.1666666667,1.276,0.0,720.0,10736.8046875,43.7708333333
2014.0,4.0,23.0,4.0,9.22416666667,48.6035,1.76666666667,59.55,1.0,1.13333333333,5.425,72.4166666667,1.366375,0.0,720.0,10736.8046875,48.7916666667
2014.0,4.0,23.0,5.0,8.8875,47.9975,1.7125,60.6833333333,1.16666666667,0.391666666667,3.91666666667,66.4166666667,1.416875,0.0,720.0,10736.8046875,49.125
2014.0,4.0,23.0,6.0,9.54666666667,49.184,1.78666666667,58.4416666667,57.5833333333,0.758333333333,5.15,69.1666666667,1.318,0.0,720.0,10736.8046875,48.5416666667
2014.0,4.0,23.0,7.0,10.7508333333,51.3515,1.48666666667,52.7083333333,248.5,1.81666666667,6.96666666667,73.25,1.137375,0.0,720.0,10736.8046875,50.625
2014.0,4.0,23.0,8.0,10.175,50.315,1.85833333333,56.2333333333,173.416666667,2.36666666667,8.23333333333,77.25,1.22375,0.0,720.0,10736.8046875,50.7708333333
2014.0,4.0,23.0,9.0,10.7141666667,51.2855,1.65,53.4666666667,328.25,2.1,7.59166666667,79.5833333333,1.142875,0.0,720.0,10736.8046875,53.7083333333
2014.0,4.0,23.0,10.0,11.4908333333,52.6835,1.75416666667,51.2333333333,381.916666667,2.3,8.43333333333,84.25,1.026375,0.0,720.0,10736.8046875,53.7708333333
2014.0,4.0,23.0,11.0,12.66,54.788,1.8025,47.55,525.916666667,2.0,7.84166666667,88.25,0.851,0.0,720.0,10736.8046875,55.125
2014.0,4.0,23.0,12.0,14.14,57.452,2.1225,44.2083333333,711.416666667,2.24166666667,8.375,98.1666666667,0.629,0.0,720.0,10736.8046875,55.375
2014.0,4.0,23.0,13.0,14.3916666667,57.905,2.445,44.475,624.833333333,2.78333333333,9.30833333333,89.6666666667,0.59125,0.0,720.0,10736.8046875,55.6458333333
2014.0,4.0,23.0,14.0,15.5425,59.9765,2.6075,41.825,682.583333333,3.19166666667,9.75,95.5833333333,0.418625,0.0,720.0,10736.8046875,54.5208333333
2014.0,4.0,23.0,15.0,16.4916666667,61.685,2.3475,38.6083333333,768.916666667,2.83333333333,9.08333333333,94.75,0.27625,0.0,720.0,10736.8046875,54.6875
2014.0,4.0,23.0,16.0,15.6525,60.1745,2.3275,40.675,521.166666667,2.95,9.06666666667,83.75,0.402125,0.0,720.0,10736.8046875,55.5625
2014.0,4.0,23.0,17.0,14.8191666667,58.6745,2.4,43.15,177.0,1.94166666667,7.85833333333,94.9166666667,0.527125,0.0,720.0,10736.8046875,55.1041666667
2014.0,4.0,23.0,18.0,13.6616666667,56.591,2.37,46.3666666667,79.6666666667,1.775,7.21666666667,86.6666666667,0.70075,0.0,720.0,10736.8046875,54.8541666667
2014.0,4.0,23.0,19.0,12.445,54.401,1.81,48.2083333333,6.08333333333,1.48333333333,6.85833333333,101.583333333,0.88325,0.0,720.0,10736.8046875,52.2083333333
2014.0,4.0,23.0,20.0,11.8083333333,53.255,1.5,49.175,1.0,1.58333333333,7.70833333333,103.583333333,0.97875,0.0,720.0,10736.8046875,52.4791666667
2014.0,4.0,23.0,21.0,9.76166666667,49.571,-0.845,47.5416666667,1.0,2.725,9.10833333333,118.166666667,1.28575,0.0,720.0,10736.8046875,51.7083333333
2014.0,4.0,23.0,22.0,8.20666666667,46.772,-1.80666666667,49.2083333333,1.0,2.05,8.45833333333,127.333333333,1.519,0.0,720.0,10736.8046875,48.0208333333
2014.0,4.0,23.0,23.0,7.7,45.86,-2.3175,49.05,1.0,1.20833333333,6.34166666667,99.5,1.595,0.0,720.0,10736.8046875,46.9375
2014.0,4.0,24.0,0.0,7.35666666667,45.242,-1.9075,51.7666666667,1.0,0.441666666667,3.625,76.8333333333,1.6465,0.0,720.0,10736.8046875,3.8125
2014.0,4.0,24.0,1.0,7.13166666667,44.837,-1.33666666667,54.8166666667,1.0,0.0666666666667,2.01666666667,79.75,1.68025,0.0,720.0,10736.8046875,0.0
2014.0,4.0,24.0,2.0,6.7075,44.0735,-1.37166666667,56.2916666667,1.0,0.116666666667,1.75833333333,66.0833333333,1.743875,0.0,720.0,10736.8046875,0.0
2014.0,4.0,24.0,3.0,6.63833333333,43.949,-2.11,53.5916666667,1.0,0.491666666667,4.01666666667,73.5833333333,1.75425,0.0,720.0,10736.8046875,0.0
2014.0,4.0,24.0,4.0,6.385,43.493,-3.64833333333,48.6166666667,1.0,0.425,3.8,72.0833333333,1.79225,0.0,720.0,10736.8046875,0.0
2014.0,4.0,24.0,5.0,5.96833333333,42.743,-4.58833333333,46.6166666667,1.41666666667,0.241666666667,2.675,64.9166666667,1.85475,0.0,720.0,10736.8046875,0.0
2014.0,4.0,24.0,6.0,6.5875,43.8575,-5.74333333333,41.0083333333,67.5,0.425,3.45,63.25,1.761875,0.0,720.0,10736.8046875,0.0
2014.0,4.0,24.0,7.0,8.16833333333,46.703,-6.91916666667,33.5833333333,239.25,0.866666666667,5.625,77.5833333333,1.52475,0.0,720.0,10736.8046875,0.0
2014.0,4.0,24.0,8.0,8.9875,48.1775,-7.77666666667,29.725,449.25,1.475,7.525,99.1666666667,1.401875,0.0,720.0,10736.8046875,0.0
2014.0,4.0,24.0,9.0,10.2075,50.3735,-7.6175,27.7166666667,627.5,1.10833333333,6.275,91.0833333333,1.218875,0.0,720.0,10736.8046875,0.0
2014.0,4.0,24.0,10.0,11.1758333333,52.1165,-7.5,26.3,774.0,1.41666666667,6.21666666667,82.6666666667,1.073625,0.0,720.0,10736.8046875,0.0
2014.0,4.0,24.0,11.0,13.27,55.886,-7.375,23.0916666667,888.5,1.29166666667,6.21666666667,87.4166666667,0.7595,0.0,720.0,10736.8046875,0.0
2014.0,4.0,24.0,12.0,14.3666666667,57.86,-7.1925,21.8,953.666666667,1.33333333333,6.60833333333,86.5,0.595,0.0,720.0,10736.8046875,0.0
2014.0,4.0,24.0,13.0,15.3075,59.5535,-7.0475,20.7416666667,929.083333333,1.20833333333,6.36666666667,85.8333333333,0.453875,0.0,720.0,10736.8046875,56.8541666667
2014.0,4.0,24.0,14.0,16.4033333333,61.526,-6.82333333333,19.6833333333,835.416666667,1.79166666667,7.45,83.8333333333,0.2895,0.0,720.0,10736.8046875,23.4375
2014.0,4.0,24.0,15.0,18.0275,64.4495,-7.25083333333,17.1916666667,713.5,1.325,6.49166666667,82.75,0.0645416666667,0.0186666666667,720.0,10736.8046875,0.0
2014.0,4.0,28.0,8.0,13.4816666667,56.267,2.12333333333,46.2083333333,410.5,0.0833333333333,1.04166666667,194.416666667,0.72775,0.0,720.0,10736.8046875,50.0625
2014.0,4.0,28.0,9.0,14.7083333333,58.475,2.65,44.2666666667,609.166666667,0.0166666666667,0.233333333333,179.666666667,0.54375,0.0,720.0,10736.8046875,51.9375
2014.0,4.0,28.0,10.0,16.1433333333,61.058,2.19416666667,39.175,735.75,0.0,0.483333333333,125.166666667,0.3285,0.0,720.0,10736.8046875,53.75
2014.0,4.0,28.0,11.0,17.6591666667,63.7865,2.60083333333,36.7583333333,793.333333333,0.0,0.0166666666667,156.916666667,0.165416666667,0.0642916666667,720.0,10736.8046875,54.9791666667
2014.0,4.0,28.0,12.0,18.88,65.984,2.67083333333,34.0333333333,875.666666667,0.0333333333333,0.816666666667,170.75,0.019375,0.101375,720.0,10736.8046875,54.9583333333
2014.0,4.0,28.0,13.0,19.2025,66.5645,2.95583333333,33.975,863.416666667,0.1,0.95,108.0,0.0182083333333,0.148583333333,720.0,10736.8046875,56.0625
2014.0,4.0,28.0,14.0,19.8516666667,67.733,3.4375,33.775,726.25,0.133333333333,1.36666666667,221.583333333,0.0,0.22775,720.0,10736.8046875,54.7291666667
2014.0,4.0,28.0,15.0,18.4758333333,65.2565,3.59333333333,37.2,431.75,0.166666666667,2.49166666667,298.75,0.027,0.048375,720.0,10736.8046875,54.1041666667
2014.0,4.0,28.0,16.0,17.7891666667,64.0205,3.7975,39.4,206.25,0.0333333333333,0.758333333333,284.0,0.0972916666667,0.0156666666667,720.0,10736.8046875,54.4791666667
2014.0,4.0,28.0,17.0,16.99,62.582,4.12666666667,42.375,89.4166666667,0.0,0.0333333333333,248.583333333,0.2015,0.0,720.0,10736.8046875,54.5208333333
2014.0,4.0,28.0,18.0,16.6391666667,61.9505,3.695,42.0333333333,52.0,0.0,0.0583333333333,284.833333333,0.254125,0.0,720.0,10736.8046875,54.2291666667
2014.0,4.0,28.0,19.0,15.2175,59.3915,5.02666666667,51.025,6.08333333333,0.583333333333,2.93333333333,306.333333333,0.467375,0.0,720.0,10736.8046875,53.1041666667
2014.0,4.0,28.0,20.0,13.445,56.201,6.22333333333,61.5666666667,1.0,0.483333333333,3.36666666667,322.583333333,0.73325,0.0,720.0,10736.8046875,51.7916666667
2014.0,4.0,28.0,21.0,11.9008333333,53.4215,6.60333333333,70.0916666667,1.0,0.166666666667,2.16666666667,326.0,0.964875,0.0,720.0,10736.8046875,51.1875
2014.0,4.0,28.0,22.0,10.83,51.494,7.58166666667,80.3083333333,1.0,0.116666666667,1.55833333333,322.666666667,1.1255,0.0,720.0,10736.8046875,48.3125
2014.0,4.0,28.0,23.0,10.1558333333,50.2805,7.26666666667,82.1916666667,1.0,0.116666666667,1.69166666667,324.083333333,1.226625,0.0,720.0,10736.8046875,47.5416666667
2014.0,4.0,29.0,0.0,9.98916666667,49.9805,7.16583333333,82.5583333333,1.0,0.0,0.475,204.25,1.251625,0.0,720.0,10736.8046875,3.91666666667
2014.0,4.0,29.0,1.0,9.805,49.649,7.5525,85.8333333333,1.0,0.0,0.0333333333333,309.5,1.27925,0.0,720.0,10736.8046875,0.0
2014.0,4.0,29.0,2.0,9.75666666667,49.562,7.38166666667,85.1166666667,1.0,0.0333333333333,0.733333333333,285.166666667,1.2865,0.0,720.0,10736.8046875,0.0
2014.0,4.0,29.0,3.0,9.90666666667,49.832,6.415,78.8833333333,1.0,0.433333333333,3.03333333333,276.583333333,1.264,0.0,720.0,10736.8046875,0.0
2014.0,4.0,29.0,4.0,9.75416666667,49.5575,5.43416666667,74.4166666667,1.0,0.758333333333,4.73333333333,271.416666667,1.286875,0.0,720.0,10736.8046875,0.0
2014.0,4.0,29.0,5.0,9.71333333333,49.484,5.22166666667,73.5333333333,1.0,0.7,3.975,265.75,1.293,0.0,720.0,10736.8046875,0.0
2014.0,4.0,29.0,6.0,9.65083333333,49.3715,5.30416666667,74.2666666667,13.75,0.975,5.15833333333,254.083333333,1.302375,0.0,720.0,10736.8046875,0.0
2014.0,4.0,29.0,7.0,9.33833333333,48.809,5.49416666667,76.8416666667,43.8333333333,1.33333333333,6.275,258.75,1.34925,0.0,720.0,10736.8046875,0.0
2014.0,4.0,29.0,8.0,9.32833333333,48.791,5.00666666667,74.3583333333,70.75,1.18333333333,5.41666666667,248.75,1.35075,0.0,720.0,10736.8046875,0.0
2014.0,4.0,29.0,9.0,9.02,48.236,5.22333333333,77.0833333333,128.583333333,1.88333333333,7.21666666667,258.166666667,1.397,0.0,720.0,10736.8046875,0.0
2014.0,4.0,29.0,10.0,8.89583333333,48.0125,5.40833333333,78.725,101.166666667,1.05833333333,6.30833333333,244.166666667,1.415625,0.0,720.0,10736.8046875,0.0
2014.0,4.0,29.0,11.0,9.1475,48.4655,5.2025,76.2916666667,123.666666667,1.23333333333,5.78333333333,250.0,1.377875,0.0,720.0,10736.8046875,0.0
2014.0,4.0,29.0,12.0,8.35333333333,47.036,5.7675,83.75,124.75,0.633333333333,4.41666666667,249.166666667,1.497,0.0,720.0,10736.8046875,0.0
2014.0,4.0,29.0,13.0,8.635,47.543,5.41833333333,80.2,103.083333333,1.7,6.39166666667,260.333333333,1.45475,0.0,720.0,10736.8046875,0.0
2014.0,4.0,29.0,14.0,8.67,47.606,5.6,81.0083333333,138.416666667,1.49166666667,6.775,252.333333333,1.4495,0.0,720.0,10736.8046875,0.0
2014.0,4.0,29.0,15.0,8.0725,46.5305,5.85416666667,85.925,62.4166666667,1.39166666667,5.61666666667,254.166666667,1.539125,0.0,720.0,10736.8046875,0.0
2014.0,4.0,29.0,16.0,7.77166666667,45.989,6.08833333333,89.0833333333,30.6666666667,0.666666666667,3.8,250.666666667,1.58425,0.0,720.0,10736.8046875,0.0
2014.0,4.0,29.0,17.0,7.60916666667,45.6965,6.06583333333,89.9166666667,19.75,1.55,6.5,242.25,1.608625,0.0,720.0,10736.8046875,0.0
2014.0,4.0,29.0,18.0,6.5925,43.8665,6.11416666667,96.7583333333,7.25,1.10833333333,4.89166666667,251.083333333,1.761125,0.0,720.0,10736.8046875,0.0
2014.0,4.0,29.0,19.0,6.33583333333,43.4045,6.345,100.0,2.16666666667,1.53333333333,5.78333333333,237.583333333,1.799625,0.0,720.0,10736.8046875,0.0
2014.0,4.0,29.0,20.0,6.27833333333,43.301,6.28416666667,100.0,1.0,0.558333333333,3.8,239.916666667,1.80825,0.0,720.0,10736.8046875,0.0
2014.0,4.0,29.0,21.0,6.15666666667,43.082,6.15166666667,99.9416666667,1.0,1.5,6.45,232.583333333,1.8265,0.0,720.0,10736.8046875,0.0
2014.0,4.0,29.0,22.0,6.30583333333,43.3505,6.28666666667,99.8333333333,1.0,0.833333333333,4.98333333333,239.0,1.804125,0.0,720.0,10736.8046875,0.0
2014.0,4.0,29.0,23.0,6.19166666667,43.145,6.195,100.0,1.0,1.28333333333,6.25833333333,233.833333333,1.82125,0.0,720.0,10736.8046875,3.75
2014.0,4.0,30.0,0.0,6.01666666667,42.83,6.01666666667,100.0,1.0,2.79166666667,8.2,231.083333333,1.8475,0.0,720.0,10736.8046875,45.375
2014.0,4.0,30.0,1.0,5.92,42.656,5.145,95.75,1.0,2.40833333333,8.05833333333,233.416666667,1.862,0.0,720.0,10736.8046875,45.3125
2014.0,4.0,30.0,2.0,5.89333333333,42.608,-43.4983333333,3.15,1.0,0.825,4.74166666667,217.75,1.866,0.0,720.0,10736.8046875,45.0625
2014.0,4.0,30.0,3.0,5.86333333333,42.554,-46.4025,1.0,1.0,1.125,6.03333333333,227.75,1.8705,0.0,720.0,10736.8046875,44.5833333333
2014.0,4.0,30.0,4.0,6.04083333333,42.8735,-46.295,1.0,1.0,1.16666666667,6.15833333333,227.166666667,1.843875,0.0,720.0,10736.8046875,48.7083333333
2014.0,4.0,30.0,5.0,6.27166666667,43.289,-46.1483333333,1.0,1.0,1.35,6.63333333333,227.916666667,1.80925,0.0,720.0,10736.8046875,49.0208333333
2014.0,4.0,30.0,6.0,6.5225,43.7405,-45.9925,1.0,3.75,1.70833333333,6.58333333333,224.0,1.771625,0.0,720.0,10736.8046875,48.9166666667
2014.0,4.0,30.0,7.0,6.87666666667,44.378,-45.7783333333,1.0,18.25,1.81666666667,7.15833333333,232.833333333,1.7185,0.0,720.0,10736.8046875,50.9166666667
2014.0,4.0,30.0,8.0,7.42916666667,45.3725,-45.4366666667,1.0,36.75,1.69166666667,6.15,234.0,1.635625,0.0,720.0,10736.8046875,49.8125
2014.0,4.0,30.0,9.0,8.08916666667,46.5605,-45.03,1.0,57.6666666667,1.475,6.21666666667,236.75,1.536625,0.0,720.0,10736.8046875,51.4166666667
2014.0,4.0,30.0,10.0,8.39416666667,47.1095,-44.8433333333,1.0,42.0,1.06666666667,5.15,228.75,1.490875,0.0,720.0,10736.8046875,53.0416666667
2014.0,4.0,30.0,11.0,8.57083333333,47.4275,-44.7325,1.0,56.4166666667,2.45833333333,8.18333333333,231.5,1.464375,0.0,720.0,10736.8046875,53.6458333333
2014.0,4.0,30.0,12.0,8.75583333333,47.7605,-44.6191666667,1.0,29.0833333333,2.6,8.40833333333,229.416666667,1.436625,0.0,720.0,10736.8046875,53.5208333333
2014.0,4.0,30.0,13.0,9.20333333333,48.566,-44.3433333333,1.0,31.25,0.0,0.0,218.25,1.3695,0.0,720.0,10736.8046875,53.0
2014.0,4.0,30.0,14.0,9.52166666667,49.139,-44.1475,1.0,36.3333333333,0.0,0.0,200.416666667,1.32175,0.0,720.0,10736.8046875,53.8333333333
2014.0,4.0,30.0,15.0,10.0266666667,50.048,-43.84,1.0,21.0,0.0,0.0,200.75,1.246,0.0,720.0,10736.8046875,53.5833333333
2014.0,4.0,30.0,16.0,10.5658333333,51.0185,-43.5091666667,1.0,5.5,0.0,0.0,185.916666667,1.165125,0.0,720.0,10736.8046875,52.625
2014.0,4.0,30.0,17.0,11.0308333333,51.8555,-43.2241666667,1.0,7.0,0.0,0.0,202.166666667,1.095375,0.0,720.0,10736.8046875,53.0208333333
2014.0,4.0,30.0,18.0,11.4791666667,52.6625,-42.95,1.0,3.16666666667,0.0,0.0,241.833333333,1.028125,0.0,720.0,10736.8046875,51.9583333333
2014.0,4.0,30.0,19.0,12.0983333333,53.777,-42.5716666667,1.0,1.0,0.0,0.0,196.5,0.93525,0.0,720.0,10736.8046875,51.3333333333
2014.0,4.0,30.0,20.0,12.9666666667,55.34,-42.0408333333,1.0,1.0,0.0,0.0,216.333333333,0.805,0.0,720.0,10736.8046875,51.7916666667
2014.0,4.0,30.0,21.0,13.5716666667,56.429,-41.6716666667,1.0,1.0,0.0,0.0,206.0,0.71425,0.0,720.0,10736.8046875,50.6666666667
2014.0,4.0,30.0,22.0,14.3908333333,57.9035,-41.1725,1.0,1.0,0.0,0.0,225.25,0.591375,0.0,720.0,10736.8046875,36.7291666667
2014.0,4.0,30.0,23.0,16.0391666667,60.8705,-40.1716666667,1.0,1.0,0.0666666666667,1.41666666667,315.0,0.344125,0.0,720.0,10736.8046875,0.0
2014.0,5.0,1.0,0.0,16.0466666667,60.884,-40.1675,1.0,1.0,0.158333333333,1.51666666667,326.333333333,0.343,0.0,720.0,10736.8046875,0.0
2014.0,5.0,1.0,1.0,16.5075,61.7135,-39.8875,1.0,1.0,0.766666666667,4.35,340.666666667,0.273875,0.0,720.0,10736.8046875,0.0
2014.0,5.0,1.0,2.0,16.8983333333,62.417,-39.6516666667,1.0,1.0,0.208333333333,2.025,284.5,0.21525,0.0,720.0,10736.8046875,0.0
2014.0,5.0,1.0,3.0,17.27,63.086,-39.425,1.0,1.0,0.0666666666667,1.55,335.166666667,0.1595,0.0,720.0,10736.8046875,0.0
2014.0,5.0,1.0,4.0,17.7508333333,63.9515,-39.1341666667,1.0,1.0,0.0666666666667,0.733333333333,287.0,0.087375,0.0,720.0,10736.8046875,0.0
2014.0,5.0,1.0,5.0,17.9283333333,64.271,-39.0258333333,1.0,1.16666666667,0.116666666667,1.875,69.25,0.06075,0.0,720.0,10736.8046875,0.0
2014.0,5.0,1.0,6.0,17.8,64.04,-39.1016666667,1.0,20.6666666667,0.0333333333333,0.65,49.0,0.08,0.0,720.0,10736.8046875,0.0
2014.0,5.0,1.0,7.0,17.8008333333,64.0415,-26.7633333333,17.5,94.1666666667,0.2,1.4,55.3333333333,0.079875,0.0,720.0,10736.8046875,45.6041666667
2014.0,5.0,1.0,8.0,18.0525,64.4945,17.7466666667,97.9833333333,131.583333333,0.5,2.96666666667,68.6666666667,0.0432916666667,0.00116666666667,720.0,10736.8046875,49.9375
2014.0,5.0,1.0,9.0,18.4733333333,65.252,15.2508333333,81.5083333333,290.833333333,0.383333333333,3.11666666667,68.9166666667,0.01975,0.04075,720.0,10736.8046875,52.4166666667
2014.0,5.0,1.0,10.0,21.73,71.114,14.4975,63.7666666667,625.833333333,0.0666666666667,0.983333333333,79.9166666667,0.0,0.5095,720.0,10736.8046875,54.3125
2014.0,5.0,1.0,11.0,23.7341666667,74.7215,14.04,54.625,760.583333333,0.1,1.45833333333,91.3333333333,0.0,0.810125,720.0,10736.8046875,55.0
2014.0,5.0,1.0,12.0,24.4633333333,76.034,13.3166666667,49.9416666667,923.416666667,0.541666666667,2.65833333333,82.3333333333,0.0,0.9195,720.0,10736.8046875,54.375
2014.0,5.0,1.0,13.0,25.7033333333,78.266,12.4983333333,43.8916666667,851.583333333,0.733333333333,3.775,57.25,0.0,1.1055,720.0,10736.8046875,53.1458333333
2014.0,5.0,1.0,14.0,26.1375,79.0475,11.6875,40.5583333333,690.916666667,0.65,3.4,64.25,0.0,1.170625,720.0,10736.8046875,54.2083333333
2014.0,5.0,1.0,15.0,26.7916666667,80.225,12.215,40.4083333333,719.416666667,0.441666666667,2.89166666667,91.5,0.0,1.26875,720.0,10736.8046875,54.5
2014.0,5.0,1.0,16.0,26.6625,79.9925,11.9716666667,40.0833333333,476.833333333,0.458333333333,3.175,64.0,0.0,1.249375,720.0,10736.8046875,54.375
2014.0,5.0,1.0,17.0,25.2791666667,77.5025,12.86,46.2166666667,196.75,0.216666666667,2.33333333333,33.0833333333,0.0,1.041875,720.0,10736.8046875,54.6666666667
2014.0,5.0,1.0,18.0,23.6933333333,74.648,12.4966666667,49.4416666667,95.3333333333,1.09166666667,4.7,56.1666666667,0.0,0.804,720.0,10736.8046875,54.7083333333
2014.0,5.0,1.0,19.0,21.9775,71.5595,13.7916666667,59.8333333333,27.1666666667,0.283333333333,1.49166666667,68.1666666667,0.0,0.546625,720.0,10736.8046875,52.9166666667
2014.0,5.0,1.0,20.0,20.78,69.404,14.2341666667,66.0916666667,1.0,0.0,0.0916666666667,88.9166666667,0.0,0.367,720.0,10736.8046875,51.5625
2014.0,5.0,1.0,21.0,16.4166666667,61.55,12.9308333333,80.9416666667,1.0,0.383333333333,2.2,104.583333333,0.293833333333,0.00633333333333,720.0,10736.8046875,50.1041666667
2014.0,5.0,1.0,22.0,17.005,62.609,14.3291666667,85.6666666667,1.0,0.0,0.0,95.75,0.19925,0.0,720.0,10736.8046875,47.3958333333
2014.0,5.0,1.0,23.0,17.0516666667,62.693,10.4525,65.725,1.0,1.25,5.4,118.583333333,0.19225,0.0,720.0,10736.8046875,46.1041666667
2014.0,5.0,2.0,0.0,16.4866666667,61.676,7.23833333333,54.3083333333,1.0,0.583333333333,3.7,131.833333333,0.277,0.0,720.0,10736.8046875,3.8125
2014.0,5.0,2.0,1.0,15.8233333333,60.482,6.94166666667,55.4916666667,1.0,0.0666666666667,1.10833333333,102.666666667,0.3765,0.0,720.0,10736.8046875,0.0
2014.0,5.0,2.0,2.0,15.66,60.188,5.90083333333,52.1916666667,1.0,0.183333333333,2.34166666667,90.5833333333,0.401,0.0,720.0,10736.8046875,0.0
2014.0,5.0,2.0,3.0,15.2958333333,59.5325,5.47166666667,51.8583333333,1.0,0.0333333333333,0.875,81.75,0.455625,0.0,720.0,10736.8046875,0.0
2014.0,5.0,2.0,4.0,14.7641666667,58.5755,5.78916666667,54.8666666667,1.0,0.0,0.4,72.4166666667,0.535375,0.0,720.0,10736.8046875,0.0
2014.0,5.0,2.0,5.0,14.13,57.434,6.2225,58.8833333333,2.16666666667,0.0,0.45,67.8333333333,0.6305,0.0,720.0,10736.8046875,7.91666666667
2014.0,5.0,2.0,6.0,14.1533333333,57.476,6.31083333333,59.1666666667,42.9166666667,0.0666666666667,0.958333333333,66.1666666667,0.627,0.0,720.0,10736.8046875,48.8541666667
2014.0,5.0,2.0,7.0,15.2791666667,59.5025,5.445,51.9166666667,189.666666667,0.225,1.91666666667,71.4166666667,0.458125,0.0,720.0,10736.8046875,48.8333333333
2014.0,5.0,2.0,8.0,17.5233333333,63.542,4.46833333333,42.1166666667,434.166666667,0.408333333333,2.95,70.25,0.131,0.0095,720.0,10736.8046875,50.25
2014.0,5.0,2.0,9.0,18.3525,65.0345,3.84,38.1333333333,629.75,1.54166666667,5.65,73.9166666667,0.03375,0.036625,720.0,10736.8046875,51.7083333333
2014.0,5.0,2.0,10.0,19.3141666667,66.7655,3.43083333333,34.925,774.333333333,1.98333333333,6.6,64.3333333333,0.00816666666667,0.155291666667,720.0,10736.8046875,53.1875
2014.0,5.0,2.0,11.0,19.0916666667,66.365,3.435,35.3916666667,484.083333333,1.80833333333,5.875,68.1666666667,0.0,0.11375,720.0,10736.8046875,54.0
2014.0,5.0,2.0,12.0,19.9166666667,67.85,3.035,32.7083333333,665.833333333,2.23333333333,6.74166666667,68.9166666667,0.0,0.2375,720.0,10736.8046875,54.1458333333
2014.0,5.0,2.0,13.0,19.6058333333,67.2905,3.95916666667,35.5583333333,453.75,2.25833333333,7.23333333333,66.5,0.0,0.190875,720.0,10736.8046875,53.9791666667
2014.0,5.0,2.0,14.0,19.6925,67.4465,4.11666666667,35.7666666667,354.5,1.81666666667,6.525,64.5833333333,0.0,0.203875,720.0,10736.8046875,54.0208333333
2014.0,5.0,2.0,15.0,19.5158333333,67.1285,3.98083333333,35.8,411.416666667,2.56666666667,7.80833333333,69.5833333333,0.0,0.177375,720.0,10736.8046875,54.8541666667
2014.0,5.0,2.0,16.0,19.9558333333,67.9205,4.21666666667,35.4583333333,507.166666667,2.05833333333,6.61666666667,73.8333333333,0.0,0.243375,720.0,10736.8046875,54.8958333333
2014.0,5.0,2.0,17.0,20.6816666667,69.227,4.18666666667,33.8166666667,397.25,1.70833333333,6.35833333333,75.5,0.0,0.35225,720.0,10736.8046875,54.7083333333
2014.0,5.0,2.0,18.0,20.03,68.054,4.19916666667,35.225,184.75,0.616666666667,4.14166666667,83.5,0.0,0.2545,720.0,10736.8046875,52.375
2014.0,5.0,2.0,19.0,17.6091666667,63.6965,4.52333333333,41.9333333333,24.5833333333,0.541666666667,3.64166666667,84.9166666667,0.117791666667,0.00916666666667,720.0,10736.8046875,52.4791666667
2014.0,5.0,2.0,20.0,16.4408333333,61.5935,4.5525,45.2083333333,1.0,0.0333333333333,1.425,87.1666666667,0.283875,0.0,720.0,10736.8046875,51.1666666667
2014.0,5.0,2.0,21.0,15.8333333333,60.5,4.4,46.4916666667,1.0,0.0166666666667,1.125,92.6666666667,0.375,0.0,720.0,10736.8046875,50.4166666667
2014.0,5.0,2.0,22.0,15.4375,59.7875,4.18583333333,46.975,1.0,0.0,0.266666666667,97.5,0.434375,0.0,720.0,10736.8046875,47.9583333333
2014.0,5.0,2.0,23.0,15.0058333333,59.0105,4.2,48.3416666667,1.0,0.0,0.0,69.9166666667,0.499125,0.0,720.0,10736.8046875,46.375
2014.0,5.0,3.0,0.0,14.8375,58.7075,4.39416666667,49.55,1.0,0.0,0.0333333333333,61.0,0.524375,0.0,0.0,10736.8046875,46.1458333333
2014.0,5.0,3.0,1.0,14.505,58.109,4.49083333333,50.9583333333,1.0,0.0,0.0166666666667,70.25,0.57425,0.0,0.0,10736.8046875,46.0625
2014.0,5.0,3.0,2.0,14.1383333333,57.449,4.61833333333,52.65,1.0,0.0,0.183333333333,78.9166666667,0.62925,0.0,0.0,10736.8046875,45.0416666667
2014.0,5.0,3.0,3.0,13.4558333333,56.2205,4.89916666667,56.1583333333,1.0,0.0,0.075,61.3333333333,0.731625,0.0,0.0,10736.8046875,44.8333333333
2014.0,5.0,3.0,4.0,12.8808333333,55.1855,4.84,58.0333333333,1.0,0.0,0.0583333333333,62.0833333333,0.817875,0.0,0.0,10736.8046875,50.2083333333
2014.0,5.0,3.0,5.0,12.6291666667,54.7325,4.71666666667,58.5,2.75,0.0,0.0,61.0833333333,0.855625,0.0,0.0,10736.8046875,47.6041666667
2014.0,5.0,3.0,6.0,13.185,55.733,4.8925,57.2583333333,63.8333333333,0.0,0.0,63.6666666667,0.77225,0.0,0.0,10736.8046875,48.5416666667
2014.0,5.0,3.0,7.0,15.4333333333,59.78,4.65166666667,48.6083333333,194.083333333,0.0,0.0,59.8333333333,0.435,0.0,0.0,10736.8046875,47.5
2014.0,5.0,3.0,8.0,16.95,62.51,4.52083333333,43.7083333333,285.083333333,0.0,0.0,69.6666666667,0.2075,0.0,0.0,10736.8046875,47.75
2014.0,5.0,3.0,9.0,18.725,65.705,4.15333333333,38.125,438.75,0.0,0.1,94.0833333333,0.0202916666667,0.0790416666667,0.0,10736.8046875,47.5208333333
2014.0,5.0,3.0,10.0,20.2775,68.4995,4.21166666667,34.7666666667,603.5,0.0,0.175,83.0,0.00104166666667,0.292666666667,0.0,10736.8046875,48.8958333333
2014.0,5.0,3.0,11.0,21.9108333333,71.4395,4.52583333333,32.1333333333,903.75,0.116666666667,1.575,124.416666667,0.0,0.536625,0.0,10736.8046875,50.0208333333
2014.0,5.0,3.0,12.0,21.465,70.637,5.16666666667,34.6,732.75,0.433333333333,2.775,34.8333333333,0.0,0.46975,0.0,10736.8046875,64.7567567568
2014.0,5.0,3.0,13.0,21.7333333333,71.12,5.2725,34.2333333333,726.25,0.591666666667,3.25,29.1666666667,0.0,0.51,0.0,10736.8046875,66.6666666667
2014.0,5.0,3.0,14.0,22.2933333333,72.128,5.49666666667,33.5666666667,769.25,0.7,4.25833333333,37.5,0.0,0.594,0.0,10736.8046875,66.6666666667
2014.0,5.0,3.0,15.0,23.3541666667,74.0375,5.03,30.4833333333,859.666666667,0.9,4.59166666667,80.5833333333,0.0,0.753125,0.0,10736.8046875,66.8055555556
2014.0,5.0,3.0,16.0,21.8908333333,71.4035,5.195,33.7833333333,446.583333333,0.75,4.70833333333,70.8333333333,0.0,0.533625,0.0,10736.8046875,66.7777777778
2014.0,5.0,3.0,17.0,21.4083333333,70.535,5.6475,36.0166666667,270.25,0.791666666667,4.15833333333,75.3333333333,0.0,0.46125,0.0,10736.8046875,66.25
2014.0,5.0,3.0,18.0,20.9158333333,69.6485,7.425,41.7083333333,162.583333333,0.583333333333,3.5,46.8333333333,0.0,0.387375,0.0,10736.8046875,65.3055555556
2014.0,5.0,3.0,19.0,18.3725,65.0705,8.77833333333,53.5583333333,13.3333333333,0.0666666666667,1.05,62.9166666667,0.0326666666667,0.0385416666667,0.0,10736.8046875,65.6944444444
2014.0,5.0,3.0,20.0,17.355,63.239,9.8525,61.5166666667,1.0,0.0916666666667,1.11666666667,55.6666666667,0.14675,0.0,0.0,10736.8046875,65.5
2014.0,5.0,3.0,21.0,12.93,55.274,9.93166666667,82.5833333333,1.0,0.508333333333,2.6,101.75,0.8105,0.0,0.0,10736.8046875,47.875
2014.0,5.0,3.0,22.0,13.8591666667,56.9465,12.555,91.8166666667,1.0,0.0,0.3,61.3333333333,0.671125,0.0,0.0,10736.8046875,46.8541666667
2014.0,5.0,3.0,23.0,14.0933333333,57.368,11.6666666667,85.2666666667,1.0,0.0,0.075,58.1666666667,0.636,0.0,0.0,10736.8046875,45.8125
2014.0,5.0,4.0,0.0,13.5775,56.4395,11.3775,86.475,1.0,0.0,0.225,65.0833333333,0.713375,0.0,0.0,10736.8046875,3.77083333333
2014.0,5.0,4.0,1.0,13.7116666667,56.681,10.2333333333,79.4833333333,1.0,0.0,0.0333333333333,63.5,0.69325,0.0,0.0,10736.8046875,0.0
2014.0,5.0,4.0,2.0,12.965,55.337,9.69833333333,80.4833333333,1.0,0.141666666667,0.75,75.4166666667,0.80525,0.0,0.0,10736.8046875,0.0
2014.0,5.0,4.0,3.0,12.6291666667,54.7325,8.86083333333,77.75,1.0,0.0,0.158333333333,77.4166666667,0.855625,0.0,0.0,10736.8046875,0.0
2014.0,5.0,4.0,4.0,12.0691666667,53.7245,8.96666666667,81.2666666667,1.0,0.0833333333333,0.925,69.0833333333,0.939625,0.0,0.0,10736.8046875,0.0
2014.0,5.0,4.0,5.0,11.6491666667,52.9685,8.83916666667,82.8166666667,2.5,0.216666666667,1.8,69.4166666667,1.002625,0.0,0.0,10736.8046875,0.0
2014.0,5.0,4.0,6.0,12.655,54.779,7.6575,71.8916666667,44.1666666667,0.05,1.11666666667,66.8333333333,0.85175,0.0,0.0,10736.8046875,0.0
2014.0,5.0,4.0,7.0,14.0483333333,57.287,5.8725,57.8166666667,73.3333333333,0.35,2.825,74.8333333333,0.64275,0.0,0.0,10736.8046875,0.0
2014.0,5.0,4.0,8.0,15.3683333333,59.663,4.48833333333,48.4916666667,255.0,0.7,4.08333333333,78.0,0.44475,0.0,0.0,10736.8046875,0.0
2014.0,5.0,4.0,9.0,17.2441666667,63.0395,3.6175,40.25,481.583333333,1.18333333333,5.58333333333,80.5,0.165333333333,0.00195833333333,0.0,10736.8046875,0.0
2014.0,5.0,4.0,10.0,17.3233333333,63.182,4.255,41.975,312.416666667,1.09166666667,5.04166666667,86.0,0.163291666667,0.0117916666667,0.0,10736.8046875,0.0
2014.0,5.0,4.0,11.0,15.4033333333,59.726,4.75666666667,49.05,97.8333333333,1.39166666667,6.18333333333,80.1666666667,0.4395,0.0,0.0,10736.8046875,0.0
2014.0,5.0,4.0,12.0,14.2716666667,57.689,5.08083333333,53.925,94.0,0.9,5.10833333333,93.8333333333,0.60925,0.0,0.0,10736.8046875,0.0
2014.0,5.0,4.0,13.0,13.8516666667,56.933,5.10666666667,55.5666666667,154.5,0.858333333333,5.13333333333,92.4166666667,0.67225,0.0,0.0,10736.8046875,0.0
2014.0,5.0,4.0,14.0,14.5866666667,58.256,5.4,54.15,270.166666667,0.866666666667,5.20833333333,91.3333333333,0.562,0.0,0.0,10736.8046875,0.0
2014.0,5.0,4.0,15.0,17.5816666667,63.647,4.72916666667,42.625,496.916666667,1.53333333333,6.54166666667,103.416666667,0.122875,0.010125,0.0,10736.8046875,0.0
2014.0,5.0,4.0,16.0,18.11,64.598,4.03333333333,39.2666666667,468.75,2.31666666667,8.25,89.75,0.0595833333333,0.0260833333333,0.0,10736.8046875,0.0
2014.0,5.0,4.0,17.0,17.4416666667,63.395,3.2625,38.775,273.583333333,2.24166666667,8.81666666667,93.6666666667,0.137541666667,0.00379166666667,0.0,10736.8046875,0.0
2014.0,5.0,4.0,18.0,17.0525,62.6945,1.48916666667,35.0666666667,145.916666667,1.95,8.16666666667,77.3333333333,0.192125,0.0,0.0,10736.8046875,0.0
2014.0,5.0,4.0,19.0,15.8075,60.4535,-0.00916666666667,34.0,24.75,0.783333333333,5.0,80.0833333333,0.378875,0.0,0.0,10736.8046875,0.0
2014.0,5.0,4.0,20.0,14.8125,58.6625,-0.0558333333333,36.15,1.0,0.325,3.10833333333,105.75,0.528125,0.0,0.0,10736.8046875,0.0
2014.0,5.0,4.0,21.0,14.0933333333,57.368,0.64,39.8083333333,1.0,0.258333333333,3.23333333333,92.1666666667,0.636,0.0,0.0,10736.8046875,0.0
2014.0,5.0,4.0,22.0,13.4608333333,56.2295,1.055,42.7333333333,1.0,0.216666666667,2.7,85.25,0.730875,0.0,0.0,10736.8046875,0.0
2014.0,5.0,4.0,23.0,12.7266666667,54.908,1.43666666667,46.1,1.0,0.683333333333,5.3,92.25,0.841,0.0,0.0,10736.8046875,0.0
2014.0,5.0,5.0,0.0,11.9275,53.4695,1.89333333333,50.1916666667,1.0,0.65,4.84166666667,97.5833333333,0.960875,0.0,720.0,10736.8046875,44.8125
2014.0,5.0,5.0,1.0,11.2541666667,52.2575,1.87583333333,52.4,1.0,0.55,4.93333333333,90.8333333333,1.061875,0.0,720.0,10736.8046875,44.3125
2014.0,5.0,5.0,2.0,10.7016666667,51.263,1.76583333333,53.9416666667,1.0,0.516666666667,4.45833333333,98.1666666667,1.14475,0.0,720.0,10736.8046875,45.0
2014.0,5.0,5.0,3.0,10.2391666667,50.4305,1.925,56.275,1.0,0.2,2.34166666667,84.8333333333,1.214125,0.0,720.0,10736.8046875,44.7083333333
2014.0,5.0,5.0,4.0,9.54333333333,49.178,2.16416666667,59.975,1.0,0.05,0.658333333333,80.8333333333,1.3185,0.0,720.0,10736.8046875,46.4583333333
2014.0,5.0,5.0,5.0,9.16166666667,48.491,2.3275,62.25,3.66666666667,0.0166666666667,0.875,91.6666666667,1.37575,0.0,720.0,10736.8046875,49.5833333333
2014.0,5.0,5.0,6.0,10.5908333333,51.0635,2.08083333333,55.7166666667,101.25,0.05,1.29166666667,99.5833333333,1.161375,0.0,720.0,10736.8046875,49.5625
2014.0,5.0,5.0,7.0,12.3641666667,54.2555,1.9,48.8,293.833333333,0.525,4.125,100.0,0.895375,0.0,720.0,10736.8046875,49.6041666667
2014.0,5.0,5.0,8.0,13.1933333333,55.748,1.85083333333,46.05,470.5,1.14166666667,5.46666666667,105.333333333,0.771,0.0,720.0,10736.8046875,50.5208333333
2014.0,5.0,5.0,9.0,13.96,57.128,1.90666666667,44.025,643.166666667,1.625,6.90833333333,111.333333333,0.656,0.0,720.0,10736.8046875,51.1875
2014.0,5.0,5.0,10.0,15.6808333333,60.2255,1.61833333333,38.6083333333,777.75,1.025,5.34166666667,116.5,0.397875,0.0,720.0,10736.8046875,53.6666666667
2014.0,5.0,5.0,11.0,17.0866666667,62.756,1.30083333333,34.5,918.25,1.25,5.525,105.916666667,0.194583333333,0.00758333333333,720.0,10736.8046875,54.2291666667
2014.0,5.0,5.0,12.0,18.4441666667,65.1995,0.941666666667,30.85,977.5,1.125,5.40833333333,111.416666667,0.0226666666667,0.0392916666667,720.0,10736.8046875,54.8125
2014.0,5.0,5.0,13.0,19.545,67.181,0.699166666667,28.3333333333,958.416666667,1.35,6.59166666667,110.25,0.00341666666667,0.185166666667,720.0,10736.8046875,55.2291666667
2014.0,5.0,5.0,14.0,21.0358333333,69.8645,-0.386666666667,23.85,845.333333333,1.0,6.01666666667,126.166666667,0.0,0.405375,720.0,10736.8046875,54.9375
2014.0,5.0,5.0,15.0,22.2883333333,72.119,-1.36,20.6083333333,747.083333333,0.658333333333,4.70833333333,103.583333333,0.0,0.59325,720.0,10736.8046875,55.5
2014.0,5.0,5.0,16.0,20.0125,68.0225,-1.95916666667,22.6333333333,307.666666667,0.908333333333,4.95,112.583333333,0.0,0.251875,720.0,10736.8046875,55.0833333333
2014.0,5.0,5.0,17.0,19.4466666667,67.004,-1.5175,24.2083333333,163.5,0.625,3.89166666667,87.5,0.0,0.167,720.0,10736.8046875,53.8958333333
2014.0,5.0,5.0,18.0,19.0083333333,66.215,-1.36083333333,25.1666666667,80.4166666667,0.133333333333,2.05833333333,94.5833333333,0.0,0.10125,720.0,10736.8046875,51.7083333333
2014.0,5.0,5.0,19.0,18.19,64.742,-0.9075,27.3916666667,5.91666666667,0.15,2.25833333333,87.6666666667,0.023625,0.002125,720.0,10736.8046875,53.375
2014.0,5.0,5.0,20.0,17.6175,63.7115,-0.170833333333,29.975,1.0,0.0166666666667,0.65,83.3333333333,0.107375,0.0,720.0,10736.8046875,52.4375
2014.0,5.0,5.0,21.0,16.3825,61.4885,0.19,33.2666666667,1.0,0.0,0.466666666667,71.0833333333,0.292625,0.0,720.0,10736.8046875,48.4791666667
2014.0,5.0,5.0,22.0,15.3366666667,59.606,0.399166666667,36.1,1.0,0.0,0.0,118.333333333,0.4495,0.0,720.0,10736.8046875,47.4583333333
2014.0,5.0,5.0,23.0,14.9125,58.8425,0.5975,37.65,1.0,0.0,0.0333333333333,111.916666667,0.513125,0.0,720.0,10736.8046875,46.1666666667
2014.0,5.0,6.0,0.0,13.8616666667,56.951,0.976666666667,41.4833333333,1.0,0.0,0.175,156.416666667,0.67075,0.0,720.0,10736.8046875,45.6666666667
2014.0,5.0,6.0,1.0,12.8175,55.0715,0.811666666667,43.7916666667,1.0,0.0,0.0166666666667,201.25,0.827375,0.0,720.0,10736.8046875,45.5208333333
2014.0,5.0,6.0,2.0,12.4791666667,54.4625,-0.450833333333,40.8833333333,1.0,0.0,0.316666666667,197.166666667,0.878125,0.0,720.0,10736.8046875,45.75
2014.0,5.0,6.0,3.0,12.5325,54.5585,-1.93666666667,36.525,1.0,0.0,0.216666666667,186.833333333,0.870125,0.0,720.0,10736.8046875,45.5625
2014.0,5.0,6.0,4.0,12.3483333333,54.227,-2.18583333333,36.2916666667,1.0,0.0,0.0916666666667,143.333333333,0.89775,0.0,720.0,10736.8046875,47.2291666667
2014.0,5.0,6.0,5.0,12.1425,53.8565,-1.67333333333,38.2,3.5,0.0,0.191666666667,145.666666667,0.928625,0.0,720.0,10736.8046875,51.0208333333
2014.0,5.0,6.0,6.0,11.9166666667,53.45,-0.338333333333,42.75,45.6666666667,0.0333333333333,0.708333333333,194.166666667,0.9625,0.0,720.0,10736.8046875,50.6875
2014.0,5.0,6.0,7.0,12.8608333333,55.1495,-0.144166666667,40.8666666667,157.833333333,0.116666666667,1.33333333333,179.583333333,0.820875,0.0,720.0,10736.8046875,49.2291666667
2014.0,5.0,6.0,8.0,15.2233333333,59.402,-0.225,34.7666666667,402.666666667,0.15,1.69166666667,189.666666667,0.4665,0.0,720.0,10736.8046875,49.7916666667
2014.0,5.0,6.0,9.0,17.585,63.653,0.24,30.9583333333,625.833333333,0.0,0.558333333333,218.75,0.11225,0.0,720.0,10736.8046875,52.9583333333
2014.0,5.0,6.0,10.0,19.8591666667,67.7465,-0.00166666666667,26.4833333333,779.916666667,0.0,0.2,168.583333333,0.00941666666667,0.238291666667,720.0,10736.8046875,55.1458333333
2014.0,5.0,6.0,11.0,22.0733333333,71.732,-0.198333333333,22.7416666667,906.333333333,0.0,0.25,197.166666667,0.0,0.561,720.0,10736.8046875,55.7083333333
2014.0,5.0,6.0,12.0,22.5825,72.6485,0.268333333333,22.825,968.666666667,0.15,1.61666666667,115.166666667,0.0,0.637375,720.0,10736.8046875,54.5
2014.0,5.0,6.0,13.0,23.27,73.886,0.39,22.025,950.416666667,0.166666666667,1.825,118.25,0.0,0.7405,720.0,10736.8046875,54.25
2014.0,5.0,6.0,14.0,23.0366666667,73.466,0.648333333333,22.7666666667,852.833333333,0.691666666667,4.83333333333,123.25,0.0,0.7055,720.0,10736.8046875,53.8333333333
2014.0,5.0,6.0,15.0,23.3033333333,73.946,0.765,22.575,727.166666667,0.533333333333,4.09166666667,105.75,0.0,0.7455,720.0,10736.8046875,53.8333333333
2014.0,5.0,6.0,16.0,23.2075,73.7735,0.833333333333,22.8833333333,569.583333333,0.358333333333,3.13333333333,113.083333333,0.0,0.731125,720.0,10736.8046875,53.8541666667
2014.0,5.0,6.0,17.0,23.3883333333,74.099,1.23416666667,23.25,384.5,0.466666666667,3.23333333333,108.75,0.0,0.75825,720.0,10736.8046875,53.75
2014.0,5.0,6.0,18.0,22.9516666667,73.313,1.59666666667,24.5333333333,180.75,0.166666666667,1.96666666667,135.75,0.0,0.69275,720.0,10736.8046875,52.4791666667
2014.0,5.0,6.0,19.0,20.085,68.153,1.80083333333,29.675,26.4166666667,0.641666666667,3.55,172.25,0.0,0.26275,720.0,10736.8046875,51.75
2014.0,5.0,6.0,20.0,18.475,65.255,1.33666666667,31.65,1.0,0.725,4.275,193.75,0.0111666666667,0.0324166666667,720.0,10736.8046875,49.5625
2014.0,5.0,6.0,21.0,17.4633333333,63.434,0.8725,32.625,1.0,0.45,2.95833333333,187.083333333,0.1305,0.0,720.0,10736.8046875,47.8125
2014.0,5.0,6.0,22.0,16.4616666667,61.631,0.555833333333,33.975,1.0,0.158333333333,1.64166666667,195.5,0.28075,0.0,720.0,10736.8046875,46.4791666667
2014.0,5.0,6.0,23.0,15.3883333333,59.699,0.304166666667,35.7333333333,1.0,0.05,0.608333333333,183.0,0.44175,0.0,720.0,10736.8046875,45.9375
2014.0,5.0,7.0,0.0,14.53,58.154,0.288333333333,37.7166666667,1.0,0.0166666666667,1.125,178.833333333,0.5705,0.0,720.0,10736.8046875,22.5
2014.0,5.0,7.0,1.0,13.5775,56.4395,0.388333333333,40.425,1.0,0.0,0.2,182.166666667,0.713375,0.0,720.0,10736.8046875,0.0
2014.0,5.0,7.0,2.0,12.7791666667,55.0025,0.304166666667,42.3166666667,1.0,0.0333333333333,0.533333333333,190.25,0.833125,0.0,720.0,10736.8046875,0.0
2014.0,5.0,7.0,3.0,12.1933333333,53.948,0.155833333333,43.5083333333,1.0,0.0666666666667,1.29166666667,185.583333333,0.921,0.0,720.0,10736.8046875,0.0
2014.0,5.0,7.0,4.0,11.4708333333,52.6475,0.116666666667,45.525,1.0,0.0666666666667,0.758333333333,176.333333333,1.029375,0.0,720.0,10736.8046875,0.0
2014.0,5.0,7.0,5.0,10.8716666667,51.569,0.226666666667,47.725,5.0,0.0,0.1,190.416666667,1.11925,0.0,720.0,10736.8046875,0.0
2014.0,5.0,7.0,6.0,12.2158333333,53.9885,-0.0716666666667,42.825,96.5,0.175,2.05833333333,205.5,0.917625,0.0,720.0,10736.8046875,0.0
2014.0,5.0,7.0,7.0,14.3875,57.8975,-0.615833333333,35.6916666667,276.833333333,0.35,2.50833333333,221.666666667,0.591875,0.0,720.0,10736.8046875,0.0
2014.0,5.0,7.0,8.0,16.4475,61.6055,-0.7575,30.9166666667,462.083333333,0.3,2.625,224.416666667,0.282875,0.0,720.0,10736.8046875,0.0
2014.0,5.0,7.0,9.0,17.7366666667,63.926,-0.165,29.775,601.0,0.216666666667,2.10833333333,241.25,0.0967083333333,0.00720833333333,720.0,10736.8046875,0.0
2014.0,5.0,7.0,10.0,20.0183333333,68.033,0.505833333333,27.1916666667,742.5,0.0,0.441666666667,215.333333333,0.00808333333333,0.260833333333,720.0,10736.8046875,49.625
2014.0,5.0,7.0,11.0,21.335,70.403,-0.00916666666667,24.0833333333,738.583333333,0.0166666666667,0.3,185.416666667,0.0,0.45025,720.0,10736.8046875,54.625
2014.0,5.0,7.0,12.0,20.1816666667,68.327,-0.3275,25.25,537.833333333,0.0333333333333,0.825,67.9166666667,0.0,0.27725,720.0,10736.8046875,53.8125
2014.0,5.0,7.0,13.0,20.8008333333,69.4415,0.06,25.0083333333,518.583333333,0.208333333333,1.83333333333,112.916666667,0.0,0.370125,720.0,10736.8046875,55.8125
2014.0,5.0,7.0,14.0,19.9633333333,67.934,1.63166666667,29.525,266.0,0.133333333333,1.7,80.5833333333,0.0,0.2445,720.0,10736.8046875,56.6041666667
2014.0,5.0,7.0,15.0,18.8491666667,65.9285,3.52833333333,36.3083333333,207.0,0.65,2.80833333333,59.0833333333,0.00141666666667,0.0787916666667,720.0,10736.8046875,56.0208333333
2014.0,5.0,7.0,16.0,17.455,63.419,4.87833333333,43.5,135.416666667,0.516666666667,2.98333333333,38.25,0.155166666667,0.0234166666667,720.0,10736.8046875,55.7708333333
2014.0,5.0,7.0,17.0,16.0258333333,60.8465,5.89166666667,50.95,34.6666666667,0.0666666666667,0.633333333333,113.583333333,0.346125,0.0,720.0,10736.8046875,53.4583333333
2014.0,5.0,7.0,18.0,15.7791666667,60.4025,5.98416666667,52.175,22.0,0.0,0.166666666667,189.583333333,0.383125,0.0,720.0,10736.8046875,51.5
2014.0,5.0,7.0,19.0,14.2341666667,57.6215,6.92,61.575,3.66666666667,0.0,0.0916666666667,291.416666667,0.614875,0.0,720.0,10736.8046875,52.0208333333
2014.0,5.0,7.0,20.0,14.56,58.208,7.59583333333,62.9333333333,1.0,0.0,0.116666666667,319.166666667,0.566,0.0,720.0,10736.8046875,51.4583333333
2014.0,5.0,7.0,21.0,14.17,57.506,7.655,64.825,1.0,0.0,0.0666666666667,317.333333333,0.6245,0.0,720.0,10736.8046875,48.6875
2014.0,5.0,7.0,22.0,14.03,57.254,8.76166666667,70.5,1.0,0.0,0.158333333333,310.333333333,0.6455,0.0,720.0,10736.8046875,47.3958333333
2014.0,5.0,7.0,23.0,13.7975,56.8355,9.44916666667,74.9583333333,1.0,0.0,0.125,321.833333333,0.680375,0.0,720.0,10736.8046875,45.9375
2014.0,5.0,8.0,0.0,13.7333333333,56.72,9.68166666667,76.45,1.0,0.0,0.05,329.083333333,0.69,0.0,720.0,10736.8046875,22.875
2014.0,5.0,8.0,1.0,13.9433333333,57.098,9.52666666667,74.6416666667,1.0,0.0,0.0,321.5,0.6585,0.0,720.0,10736.8046875,0.0
2014.0,5.0,8.0,2.0,14.2708333333,57.6875,9.09583333333,70.9833333333,1.0,0.0,0.0333333333333,288.833333333,0.609375,0.0,720.0,10736.8046875,0.0
2014.0,5.0,8.0,3.0,14.3416666667,57.815,9.47333333333,72.5583333333,1.0,0.0,0.0666666666667,277.583333333,0.59875,0.0,720.0,10736.8046875,0.0
2014.0,5.0,8.0,4.0,13.2666666667,55.88,10.675,84.3,1.0,0.0,0.15,227.333333333,0.76,0.0,720.0,10736.8046875,0.0
2014.0,5.0,8.0,5.0,12.495,54.491,11.0383333333,90.8833333333,1.0,0.0,0.358333333333,261.0,0.87575,0.0,720.0,10736.8046875,0.0
2014.0,5.0,8.0,6.0,12.5191666667,54.5345,11.2583333333,91.9583333333,5.16666666667,0.0,0.0,286.916666667,0.872125,0.0,720.0,10736.8046875,0.0
2014.0,5.0,8.0,7.0,12.9716666667,55.349,11.6541666667,91.625,34.0833333333,0.0333333333333,0.666666666667,258.25,0.80425,0.0,720.0,10736.8046875,48.75
2014.0,5.0,8.0,8.0,12.845,55.121,11.4783333333,91.3166666667,36.0833333333,0.0,0.433333333333,300.583333333,0.82325,0.0,720.0,10736.8046875,49.2083333333
2014.0,5.0,8.0,9.0,13.0175,55.4315,11.5883333333,90.9666666667,128.0,0.0,0.35,306.916666667,0.797375,0.0,720.0,10736.8046875,52.0625
2014.0,5.0,8.0,10.0,14.875,58.775,12.1175,83.5083333333,237.333333333,0.0,0.158333333333,317.0,0.51875,0.0,720.0,10736.8046875,54.6458333333
2014.0,5.0,8.0,11.0,17.2733333333,63.092,12.5808333333,73.8833333333,321.666666667,0.0,0.0333333333333,240.583333333,0.159,0.0,720.0,10736.8046875,55.2916666667
2014.0,5.0,8.0,12.0,18.6033333333,65.486,12.8675,69.25,431.0,0.0,0.383333333333,132.583333333,0.0176666666667,0.0581666666667,720.0,10736.8046875,55.3125
2014.0,5.0,8.0,13.0,19.4358333333,66.9845,13.595,68.9166666667,385.666666667,0.05,1.05,192.5,0.0,0.165375,720.0,10736.8046875,55.1666666667
2014.0,5.0,8.0,14.0,20.9233333333,69.662,13.6625,63.275,530.0,0.0333333333333,0.866666666667,161.416666667,0.0,0.3885,720.0,10736.8046875,54.5625
2014.0,5.0,8.0,15.0,23.5933333333,74.468,13.9166666667,54.6666666667,693.416666667,0.05,1.06666666667,155.583333333,0.0,0.789,720.0,10736.8046875,54.7291666667
2014.0,5.0,8.0,16.0,23.1291666667,73.6325,13.8966666667,56.1583333333,514.166666667,0.133333333333,1.725,216.333333333,0.0,0.719375,720.0,10736.8046875,55.9166666667
2014.0,5.0,8.0,17.0,22.5975,72.6755,13.99,58.2416666667,336.916666667,0.2,2.00833333333,252.75,0.0,0.639625,720.0,10736.8046875,54.8958333333
2014.0,5.0,8.0,18.0,20.6883333333,69.239,14.0425,65.75,157.0,0.166666666667,2.15,247.75,0.0,0.35325,720.0,10736.8046875,52.1875
2014.0,5.0,8.0,19.0,18.135,64.643,14.225,77.9083333333,37.0,0.633333333333,3.46666666667,240.916666667,0.0608333333333,0.0310833333333,720.0,10736.8046875,52.7083333333
2014.0,5.0,8.0,20.0,16.7441666667,62.1395,14.1125,84.375,1.0,0.65,4.01666666667,244.833333333,0.238375,0.0,720.0,10736.8046875,51.9791666667
2014.0,5.0,8.0,21.0,15.9941666667,60.7895,13.96,87.6416666667,1.0,0.233333333333,2.43333333333,246.833333333,0.350875,0.0,720.0,10736.8046875,50.8125
2014.0,5.0,8.0,22.0,14.85,58.73,13.4633333333,91.3083333333,1.0,0.316666666667,2.35,244.666666667,0.5225,0.0,720.0,10736.8046875,46.2916666667
2014.0,5.0,8.0,23.0,14.2383333333,57.629,13.0475,92.4583333333,1.0,0.0916666666667,1.275,239.833333333,0.61425,0.0,720.0,10736.8046875,45.4583333333
2014.0,5.0,9.0,0.0,14.0508333333,57.2915,12.7783333333,91.95,1.0,0.0,0.158333333333,260.0,0.642375,0.0,720.0,10736.8046875,22.75
2014.0,5.0,9.0,1.0,14.26,57.668,13.0441666667,92.3083333333,1.0,0.0,0.0166666666667,196.166666667,0.611,0.0,720.0,10736.8046875,0.0
2014.0,5.0,9.0,2.0,14.3566666667,57.842,13.1383333333,92.2916666667,1.0,0.0166666666667,0.583333333333,233.166666667,0.5965,0.0,720.0,10736.8046875,0.0
2014.0,5.0,9.0,3.0,14.1183333333,57.413,13.1408333333,93.7416666667,1.0,0.0,0.15,233.166666667,0.63225,0.0,720.0,10736.8046875,0.0
2014.0,5.0,9.0,4.0,14.0108333333,57.2195,13.1925,94.725,1.0,0.0333333333333,0.866666666667,225.5,0.648375,0.0,720.0,10736.8046875,0.0
2014.0,5.0,9.0,5.0,13.8975,57.0155,13.2116666667,95.5333333333,1.33333333333,0.0,0.283333333333,219.0,0.665375,0.0,720.0,10736.8046875,0.0
2014.0,5.0,9.0,6.0,13.7591666667,56.7665,13.4408333333,97.85,27.0833333333,0.0,0.283333333333,214.25,0.686125,0.0,720.0,10736.8046875,0.0
2014.0,5.0,9.0,7.0,15.1591666667,59.2865,13.9933333333,92.65,89.6666666667,0.0,0.125,246.583333333,0.476125,0.0,720.0,10736.8046875,0.0
2014.0,5.0,9.0,8.0,15.5391666667,59.9705,14.2008333333,91.65,118.333333333,0.0,0.433333333333,219.0,0.419125,0.0,720.0,10736.8046875,0.0
2014.0,5.0,9.0,9.0,16.6175,61.9115,14.3366666667,86.325,253.5,0.0,0.658333333333,240.333333333,0.257375,0.0,720.0,10736.8046875,0.0
2014.0,5.0,9.0,10.0,18.4791666667,65.2625,14.875,79.5083333333,298.666666667,0.0,0.216666666667,266.416666667,0.0427083333333,0.0645833333333,720.0,10736.8046875,0.0
2014.0,5.0,9.0,11.0,19.5675,67.2215,14.8833333333,74.3833333333,411.166666667,0.0166666666667,0.808333333333,304.833333333,0.0,0.185125,720.0,10736.8046875,0.0
2014.0,5.0,9.0,12.0,22.5383333333,72.569,15.1691666667,63.1666666667,600.583333333,0.0166666666667,1.03333333333,303.75,0.0,0.63075,720.0,10736.8046875,0.0
2014.0,5.0,9.0,13.0,23.8133333333,74.864,15.8491666667,61.0,473.166666667,0.0,0.116666666667,209.083333333,0.0,0.822,720.0,10736.8046875,0.0
2014.0,5.0,9.0,14.0,26.0958333333,78.9725,16.2341666667,54.7416666667,588.416666667,0.0333333333333,0.45,254.5,0.0,1.164375,720.0,10736.8046875,0.0
2014.0,5.0,9.0,15.0,27.1675,80.9015,16.5275,52.2833333333,584.416666667,0.0166666666667,0.625,302.75,0.0,1.325125,720.0,10736.8046875,0.0
2014.0,5.0,9.0,16.0,25.06,77.108,17.1366666667,61.425,273.25,0.0333333333333,0.566666666667,242.916666667,0.0,1.009,720.0,10736.8046875,0.0
2014.0,5.0,9.0,17.0,24.3625,75.8525,17.5816666667,65.8333333333,165.25,0.0666666666667,1.36666666667,272.333333333,0.0,0.904375,720.0,10736.8046875,0.0
2014.0,5.0,9.0,18.0,23.7458333333,74.7425,17.2783333333,67.125,146.75,0.533333333333,3.31666666667,304.5,0.0,0.811875,720.0,10736.8046875,0.0
2014.0,5.0,9.0,19.0,21.5958333333,70.8725,17.655,78.2583333333,15.3333333333,0.25,2.28333333333,309.083333333,0.0,0.489375,720.0,10736.8046875,8.5625
2014.0,5.0,9.0,20.0,19.8591666667,67.7465,17.6666666667,87.0833333333,1.0,0.183333333333,2.13333333333,304.0,0.0,0.228875,720.0,10736.8046875,49.8541666667
2014.0,5.0,9.0,21.0,19.3675,66.8615,17.675,89.8166666667,1.0,0.05,1.3,291.0,0.0,0.155125,720.0,10736.8046875,48.25
2014.0,5.0,9.0,22.0,18.5916666667,65.465,17.4525,92.95,1.0,0.0333333333333,0.65,299.416666667,0.00104166666667,0.0397916666667,720.0,10736.8046875,45.1666666667
2014.0,5.0,9.0,23.0,18.4,65.12,17.4583333333,94.1083333333,1.0,0.0166666666667,0.366666666667,311.916666667,0.005625,0.015625,720.0,10736.8046875,44.4166666667
2014.0,5.0,10.0,0.0,17.9225,64.2605,17.0075,94.25,1.0,0.0833333333333,1.24166666667,335.5,0.061625,0.0,0.0,10736.8046875,44.375
2014.0,5.0,10.0,1.0,17.8908333333,64.2035,16.9175,93.9083333333,1.0,0.0,0.191666666667,335.083333333,0.066375,0.0,0.0,10736.8046875,44.3958333333
2014.0,5.0,10.0,2.0,17.71,63.878,16.7683333333,94.0833333333,1.0,0.0166666666667,0.55,308.833333333,0.0935,0.0,0.0,10736.8046875,44.5
2014.0,5.0,10.0,3.0,17.3566666667,63.242,16.6858333333,95.7333333333,1.0,0.0,0.125,93.9166666667,0.1465,0.0,0.0,10736.8046875,44.5208333333
2014.0,5.0,10.0,4.0,17.05,62.69,16.5208333333,96.5666666667,1.0,0.0,0.3,50.75,0.1925,0.0,0.0,10736.8046875,46.0208333333
2014.0,5.0,10.0,5.0,16.8516666667,62.333,16.1825,95.7,3.08333333333,0.0166666666667,0.525,52.5833333333,0.22225,0.0,0.0,10736.8046875,50.5416666667
2014.0,5.0,10.0,6.0,16.82,62.276,15.9625,94.5583333333,45.8333333333,0.1,1.225,55.8333333333,0.227,0.0,0.0,10736.8046875,49.625
2014.0,5.0,10.0,7.0,17.7658333333,63.9785,16.1566666667,90.2916666667,123.083333333,0.0,0.0,54.0833333333,0.109166666667,0.0240416666667,0.0,10736.8046875,48.6041666667
2014.0,5.0,10.0,8.0,19.5358333333,67.1645,16.6125,83.1333333333,240.583333333,0.0,0.35,46.75,0.0,0.180375,0.0,10736.8046875,47.125
2014.0,5.0,10.0,9.0,23.0466666667,73.484,17.1158333333,69.35,489.75,0.05,1.16666666667,94.4166666667,0.0,0.707,0.0,10736.8046875,47.2291666667
2014.0,5.0,10.0,10.0,27.06,80.708,17.4641666667,55.85,767.833333333,0.233333333333,2.41666666667,76.0833333333,0.0,1.309,0.0,10736.8046875,48.875
2014.0,5.0,10.0,11.0,28.1291666667,82.6325,17.8316666667,53.7,652.583333333,0.675,4.09166666667,42.0,0.0,1.469375,0.0,10736.8046875,49.7083333333
2014.0,5.0,10.0,12.0,27.7966666667,82.034,17.5475,53.7416666667,526.666666667,0.675,4.23333333333,45.0,0.0,1.4195,0.0,10736.8046875,49.2916666667
2014.0,5.0,10.0,13.0,28.82,83.876,17.3275,50.0083333333,615.166666667,1.65,6.80833333333,49.0833333333,0.0,1.573,0.0,10736.8046875,49.875
2014.0,5.0,10.0,14.0,27.1366666667,80.846,17.5516666667,56.2916666667,304.25,1.65833333333,6.53333333333,50.1666666667,0.0,1.3205,0.0,10736.8046875,26.1041666667
2014.0,5.0,10.0,15.0,20.4366666667,68.786,-24.6541666667,15.45,80.8333333333,3.95833333333,10.9333333333,65.4166666667,0.000791666666667,0.316291666667,0.0,10736.8046875,0.0
2014.0,5.0,10.0,16.0,20.1116666667,68.201,-21.9916666667,18.4583333333,215.833333333,0.35,2.60833333333,70.6666666667,0.0,0.26675,0.0,10736.8046875,0.0
2014.0,5.0,10.0,17.0,21.7741666667,71.1935,19.0858333333,84.65,160.666666667,0.341666666667,2.175,81.25,0.0,0.516125,0.0,10736.8046875,0.0
2014.0,5.0,10.0,18.0,21.64,70.952,18.2775,81.0833333333,103.75,0.441666666667,3.14166666667,78.3333333333,0.0,0.496,0.0,10736.8046875,0.0
2014.0,5.0,10.0,19.0,21.085,69.953,18.3116666667,84.0833333333,14.6666666667,0.166666666667,1.64166666667,62.6666666667,0.0,0.41275,0.0,10736.8046875,3.91666666667
2014.0,5.0,10.0,20.0,20.5108333333,68.9195,18.3216666667,87.175,1.0,0.0333333333333,0.608333333333,60.5,0.0,0.326625,0.0,10736.8046875,49.3125
2014.0,5.0,10.0,21.0,20.4633333333,68.834,18.3775,87.725,1.0,0.2,1.73333333333,65.0833333333,0.0,0.3195,0.0,10736.8046875,47.2291666667
2014.0,5.0,10.0,22.0,18.7016666667,65.663,-12.5325,39.3166666667,1.0,1.21666666667,4.26666666667,67.0,0.0386666666667,0.0939166666667,0.0,10736.8046875,45.7291666667
2014.0,5.0,10.0,23.0,18.1208333333,64.6175,-38.9075,1.0,1.0,0.216666666667,1.53333333333,69.5,0.031875,0.0,0.0,10736.8046875,45.3541666667
2014.0,5.0,11.0,0.0,17.9791666667,64.3625,-38.995,1.0,1.0,0.0666666666667,0.933333333333,65.25,0.053125,0.0,0.0,10736.8046875,22.25
2014.0,5.0,11.0,1.0,17.6683333333,63.803,-39.1833333333,1.0,1.0,0.191666666667,2.19166666667,68.5833333333,0.09975,0.0,0.0,10736.8046875,0.0
2014.0,5.0,11.0,2.0,17.5516666667,63.593,-22.9433333333,24.9166666667,1.0,0.208333333333,2.25,71.8333333333,0.11725,0.0,0.0,10736.8046875,0.0
2014.0,5.0,11.0,3.0,17.3266666667,63.188,17.1825,98.95,1.0,0.0833333333333,1.35,75.25,0.151,0.0,0.0,10736.8046875,0.0
2014.0,5.0,11.0,4.0,17.2175,62.9915,15.7641666667,91.075,1.0,0.0333333333333,0.808333333333,84.6666666667,0.167375,0.0,0.0,10736.8046875,0.0
2014.0,5.0,11.0,5.0,16.9916666667,62.585,15.0116666667,88.025,5.66666666667,0.0333333333333,0.883333333333,89.0,0.20125,0.0,0.0,10736.8046875,0.0
2014.0,5.0,11.0,6.0,18.3441666667,65.0195,14.6291666667,78.925,98.6666666667,0.0,0.25,103.5,0.0383333333333,0.0399583333333,0.0,10736.8046875,0.0
2014.0,5.0,11.0,7.0,20.5333333333,68.96,14.2383333333,67.1916666667,273.666666667,0.0666666666667,1.14166666667,115.0,0.0,0.33,0.0,10736.8046875,0.0
2014.0,5.0,11.0,8.0,21.8166666667,71.27,13.1766666667,58.05,469.416666667,0.2,1.98333333333,124.416666667,0.0,0.5225,0.0,10736.8046875,0.0
2014.0,5.0,11.0,9.0,23.3816666667,74.087,8.38333333333,38.4583333333,656.75,0.475,2.99166666667,133.083333333,0.0,0.75725,0.0,10736.8046875,45.4583333333
2014.0,5.0,11.0,10.0,23.9966666667,75.194,7.4525,34.675,742.666666667,0.658333333333,4.2,120.666666667,0.0,0.8495,0.0,10736.8046875,45.7291666667
2014.0,5.0,11.0,11.0,25.5108333333,77.9195,8.2675,33.475,844.916666667,0.433333333333,3.225,123.25,0.0,1.076625,0.0,10736.8046875,46.8333333333
2014.0,5.0,11.0,12.0,25.8791666667,78.5825,7.83416666667,31.8083333333,992.333333333,0.866666666667,4.98333333333,92.9166666667,0.0,1.131875,0.0,10736.8046875,48.0
2014.0,5.0,11.0,13.0,27.1691666667,80.9045,8.205,30.2416666667,909.0,0.708333333333,3.96666666667,93.3333333333,0.0,1.325375,0.0,10736.8046875,49.125
2014.0,5.0,11.0,14.0,27.3616666667,81.251,8.69916666667,30.9416666667,741.083333333,0.908333333333,4.325,90.25,0.0,1.35425,0.0,10736.8046875,49.1041666667
2014.0,5.0,11.0,15.0,26.455,79.619,9.41,34.2,603.916666667,1.29166666667,5.44166666667,65.5,0.0,1.21825,0.0,10736.8046875,49.2291666667
2014.0,5.0,11.0,16.0,26.3666666667,79.46,9.68333333333,35.0,486.666666667,1.75833333333,5.9,65.25,0.0,1.205,0.0,10736.8046875,49.3125
2014.0,5.0,11.0,17.0,25.1125,77.2025,10.2083333333,39.025,221.166666667,1.59166666667,5.475,70.75,0.0,1.016875,0.0,10736.8046875,49.6041666667
2014.0,5.0,11.0,18.0,24.9875,76.9775,9.51916666667,37.5666666667,154.833333333,0.766666666667,3.93333333333,72.3333333333,0.0,0.998125,0.0,10736.8046875,50.0416666667
2014.0,5.0,11.0,19.0,23.9183333333,75.053,9.48833333333,40.0,48.0,0.2,1.625,68.3333333333,0.0,0.83775,0.0,10736.8046875,49.5208333333
2014.0,5.0,11.0,20.0,22.63,72.734,9.83416666667,44.1833333333,1.0,0.0,0.0,68.5,0.0,0.6445,0.0,10736.8046875,48.5833333333
2014.0,5.0,11.0,21.0,22.045,71.681,10.2741666667,47.1833333333,1.0,0.0166666666667,0.808333333333,62.4166666667,0.0,0.55675,0.0,10736.8046875,46.8541666667
2014.0,5.0,11.0,22.0,20.9975,69.7955,11.1191666667,53.1916666667,1.0,0.0833333333333,1.375,69.5,0.0,0.399625,0.0,10736.8046875,45.0
2014.0,5.0,11.0,23.0,19.9533333333,67.916,11.3558333333,57.6,1.0,0.05,0.841666666667,68.4166666667,0.0,0.243,0.0,10736.8046875,45.0416666667
2014.0,5.0,12.0,0.0,19.4008333333,66.9215,10.95,58.025,1.0,0.0,0.241666666667,69.3333333333,0.0,0.160125,720.0,10736.8046875,1.0
2014.0,5.0,12.0,1.0,18.695,65.651,11.0683333333,61.1583333333,1.0,0.0,0.325,57.25,0.005625,0.059875,720.0,10736.8046875,0.0
2014.0,5.0,12.0,2.0,17.5183333333,63.533,11.9175,69.6333333333,1.0,0.0,0.116666666667,61.25,0.12225,0.0,720.0,10736.8046875,0.0
2014.0,5.0,12.0,3.0,17.31,63.158,11.9775,70.8083333333,1.0,0.0,0.1,66.5833333333,0.1535,0.0,720.0,10736.8046875,0.0
2014.0,5.0,12.0,4.0,16.6491666667,61.9685,12.0316666667,74.1083333333,1.0,0.0,0.0,227.916666667,0.252625,0.0,720.0,10736.8046875,0.0
2014.0,5.0,12.0,5.0,16.6075,61.8935,12.1433333333,74.85,4.58333333333,0.0,0.0,273.75,0.258875,0.0,720.0,10736.8046875,0.0
2014.0,5.0,12.0,6.0,18.6825,65.6285,11.8583333333,64.65,99.4166666667,0.0,0.0,275.0,0.0592083333333,0.111583333333,720.0,10736.8046875,0.0
2014.0,5.0,12.0,7.0,20.0583333333,68.105,12.7,62.5416666667,269.333333333,0.0333333333333,0.9,62.5833333333,0.0,0.25875,720.0,10736.8046875,0.0
2014.0,5.0,12.0,8.0,22.2966666667,72.134,13.7466666667,58.4083333333,452.833333333,0.116666666667,1.19166666667,53.0,0.0,0.5945,720.0,10736.8046875,0.0
2014.0,5.0,12.0,9.0,24.1925,75.5465,15.0983333333,56.8666666667,563.5,0.216666666667,1.58333333333,76.25,0.0,0.878875,720.0,10736.8046875,0.0
2014.0,5.0,12.0,10.0,26.7083333333,80.075,15.69,51.1083333333,627.25,0.0166666666667,0.608333333333,128.083333333,0.0,1.25625,720.0,10736.8046875,0.0
2014.0,5.0,12.0,11.0,28.2733333333,82.892,16.3091666667,48.3166666667,692.666666667,0.133333333333,1.55,33.75,0.0,1.491,720.0,10736.8046875,0.0
2014.0,5.0,12.0,12.0,29.6425,85.3565,16.7533333333,45.9166666667,817.333333333,0.508333333333,3.03333333333,48.5833333333,0.0,1.696375,720.0,10736.8046875,0.0
2014.0,5.0,12.0,13.0,30.6366666667,87.146,16.4366666667,42.4833333333,844.666666667,0.491666666667,3.26666666667,43.4166666667,0.0,1.8455,720.0,10736.8046875,0.0
2014.0,5.0,12.0,14.0,31.445,88.601,16.6208333333,41.1416666667,814.833333333,0.991666666667,4.61666666667,53.0833333333,0.0,1.96675,720.0,10736.8046875,0.0
2014.0,5.0,12.0,15.0,30.1625,86.2925,17.4066666667,46.4166666667,478.75,0.708333333333,4.35833333333,41.8333333333,0.0,1.774375,720.0,10736.8046875,0.0
2014.0,5.0,12.0,16.0,30.1833333333,86.33,17.305,46.05,476.25,1.25833333333,5.44166666667,56.1666666667,0.0,1.7775,720.0,10736.8046875,19.375
2014.0,5.0,12.0,17.0,28.2725,82.8905,17.0083333333,50.4333333333,116.25,1.69166666667,6.03333333333,60.1666666667,0.0,1.490875,720.0,10736.8046875,55.3333333333
2014.0,5.0,12.0,18.0,27.5033333333,81.506,17.705,55.1,41.5833333333,0.541666666667,3.39166666667,68.1666666667,0.0,1.3755,720.0,10736.8046875,53.8333333333
2014.0,5.0,12.0,19.0,26.8683333333,80.363,18.3,59.3916666667,17.8333333333,0.15,1.925,68.25,0.0,1.28025,720.0,10736.8046875,53.5833333333
2014.0,5.0,12.0,20.0,26.3466666667,79.424,18.7491666667,62.9583333333,1.0,0.0,0.733333333333,65.1666666667,0.0,1.202,720.0,10736.8046875,52.8541666667
2014.0,5.0,12.0,21.0,25.435,77.783,18.835,66.8166666667,1.0,0.0166666666667,0.825,68.6666666667,0.0,1.06525,720.0,10736.8046875,51.1041666667
2014.0,5.0,12.0,22.0,24.3475,75.8255,18.835,71.2833333333,1.0,0.0,0.0,62.4166666667,0.0,0.902125,720.0,10736.8046875,47.4583333333
2014.0,5.0,12.0,23.0,23.45,74.21,18.7316666667,74.75,1.0,0.0,0.0,62.4166666667,0.0,0.7675,720.0,10736.8046875,46.8958333333
2014.0,5.0,13.0,0.0,22.8541666667,73.1375,18.7925,77.7666666667,1.0,0.0,0.0166666666667,66.4166666667,0.0,0.678125,720.0,10736.8046875,22.375
2014.0,5.0,13.0,1.0,22.2,71.96,18.735,80.6416666667,1.0,0.0,0.0,62.1666666667,0.0,0.58,720.0,10736.8046875,0.0
2014.0,5.0,13.0,2.0,21.5125,70.7225,18.6275,83.5333333333,1.0,0.0,0.0,47.9166666667,0.0,0.476875,720.0,10736.8046875,0.0
2014.0,5.0,13.0,3.0,20.795,69.431,18.6283333333,87.2916666667,1.0,0.0,0.0,67.4166666667,0.0,0.36925,720.0,10736.8046875,0.0
2014.0,5.0,13.0,4.0,20.4641666667,68.8355,18.5433333333,88.6083333333,1.0,0.0,0.0,64.75,0.0,0.319625,720.0,10736.8046875,0.0
2014.0,5.0,13.0,5.0,20.2091666667,68.3765,18.4333333333,89.4083333333,3.16666666667,0.0,0.0,66.0833333333,0.0,0.281375,720.0,10736.8046875,0.0
2014.0,5.0,13.0,6.0,21.525,70.745,18.4808333333,82.7916666667,58.9166666667,0.0,0.0,52.5833333333,0.0,0.47875,720.0,10736.8046875,0.0
2014.0,5.0,13.0,7.0,23.8625,74.9525,18.1391666667,70.3416666667,190.833333333,0.0,0.0916666666667,205.416666667,0.0,0.829375,720.0,10736.8046875,0.0
2014.0,5.0,13.0,8.0,24.89,76.802,18.07,65.8916666667,219.916666667,0.05,0.441666666667,197.75,0.0,0.9835,720.0,10736.8046875,0.0
2014.0,5.0,13.0,9.0,24.4016666667,75.923,17.2241666667,64.4416666667,319.583333333,1.50833333333,5.51666666667,226.583333333,0.0,0.91025,720.0,10736.8046875,0.0
2014.0,5.0,13.0,10.0,20.6116666667,69.101,13.9191666667,65.6666666667,404.166666667,2.525,7.23333333333,249.083333333,0.0,0.34175,720.0,10736.8046875,0.0
2014.0,5.0,13.0,11.0,20.0766666667,68.138,11.26,56.8333333333,303.25,0.9,4.7,240.75,0.0,0.2615,720.0,10736.8046875,0.0
2014.0,5.0,13.0,12.0,20.6466666667,69.164,10.0033333333,50.6583333333,425.0,0.741666666667,4.50833333333,244.5,0.0,0.347,720.0,10736.8046875,0.0
2014.0,5.0,13.0,13.0,23.9275,75.0695,9.82,40.8583333333,767.25,0.633333333333,4.14166666667,242.833333333,0.0,0.839125,720.0,10736.8046875,0.0
2014.0,5.0,13.0,14.0,24.955,76.919,10.4041666667,39.925,729.25,0.75,3.99166666667,257.166666667,0.0,0.99325,720.0,10736.8046875,31.1818181818
2014.0,5.0,13.0,15.0,24.39,75.902,10.8533333333,42.55,512.083333333,0.991666666667,4.54166666667,242.0,0.0,0.9085,720.0,10736.8046875,0.0
2014.0,5.0,13.0,16.0,24.4233333333,75.962,10.4158333333,41.3,579.333333333,1.0,4.51666666667,233.75,0.0,0.9135,720.0,10736.8046875,0.0
2014.0,5.0,13.0,17.0,23.0758333333,73.5365,10.6383333333,45.425,378.333333333,1.31666666667,5.4,238.5,0.0,0.711375,720.0,10736.8046875,0.0
2014.0,5.0,13.0,18.0,20.0641666667,68.1155,10.3025,53.45,199.083333333,1.15,5.09166666667,235.166666667,0.00254166666667,0.262166666667,720.0,10736.8046875,48.0208333333
2014.0,5.0,13.0,19.0,16.4458333333,61.6025,10.4875,67.9333333333,37.0833333333,0.616666666667,3.925,232.166666667,0.283125,0.0,720.0,10736.8046875,52.25
2014.0,5.0,13.0,20.0,14.2041666667,57.5675,9.86333333333,75.0666666667,1.0,0.4,3.025,253.583333333,0.619375,0.0,720.0,10736.8046875,50.9791666667
2014.0,5.0,13.0,21.0,13.2183333333,55.793,9.36333333333,77.4,1.0,0.325,2.725,230.416666667,0.76725,0.0,720.0,10736.8046875,48.7708333333
2014.0,5.0,13.0,22.0,12.4316666667,54.377,9.28416666667,81.0583333333,1.0,0.291666666667,2.68333333333,238.583333333,0.88525,0.0,720.0,10736.8046875,46.0625
2014.0,5.0,13.0,23.0,12.385,54.293,9.93,84.9083333333,1.0,0.266666666667,2.85833333333,258.583333333,0.89225,0.0,720.0,10736.8046875,45.625
2014.0,5.0,14.0,0.0,12.2475,54.0455,10.3883333333,88.3416666667,1.0,0.166666666667,2.24166666667,251.5,0.912875,0.0,720.0,10736.8046875,7.27083333333
2014.0,5.0,14.0,1.0,12.1058333333,53.7905,10.5283333333,90.0,1.0,0.108333333333,1.15833333333,240.25,0.934125,0.0,720.0,10736.8046875,0.0
2014.0,5.0,14.0,2.0,12.0583333333,53.705,10.515,90.2083333333,1.0,0.1,1.34166666667,226.583333333,0.94125,0.0,720.0,10736.8046875,0.0
2014.0,5.0,14.0,3.0,11.7233333333,53.102,10.595,92.7166666667,1.0,0.0666666666667,1.43333333333,208.916666667,0.9915,0.0,720.0,10736.8046875,0.0
2014.0,5.0,14.0,4.0,12.0566666667,53.702,10.7891666667,91.875,1.0,0.0666666666667,1.075,210.75,0.9415,0.0,720.0,10736.8046875,0.0
2014.0,5.0,14.0,5.0,11.8308333333,53.2955,10.7725,93.1666666667,1.5,0.133333333333,1.63333333333,210.25,0.975375,0.0,720.0,10736.8046875,0.0
2014.0,5.0,14.0,6.0,11.9408333333,53.4935,10.8475,92.9416666667,20.25,0.166666666667,1.925,218.416666667,0.958875,0.0,720.0,10736.8046875,0.0
2014.0,5.0,14.0,7.0,12.4533333333,54.416,10.8408333333,89.825,54.4166666667,0.0833333333333,1.74166666667,224.666666667,0.882,0.0,720.0,10736.8046875,0.0
2014.0,5.0,14.0,8.0,12.8475,55.1255,10.8625,87.6416666667,78.8333333333,0.133333333333,1.93333333333,212.0,0.822875,0.0,720.0,10736.8046875,4.25
2014.0,5.0,14.0,9.0,13.8975,57.0155,10.995,82.625,199.0,0.0833333333333,1.375,216.583333333,0.665375,0.0,720.0,10736.8046875,50.6041666667
2014.0,5.0,14.0,10.0,16.955,62.519,11.32,69.5166666667,556.083333333,0.233333333333,2.61666666667,231.5,0.2165,0.00975,720.0,10736.8046875,52.0833333333
2014.0,5.0,14.0,11.0,18.9058333333,66.0305,12.2616666667,65.325,429.583333333,0.0,0.766666666667,231.25,0.0127916666667,0.0986666666667,720.0,10736.8046875,52.7708333333
2014.0,5.0,14.0,12.0,20.3133333333,68.564,12.9266666667,62.5416666667,468.0,0.05,0.941666666667,271.083333333,0.0,0.297,720.0,10736.8046875,53.2916666667
2014.0,5.0,14.0,13.0,21.0966666667,69.974,13.755,62.9,437.833333333,0.0333333333333,0.866666666667,309.5,0.0,0.4145,720.0,10736.8046875,52.25
2014.0,5.0,14.0,14.0,22.5216666667,72.539,14.25,59.5416666667,489.0,0.0333333333333,0.916666666667,296.416666667,0.0,0.62825,720.0,10736.8046875,54.5625
2014.0,5.0,14.0,15.0,22.3058333333,72.1505,15.0133333333,63.325,345.166666667,0.0166666666667,1.13333333333,289.083333333,0.0,0.595875,720.0,10736.8046875,54.4791666667
2014.0,5.0,14.0,16.0,21.8933333333,71.408,16.13,69.7166666667,210.0,0.166666666667,2.03333333333,287.333333333,0.0,0.534,720.0,10736.8046875,54.5833333333
2014.0,5.0,14.0,17.0,21.2125,70.1825,16.805,75.8583333333,101.083333333,0.116666666667,1.40833333333,282.833333333,0.0,0.431875,720.0,10736.8046875,54.3125
2014.0,5.0,14.0,18.0,20.6466666667,69.164,17.1975,80.5333333333,53.8333333333,0.0333333333333,1.04166666667,278.0,0.0,0.347,720.0,10736.8046875,52.7916666667
2014.0,5.0,14.0,19.0,19.9925,67.9865,17.2316666667,84.0166666667,8.91666666667,0.05,1.38333333333,283.0,0.0,0.248875,720.0,10736.8046875,53.1875
2014.0,5.0,14.0,20.0,19.2,66.56,17.065,87.35,1.0,0.1,1.48333333333,270.5,0.0,0.13,720.0,10736.8046875,52.3541666667
2014.0,5.0,14.0,21.0,17.3666666667,63.26,16.3333333333,93.5333333333,1.0,0.0833333333333,1.31666666667,248.25,0.145,0.0,720.0,10736.8046875,50.0833333333
2014.0,5.0,14.0,22.0,16.3608333333,61.4495,15.4716666667,94.3583333333,1.0,0.0666666666667,1.075,228.833333333,0.295875,0.0,720.0,10736.8046875,46.625
2014.0,5.0,14.0,23.0,15.7675,60.3815,15.1983333333,96.3083333333,1.0,0.0,0.325,208.5,0.384875,0.0,720.0,10736.8046875,45.3333333333
2014.0,5.0,15.0,0.0,15.3066666667,59.552,15.2475,99.5,1.0,0.0,0.0333333333333,207.166666667,0.454,0.0,720.0,10736.8046875,46.1666666667
2014.0,5.0,15.0,1.0,15.3216666667,59.579,15.2191666667,99.2333333333,1.0,0.0,0.0666666666667,228.166666667,0.45175,0.0,720.0,10736.8046875,44.5625
2014.0,5.0,15.0,2.0,15.4608333333,59.8295,15.3108333333,98.9166666667,1.0,0.0,0.0,216.333333333,0.430875,0.0,720.0,10736.8046875,44.7916666667
2014.0,5.0,15.0,3.0,15.4808333333,59.8655,15.3058333333,98.75,1.0,0.0,0.0333333333333,201.75,0.427875,0.0,720.0,10736.8046875,43.9583333333
2014.0,5.0,15.0,4.0,15.7908333333,60.4235,15.5108333333,98.1,1.0,0.0,0.0166666666667,222.416666667,0.381375,0.0,720.0,10736.8046875,45.875
2014.0,5.0,15.0,5.0,16.315,61.367,15.9066666667,97.3,1.5,0.0,0.0,231.0,0.30275,0.0,720.0,10736.8046875,48.3333333333
2014.0,5.0,15.0,6.0,16.85,62.33,16.2491666667,96.1166666667,17.1666666667,0.0,0.0166666666667,295.333333333,0.2225,0.0,720.0,10736.8046875,49.4166666667
2014.0,5.0,15.0,7.0,17.8025,64.0445,17.0691666667,95.35,61.4166666667,0.0,0.0,294.25,0.0812083333333,0.00158333333333,720.0,10736.8046875,39.375
2014.0,5.0,15.0,8.0,19.9091666667,67.8365,18.8925,93.7333333333,186.25,0.0916666666667,0.975,324.083333333,0.0,0.236375,720.0,10736.8046875,0.0
2014.0,5.0,15.0,9.0,22.2358333333,72.0245,19.4058333333,83.9416666667,237.25,0.3,2.375,329.416666667,0.0,0.585375,720.0,10736.8046875,0.0
2014.0,5.0,15.0,10.0,23.4675,74.2415,20.0558333333,81.1583333333,287.25,0.358333333333,2.825,330.5,0.0,0.770125,720.0,10736.8046875,0.0
2014.0,5.0,15.0,11.0,26.1858333333,79.1345,20.405,70.7833333333,611.5,0.55,3.39166666667,345.916666667,0.0,1.177875,720.0,10736.8046875,44.1666666667
2014.0,5.0,15.0,12.0,28.6433333333,83.558,19.7983333333,58.9166666667,823.833333333,1.19166666667,5.29166666667,335.25,0.0,1.5465,720.0,10736.8046875,54.7291666667
2014.0,5.0,15.0,13.0,28.9633333333,84.134,19.0433333333,55.1666666667,679.666666667,2.31666666667,6.9,337.25,0.0,1.5945,720.0,10736.8046875,54.9791666667
2014.0,5.0,15.0,14.0,28.7858333333,83.8145,19.2625,56.5166666667,551.583333333,1.96666666667,6.66666666667,308.916666667,0.0,1.567875,720.0,10736.8046875,55.5833333333
2014.0,5.0,15.0,15.0,28.6283333333,83.531,18.8408333333,55.4583333333,583.166666667,2.475,8.05,234.916666667,0.0,1.54425,720.0,10736.8046875,54.5416666667
2014.0,5.0,15.0,16.0,26.8425,80.3165,19.465,63.975,304.166666667,2.525,8.10833333333,316.25,0.0,1.276375,720.0,10736.8046875,55.6041666667
2014.0,5.0,15.0,17.0,25.7083333333,78.275,19.535,68.6583333333,182.416666667,3.24166666667,8.90833333333,289.833333333,0.0,1.10625,720.0,10736.8046875,55.1458333333
2014.0,5.0,15.0,18.0,24.8016666667,76.643,19.4,71.8833333333,97.5,2.1,7.09166666667,314.833333333,0.0,0.97025,720.0,10736.8046875,52.6666666667
2014.0,5.0,15.0,19.0,23.7883333333,74.819,19.6941666667,77.7583333333,22.5833333333,1.74166666667,6.54166666667,281.5,0.0,0.81825,720.0,10736.8046875,52.1458333333
2014.0,5.0,15.0,20.0,22.985,73.373,19.8691666667,82.5166666667,1.0,1.09166666667,5.49166666667,326.916666667,0.0,0.69775,720.0,10736.8046875,51.7291666667
2014.0,5.0,15.0,21.0,22.1758333333,71.9165,19.7566666667,86.05,1.0,1.05833333333,5.23333333333,318.166666667,0.0,0.576375,720.0,10736.8046875,48.7291666667
2014.0,5.0,15.0,22.0,21.71,71.078,19.5983333333,87.6583333333,1.0,0.908333333333,4.83333333333,319.416666667,0.0,0.5065,720.0,10736.8046875,46.8333333333
2014.0,5.0,15.0,23.0,21.595,70.871,19.5375,87.9583333333,1.0,0.658333333333,4.85833333333,332.0,0.0,0.48925,720.0,10736.8046875,45.3333333333
2014.0,5.0,16.0,0.0,21.4016666667,70.523,19.4058333333,88.2666666667,1.0,1.08333333333,5.26666666667,333.25,0.0,0.46025,720.0,10736.8046875,44.7916666667
2014.0,5.0,16.0,1.0,21.3833333333,70.49,19.3758333333,88.2083333333,1.0,1.025,5.025,317.25,0.0,0.4575,720.0,10736.8046875,45.0
2014.0,5.0,16.0,2.0,21.1741666667,70.1135,19.2241666667,88.5,1.0,1.03333333333,4.875,311.333333333,0.0,0.426125,720.0,10736.8046875,45.4791666667
2014.0,5.0,16.0,3.0,21.1066666667,69.992,19.1333333333,88.3833333333,1.0,1.23333333333,5.78333333333,312.5,0.0,0.416,720.0,10736.8046875,45.1666666667
2014.0,5.0,16.0,4.0,21.0116666667,69.821,19.0683333333,88.525,1.0,1.125,4.95833333333,310.583333333,0.0,0.40175,720.0,10736.8046875,47.375
2014.0,5.0,16.0,5.0,20.9783333333,69.761,18.9658333333,88.1416666667,2.33333333333,0.0,0.0,313.666666667,0.0,0.39675,720.0,10736.8046875,50.5625
2014.0,5.0,16.0,6.0,20.9258333333,69.6665,19.0525,88.9166666667,11.5,0.0,0.0,316.25,0.0,0.388875,720.0,10736.8046875,50.25
2014.0,5.0,16.0,7.0,20.7433333333,69.338,19.03,89.8166666667,19.75,0.0,0.0,318.0,0.0,0.3615,720.0,10736.8046875,48.625
2014.0,5.0,16.0,8.0,19.6875,67.4375,18.89,95.0166666667,32.0,0.0,0.0,340.75,0.0,0.203125,720.0,10736.8046875,49.0833333333
2014.0,5.0,16.0,9.0,19.4225,66.9605,18.6225,95.0083333333,19.3333333333,0.0,0.0,346.666666667,0.0,0.163375,720.0,10736.8046875,50.7708333333
2014.0,5.0,16.0,10.0,19.5583333333,67.205,14.7175,76.3333333333,36.0833333333,0.0,0.0,346.916666667,0.0,0.18375,720.0,10736.8046875,53.3125
2014.0,5.0,16.0,11.0,19.7275,67.5095,3.94916666667,35.3166666667,55.1666666667,0.0,0.0,324.333333333,0.0,0.209125,720.0,10736.8046875,53.4583333333
2014.0,5.0,16.0,12.0,19.9725,67.9505,-18.085,9.86666666667,96.5833333333,0.0,0.0,332.25,0.0,0.245875,720.0,10736.8046875,53.3541666667
2014.0,5.0,16.0,13.0,19.905,67.829,-37.8325,1.0,84.9166666667,0.0,0.0,292.916666667,0.0,0.23575,720.0,10736.8046875,54.8125
2014.0,5.0,16.0,14.0,18.9291666667,66.0725,-38.4233333333,1.0,53.25,0.0,0.0,94.6666666667,0.0,0.089375,720.0,10736.8046875,53.6666666667
2014.0,5.0,16.0,15.0,17.7683333333,63.983,-39.1233333333,1.0,84.6666666667,0.0,0.0,60.0,0.0864166666667,0.00166666666667,720.0,10736.8046875,52.625
2014.0,5.0,16.0,16.0,16.6891666667,62.0405,-39.7775,1.0,141.75,0.05,0.616666666667,109.75,0.246625,0.0,720.0,10736.8046875,52.375
2014.0,5.0,16.0,17.0,16.0608333333,60.9095,-40.1566666667,1.0,140.333333333,0.0166666666667,0.516666666667,124.166666667,0.340875,0.0,720.0,10736.8046875,51.3125
2014.0,5.0,16.0,18.0,16.3625,61.4525,-39.975,1.0,87.6666666667,0.0,0.0,107.5,0.295625,0.0,720.0,10736.8046875,49.2916666667
2014.0,5.0,16.0,19.0,17.1591666667,62.8865,-39.4916666667,1.0,46.75,0.0,0.458333333333,98.8333333333,0.176125,0.0,720.0,10736.8046875,49.5833333333
2014.0,5.0,16.0,20.0,17.2675,63.0815,5.325,72.025,1.25,0.0,0.0,121.25,0.159875,0.0,720.0,10736.8046875,48.0
2014.0,5.0,16.0,21.0,16.9408333333,62.4935,16.2066666667,95.3166666667,1.0,0.0,0.166666666667,78.5833333333,0.208875,0.0,720.0,10736.8046875,47.3541666667
2014.0,5.0,16.0,22.0,16.6175,61.9115,15.725,94.3416666667,1.0,0.0,0.4,94.8333333333,0.257375,0.0,720.0,10736.8046875,44.6666666667
2014.0,5.0,16.0,23.0,15.7,60.26,14.1166666667,90.2,1.0,0.183333333333,2.1,119.666666667,0.395,0.0,720.0,10736.8046875,43.9375
2014.0,5.0,17.0,0.0,14.6416666667,58.355,13.0833333333,90.2833333333,1.0,0.1,1.55833333333,114.25,0.55375,0.0,0.0,10736.8046875,43.1458333333
2014.0,5.0,17.0,1.0,13.84,56.912,12.1358333333,89.3583333333,1.0,0.233333333333,2.26666666667,105.75,0.674,0.0,0.0,10736.8046875,43.3958333333
2014.0,5.0,17.0,2.0,13.3008333333,55.9415,11.2408333333,87.2583333333,1.0,0.258333333333,2.35,94.5,0.754875,0.0,0.0,10736.8046875,43.1875
2014.0,5.0,17.0,3.0,12.3083333333,54.155,10.2966666667,87.4416666667,1.0,0.166666666667,1.96666666667,91.4166666667,0.90375,0.0,0.0,10736.8046875,42.7916666667
2014.0,5.0,17.0,4.0,11.5233333333,52.742,9.22166666667,85.7,1.0,0.0166666666667,0.55,94.0833333333,1.0215,0.0,0.0,10736.8046875,44.7708333333
2014.0,5.0,17.0,5.0,11.21,52.178,8.69916666667,84.4833333333,10.6666666667,0.0833333333333,1.10833333333,89.0,1.0685,0.0,0.0,10736.8046875,44.7708333333
2014.0,5.0,17.0,6.0,12.3408333333,54.2135,8.3325,76.5333333333,104.916666667,0.0666666666667,1.63333333333,97.5833333333,0.898875,0.0,0.0,10736.8046875,47.1875
2014.0,5.0,17.0,7.0,14.1266666667,57.428,7.69333333333,65.3333333333,287.416666667,0.133333333333,1.85833333333,102.333333333,0.631,0.0,0.0,10736.8046875,45.9375
2014.0,5.0,17.0,8.0,16.34,61.412,8.20083333333,58.5583333333,481.0,0.233333333333,2.16666666667,140.833333333,0.299,0.0,0.0,10736.8046875,46.3541666667
2014.0,5.0,17.0,9.0,17.6575,63.7835,8.84833333333,56.325,646.833333333,0.133333333333,1.41666666667,125.833333333,0.117166666667,0.0157916666667,0.0,10736.8046875,46.1041666667
2014.0,5.0,17.0,10.0,18.95,66.11,7.90666666667,48.95,751.916666667,0.283333333333,2.61666666667,109.0,0.0169583333333,0.109458333333,0.0,10736.8046875,47.6875
2014.0,5.0,17.0,11.0,19.5541666667,67.1975,7.1975,44.8833333333,626.416666667,0.275,2.69166666667,140.5,0.0187916666667,0.201916666667,0.0,10736.8046875,46.9791666667
2014.0,5.0,17.0,12.0,20.0816666667,68.147,7.16666666667,43.2083333333,745.5,0.275,2.33333333333,92.0833333333,0.0,0.26225,0.0,10736.8046875,47.9583333333
2014.0,5.0,17.0,13.0,20.0341666667,68.0615,7.06833333333,43.075,594.75,1.29166666667,5.05,74.0833333333,0.0,0.255125,0.0,10736.8046875,48.8541666667
2014.0,5.0,17.0,14.0,20.0158333333,68.0285,5.65916666667,39.1,711.416666667,1.15833333333,4.59166666667,77.9166666667,0.0,0.252375,0.0,10736.8046875,48.5
2014.0,5.0,17.0,15.0,20.9166666667,69.65,5.30333333333,36.05,661.916666667,0.991666666667,4.73333333333,77.0833333333,0.0,0.3875,0.0,10736.8046875,46.9375
2014.0,5.0,17.0,16.0,20.8658333333,69.5585,4.58166666667,34.5333333333,499.666666667,0.383333333333,3.275,101.916666667,0.0,0.379875,0.0,10736.8046875,47.7708333333
2014.0,5.0,17.0,17.0,20.0216666667,68.039,4.36916666667,35.6833333333,355.166666667,0.516666666667,3.70833333333,98.75,0.0,0.25325,0.0,10736.8046875,48.375
2014.0,5.0,17.0,18.0,19.2283333333,66.611,4.975,39.1,198.083333333,0.466666666667,2.75833333333,74.5,0.0,0.13425,0.0,10736.8046875,47.8125
2014.0,5.0,17.0,19.0,17.9833333333,64.37,5.24,43.0583333333,56.0833333333,0.316666666667,2.975,84.5833333333,0.0775833333333,0.0250833333333,0.0,10736.8046875,50.125
2014.0,5.0,17.0,20.0,16.6775,62.0195,5.3725,47.1583333333,1.33333333333,0.0166666666667,0.658333333333,72.0833333333,0.248375,0.0,0.0,10736.8046875,48.4791666667
2014.0,5.0,17.0,21.0,16.0358333333,60.8645,5.975,51.2166666667,1.0,0.0,0.0666666666667,71.9166666667,0.344625,0.0,0.0,10736.8046875,48.1666666667
2014.0,5.0,17.0,22.0,15.5466666667,59.984,6.48833333333,54.7416666667,1.0,0.0,0.125,74.3333333333,0.418,0.0,0.0,10736.8046875,46.9791666667
2014.0,5.0,17.0,23.0,14.9083333333,58.835,6.06916666667,55.4333333333,1.0,0.0,0.133333333333,80.0833333333,0.51375,0.0,0.0,10736.8046875,44.625
2014.0,5.0,18.0,0.0,13.9066666667,57.032,5.835,58.175,1.0,0.0166666666667,0.683333333333,82.9166666667,0.664,0.0,0.0,10736.8046875,3.70833333333
2014.0,5.0,18.0,1.0,13.0741666667,55.5335,5.0575,58.2083333333,1.0,0.0333333333333,1.2,93.9166666667,0.788875,0.0,0.0,10736.8046875,0.0
2014.0,5.0,18.0,2.0,12.4258333333,54.3665,5.23,61.45,1.0,0.05,1.28333333333,128.833333333,0.886125,0.0,0.0,10736.8046875,0.0
2014.0,5.0,18.0,3.0,11.6941666667,53.0495,5.41583333333,65.3333333333,1.0,0.0166666666667,0.516666666667,129.833333333,0.995875,0.0,0.0,10736.8046875,0.0
2014.0,5.0,18.0,4.0,11.3816666667,52.487,5.47666666667,66.9583333333,1.0,0.0666666666667,0.766666666667,122.5,1.04275,0.0,0.0,10736.8046875,0.0
2014.0,5.0,18.0,5.0,11.4025,52.5245,5.33583333333,66.2333333333,10.3333333333,0.0,0.675,114.25,1.039625,0.0,0.0,10736.8046875,0.0
2014.0,5.0,18.0,6.0,11.8908333333,53.4035,5.25833333333,63.7666666667,81.6666666667,0.1,1.525,122.333333333,0.966375,0.0,0.0,10736.8046875,0.0
2014.0,5.0,18.0,7.0,13.8183333333,56.873,5.10916666667,55.65,287.416666667,0.616666666667,3.89166666667,121.166666667,0.67725,0.0,0.0,10736.8046875,0.0
2014.0,5.0,18.0,8.0,15.205,59.369,5.08416666667,50.825,488.0,0.991666666667,5.075,133.666666667,0.46925,0.0,0.0,10736.8046875,0.0
2014.0,5.0,18.0,9.0,17.22,62.996,5.4575,45.9,658.0,0.341666666667,3.49166666667,130.75,0.168333333333,0.00133333333333,0.0,10736.8046875,0.0
2014.0,5.0,18.0,10.0,18.5441666667,65.3795,5.82166666667,43.3583333333,835.083333333,0.55,3.14166666667,140.583333333,0.04475,0.076375,0.0,10736.8046875,0.0
2014.0,5.0,18.0,11.0,19.2991666667,66.7385,5.17666666667,39.5833333333,747.166666667,0.466666666667,3.3,134.166666667,0.014,0.158875,0.0,10736.8046875,0.0
2014.0,5.0,18.0,12.0,19.9558333333,67.9205,4.97,37.65,677.166666667,0.416666666667,2.95833333333,127.583333333,0.02425,0.267625,0.0,10736.8046875,0.0
2014.0,5.0,18.0,13.0,20.2091666667,68.3765,5.10416666667,37.3166666667,691.416666667,0.308333333333,2.91666666667,99.5,0.000166666666667,0.281541666667,0.0,10736.8046875,0.0
2014.0,5.0,18.0,14.0,18.935,66.083,4.8025,39.3333333333,326.083333333,0.558333333333,3.65,126.083333333,0.005875,0.096125,0.0,10736.8046875,0.0
2014.0,5.0,18.0,15.0,18.5366666667,65.366,4.48666666667,39.4333333333,337.833333333,0.7,4.56666666667,124.333333333,0.00841666666667,0.0389166666667,0.0,10736.8046875,0.0
2014.0,5.0,18.0,16.0,19.8775,67.7795,4.285,36.025,433.666666667,0.358333333333,2.825,132.166666667,0.00583333333333,0.237458333333,0.0,10736.8046875,0.0
2014.0,5.0,18.0,17.0,19.4691666667,67.0445,3.04416666667,33.6833333333,347.916666667,1.01666666667,6.08333333333,122.416666667,0.0,0.170375,0.0,10736.8046875,0.0
2014.0,5.0,18.0,18.0,19.0141666667,66.2255,2.81,34.0416666667,224.75,0.725,4.15,110.25,0.00595833333333,0.108083333333,0.0,10736.8046875,0.0
2014.0,5.0,18.0,19.0,16.81,62.258,2.755,38.9333333333,46.0,0.775,4.60833333333,127.416666667,0.2285,0.0,0.0,10736.8046875,0.0
2014.0,5.0,18.0,20.0,15.3133333333,59.564,2.88333333333,43.2,1.08333333333,0.291666666667,2.53333333333,124.666666667,0.453,0.0,0.0,10736.8046875,0.0
2014.0,5.0,18.0,21.0,14.4583333333,58.025,3.36,47.2166666667,1.0,0.166666666667,1.58333333333,122.583333333,0.58125,0.0,0.0,10736.8046875,0.0
2014.0,5.0,18.0,22.0,13.6125,56.5025,3.78416666667,51.4083333333,1.0,0.0166666666667,0.166666666667,103.5,0.708125,0.0,0.0,10736.8046875,0.0
2014.0,5.0,18.0,23.0,13.1416666667,55.655,3.90333333333,53.4333333333,1.0,0.0,0.208333333333,99.0,0.77875,0.0,0.0,10736.8046875,0.0
2014.0,5.0,19.0,0.0,12.5391666667,54.5705,4.0625,56.225,1.0,0.0,0.0333333333333,95.9166666667,0.869125,0.0,720.0,10736.8046875,0.0
2014.0,5.0,19.0,1.0,11.86,53.348,4.1575,59.1916666667,1.0,0.0,0.0,83.0,0.971,0.0,720.0,10736.8046875,0.0
2014.0,5.0,19.0,2.0,11.6416666667,52.955,4.17333333333,60.1,1.0,0.0166666666667,0.841666666667,130.416666667,1.00375,0.0,720.0,10736.8046875,0.0
2014.0,5.0,19.0,3.0,11.3608333333,52.4495,4.0325,60.6166666667,1.0,0.0,0.483333333333,138.75,1.045875,0.0,720.0,10736.8046875,0.0
2014.0,5.0,19.0,4.0,11.0541666667,51.8975,3.84333333333,61.05,1.0,0.05,1.1,128.166666667,1.091875,0.0,720.0,10736.8046875,0.0
2014.0,5.0,19.0,5.0,11.035,51.863,3.55,59.8833333333,10.3333333333,0.0666666666667,1.225,138.833333333,1.09475,0.0,720.0,10736.8046875,0.0
2014.0,5.0,19.0,6.0,12.935,55.283,3.43666666667,52.6166666667,125.25,0.0,0.075,162.0,0.80975,0.0,720.0,10736.8046875,0.0
2014.0,5.0,19.0,7.0,15.4191666667,59.7545,2.61833333333,42.1833333333,303.083333333,0.0166666666667,0.683333333333,118.333333333,0.437125,0.0,720.0,10736.8046875,0.0
2014.0,5.0,19.0,8.0,17.2258333333,63.0065,2.16083333333,36.3416666667,489.166666667,0.333333333333,2.73333333333,130.333333333,0.166125,0.0,720.0,10736.8046875,0.0
2014.0,5.0,19.0,9.0,19.4483333333,67.007,2.50333333333,32.425,659.333333333,0.3,2.25833333333,111.0,0.000583333333333,0.167833333333,720.0,10736.8046875,0.0
2014.0,5.0,19.0,10.0,19.9725,67.9505,3.205,32.9666666667,804.75,0.466666666667,2.95,131.833333333,0.0,0.245875,720.0,10736.8046875,0.0
2014.0,5.0,19.0,11.0,21.6058333333,70.8905,2.49,28.4,941.0,0.25,2.64166666667,93.8333333333,0.0,0.490875,720.0,10736.8046875,0.0
2014.0,5.0,19.0,12.0,22.93,73.274,2.49833333333,26.1833333333,1023.91666667,0.491666666667,3.825,93.8333333333,0.0,0.6895,720.0,10736.8046875,0.0
2014.0,5.0,19.0,13.0,22.6733333333,72.812,3.1225,27.8416666667,737.0,0.55,3.9,105.916666667,0.0,0.651,720.0,10736.8046875,0.0
2014.0,5.0,19.0,14.0,23.2016666667,73.763,2.84666666667,26.4083333333,662.5,0.725,4.25,109.083333333,0.0,0.73025,720.0,10736.8046875,0.0
2014.0,5.0,19.0,15.0,23.4525,74.2145,2.45166666667,25.3833333333,628.916666667,0.7,4.73333333333,91.1666666667,0.0,0.767875,720.0,10736.8046875,0.0
2014.0,5.0,19.0,16.0,22.1841666667,71.9315,2.31166666667,27.1083333333,193.666666667,0.933333333333,5.05833333333,98.9166666667,0.0,0.577625,720.0,10736.8046875,0.0
2014.0,5.0,19.0,17.0,21.5141666667,70.7255,4.17583333333,32.2333333333,289.833333333,0.991666666667,4.425,102.583333333,0.0,0.477125,720.0,10736.8046875,0.0
2014.0,5.0,19.0,18.0,21.7508333333,71.1515,4.28916666667,31.95,201.833333333,0.616666666667,4.775,87.0,0.0,0.512625,720.0,10736.8046875,0.0
2014.0,5.0,19.0,19.0,19.8741666667,67.7735,4.86416666667,37.2583333333,34.1666666667,0.325,3.06666666667,88.6666666667,0.0,0.231125,720.0,10736.8046875,0.0
2014.0,5.0,19.0,20.0,18.6241666667,65.5235,5.50833333333,42.1416666667,1.08333333333,0.1,1.54166666667,136.833333333,0.0169583333333,0.0605833333333,720.0,10736.8046875,0.0
2014.0,5.0,19.0,21.0,17.4758333333,63.4565,5.6425,45.6833333333,1.0,0.225,2.55833333333,130.583333333,0.128625,0.0,720.0,10736.8046875,0.0
2014.0,5.0,19.0,22.0,16.4183333333,61.553,5.95416666667,49.9166666667,1.0,0.0666666666667,0.833333333333,120.583333333,0.28725,0.0,720.0,10736.8046875,0.0
2014.0,5.0,19.0,23.0,15.59,60.062,6.29666666667,53.875,1.0,0.0166666666667,0.483333333333,140.833333333,0.4115,0.0,720.0,10736.8046875,0.0
2014.0,5.0,20.0,0.0,15.655,60.179,6.53166666667,54.525,1.0,0.0166666666667,0.441666666667,136.083333333,0.40175,0.0,720.0,10736.8046875,0.0
2014.0,5.0,20.0,1.0,15.6233333333,60.122,6.35083333333,53.9583333333,1.0,0.0,0.85,104.333333333,0.4065,0.0,720.0,10736.8046875,0.0
2014.0,5.0,20.0,2.0,15.0791666667,59.1425,6.20916666667,55.3416666667,1.0,0.0,0.233333333333,93.1666666667,0.488125,0.0,720.0,10736.8046875,0.0
2014.0,5.0,20.0,3.0,14.4241666667,57.9635,6.25416666667,57.9083333333,1.0,0.0,0.275,80.5833333333,0.586375,0.0,720.0,10736.8046875,0.0
2014.0,5.0,20.0,4.0,13.845,56.921,6.305,60.3333333333,1.0,0.0,0.0,79.25,0.67325,0.0,720.0,10736.8046875,0.0
2014.0,5.0,20.0,5.0,14.0125,57.2225,6.43083333333,60.2,11.9166666667,0.0,0.0,93.1666666667,0.648125,0.0,720.0,10736.8046875,0.0
2014.0,5.0,20.0,6.0,15.6633333333,60.194,6.25583333333,53.5666666667,129.833333333,0.0,0.0833333333333,84.3333333333,0.4005,0.0,720.0,10736.8046875,0.0
2014.0,5.0,20.0,7.0,18.5958333333,65.4725,6.325,44.6916666667,306.583333333,0.0333333333333,0.55,97.9166666667,0.035875,0.07525,720.0,10736.8046875,34.3125
2014.0,5.0,20.0,8.0,20.9741666667,69.7535,6.00083333333,37.6916666667,495.916666667,0.183333333333,2.25,102.083333333,0.0,0.396125,720.0,10736.8046875,51.4166666667
2014.0,5.0,20.0,9.0,21.8541666667,71.3375,6.0725,35.8916666667,634.833333333,0.391666666667,3.31666666667,124.833333333,0.0,0.528125,720.0,10736.8046875,52.6458333333
2014.0,5.0,20.0,10.0,23.3558333333,74.0405,6.3975,33.5083333333,796.583333333,0.233333333333,2.71666666667,114.166666667,0.0,0.753375,720.0,10736.8046875,54.0833333333
2014.0,5.0,20.0,11.0,24.9025,76.8245,5.8625,29.4666666667,868.583333333,0.375,3.20833333333,91.25,0.0,0.985375,720.0,10736.8046875,54.0208333333
2014.0,5.0,20.0,12.0,25.6533333333,78.176,5.61666666667,27.6666666667,946.166666667,0.425,3.5,112.416666667,0.0,1.098,720.0,10736.8046875,55.2083333333
2014.0,5.0,20.0,13.0,25.7766666667,78.398,5.245,26.7916666667,869.333333333,0.941666666667,4.96666666667,84.1666666667,0.0,1.1165,720.0,10736.8046875,55.2291666667
2014.0,5.0,20.0,14.0,25.9725,78.7505,5.38,26.7333333333,790.666666667,0.775,5.18333333333,94.6666666667,0.0,1.145875,720.0,10736.8046875,53.5833333333
2014.0,5.0,20.0,15.0,25.3458333333,77.6225,6.455,29.8666666667,611.5,1.15833333333,5.11666666667,75.0,0.0,1.051875,720.0,10736.8046875,52.7291666667
2014.0,5.0,20.0,16.0,24.7366666667,76.526,6.2975,30.625,419.75,1.1,4.78333333333,76.1666666667,0.0,0.9605,720.0,10736.8046875,52.1041666667
2014.0,5.0,20.0,17.0,25.5458333333,77.9825,6.42166666667,29.4666666667,322.416666667,0.258333333333,2.6,92.9166666667,0.0,1.081875,720.0,10736.8046875,52.8958333333
2014.0,5.0,20.0,18.0,23.4083333333,74.135,7.025,34.85,121.333333333,0.275,2.775,72.5,0.0,0.76125,720.0,10736.8046875,51.6458333333
2014.0,5.0,20.0,19.0,22.5416666667,72.575,7.475,37.875,29.3333333333,0.425,3.06666666667,70.3333333333,0.0,0.63125,720.0,10736.8046875,51.7708333333
2014.0,5.0,20.0,20.0,21.8275,71.2895,7.73666666667,40.2583333333,1.0,0.258333333333,3.05,71.5,0.0,0.524125,720.0,10736.8046875,50.5
2014.0,5.0,20.0,21.0,20.2208333333,68.3975,9.33083333333,50.35,1.0,0.2,2.01666666667,83.9166666667,0.0,0.283125,720.0,10736.8046875,49.7916666667
2014.0,5.0,20.0,22.0,18.3008333333,64.9415,11.8141666667,66.425,1.0,0.0166666666667,0.525,132.416666667,0.0387083333333,0.0338333333333,720.0,10736.8046875,47.75
2014.0,5.0,20.0,23.0,18.4675,65.2415,11.3716666667,63.275,1.0,0.0,0.116666666667,145.666666667,0.00245833333333,0.0225833333333,720.0,10736.8046875,45.3125
2014.0,5.0,21.0,0.0,18.4375,65.1875,11.0958333333,62.2333333333,1.0,0.0,0.05,138.666666667,0.00941666666667,0.0250416666667,720.0,10736.8046875,44.2291666667
2014.0,5.0,21.0,1.0,17.6016666667,63.683,11.565,67.65,1.0,0.0,0.0,202.083333333,0.10975,0.0,720.0,10736.8046875,45.1458333333
2014.0,5.0,21.0,2.0,17.9533333333,64.316,10.9675,63.6166666667,1.0,0.0,0.0,217.583333333,0.057,0.0,720.0,10736.8046875,44.3958333333
2014.0,5.0,21.0,3.0,18.04,64.472,10.9608333333,63.225,1.0,0.0,0.0,207.5,0.044,0.0,720.0,10736.8046875,44.1875
2014.0,5.0,21.0,4.0,18.0416666667,64.475,10.8275,62.675,1.0,0.0,0.0,215.0,0.0438333333333,8.33333333333e-05,720.0,10736.8046875,47.6875
2014.0,5.0,21.0,5.0,18.025,64.445,11.3975,65.1416666667,5.75,0.0,0.0,263.833333333,0.04625,0.0,720.0,10736.8046875,47.25
2014.0,5.0,21.0,6.0,18.0116666667,64.421,11.8133333333,67.025,25.5,0.0,0.0,311.333333333,0.04825,0.0,720.0,10736.8046875,47.9166666667
2014.0,5.0,21.0,7.0,18.0033333333,64.406,11.5608333333,65.9416666667,26.9166666667,0.0,0.0166666666667,296.833333333,0.0495,0.0,720.0,10736.8046875,47.8541666667
2014.0,5.0,21.0,8.0,18.4766666667,65.258,10.9941666667,61.7666666667,88.5,0.0,0.0,283.416666667,0.0279583333333,0.0494583333333,720.0,10736.8046875,40.2083333333
2014.0,5.0,21.0,9.0,20.5583333333,69.005,10.24,51.5583333333,271.75,0.0,0.0,294.75,0.0,0.33375,720.0,10736.8046875,0.0
2014.0,5.0,21.0,10.0,21.2108333333,70.1795,10.1508333333,49.2333333333,299.75,0.0,0.291666666667,254.416666667,0.0,0.431625,720.0,10736.8046875,0.0
2014.0,5.0,21.0,11.0,20.7391666667,69.3305,10.98,53.5833333333,252.416666667,0.191666666667,1.425,68.3333333333,0.0,0.360875,720.0,10736.8046875,0.0
2014.0,5.0,21.0,12.0,20.725,69.305,11.2825,54.7083333333,318.166666667,0.141666666667,1.00833333333,79.0,0.0,0.35875,720.0,10736.8046875,0.0
2014.0,5.0,21.0,13.0,19.865,67.757,11.9558333333,60.6916666667,267.166666667,0.625,3.34166666667,63.9166666667,0.0,0.22975,720.0,10736.8046875,0.0
2014.0,5.0,21.0,14.0,18.3666666667,65.06,13.84,75.0416666667,288.083333333,0.283333333333,2.31666666667,66.0,0.0165416666667,0.0215416666667,720.0,10736.8046875,0.0
2014.0,5.0,21.0,15.0,18.9491666667,66.1085,13.38,70.0333333333,269.166666667,0.0666666666667,0.583333333333,60.6666666667,0.0,0.092375,720.0,10736.8046875,0.0
2014.0,5.0,21.0,16.0,19.265,66.677,15.835,80.8666666667,191.083333333,0.116666666667,0.958333333333,70.0833333333,0.0,0.13975,720.0,10736.8046875,0.0
2014.0,5.0,21.0,17.0,19.9,67.82,14.6833333333,71.8333333333,128.583333333,0.0,0.0,112.666666667,0.0,0.235,720.0,10736.8046875,0.0
2014.0,5.0,21.0,18.0,19.155,66.479,14.9825,76.6916666667,59.6666666667,0.0,0.0,67.9166666667,0.0,0.12325,720.0,10736.8046875,0.0
2014.0,5.0,21.0,19.0,18.7583333333,65.765,15.355,80.5416666667,10.1666666667,0.0,0.0,175.833333333,0.0,0.06375,720.0,10736.8046875,0.0
2014.0,5.0,21.0,20.0,18.5433333333,65.378,15.56,82.6916666667,1.0,0.0,0.0,137.25,0.0,0.0315,720.0,10736.8046875,0.0
2014.0,5.0,21.0,21.0,18.5891666667,65.4605,15.2033333333,80.575,1.0,0.0,0.0,73.8333333333,0.0,0.038375,720.0,10736.8046875,0.0
2014.0,5.0,21.0,22.0,18.1216666667,64.619,15.3433333333,83.7416666667,1.0,0.0,0.191666666667,65.0,0.0390833333333,0.00733333333333,720.0,10736.8046875,0.0
2014.0,5.0,21.0,23.0,18.2458333333,64.8425,15.5016666667,83.925,1.0,0.0,0.0,308.916666667,0.0157083333333,0.00258333333333,720.0,10736.8046875,0.0
2014.0,5.0,22.0,0.0,17.895,64.211,15.5816666667,86.2416666667,1.0,0.0,0.175,125.583333333,0.06575,0.0,720.0,10736.8046875,42.2708333333
2014.0,5.0,22.0,1.0,17.5425,63.5765,15.5291666667,87.875,1.0,0.0,0.391666666667,60.4166666667,0.118625,0.0,720.0,10736.8046875,45.5625
2014.0,5.0,22.0,2.0,17.2733333333,63.092,15.5658333333,89.5833333333,1.0,0.0666666666667,0.7,65.5833333333,0.159,0.0,720.0,10736.8046875,45.0416666667
2014.0,5.0,22.0,3.0,16.9875,62.5775,15.8608333333,92.9583333333,1.0,0.0833333333333,1.20833333333,62.75,0.201875,0.0,720.0,10736.8046875,45.375
2014.0,5.0,22.0,4.0,16.9491666667,62.5085,15.8125,92.9,1.0,0.0166666666667,0.541666666667,62.1666666667,0.207625,0.0,720.0,10736.8046875,49.7916666667
2014.0,5.0,22.0,5.0,16.9933333333,62.588,15.86,92.9333333333,1.0,0.0166666666667,0.341666666667,80.0,0.201,0.0,720.0,10736.8046875,48.7916666667
2014.0,5.0,22.0,6.0,17.505,63.509,15.845,89.9,12.5,0.0,0.2,209.833333333,0.12425,0.0,720.0,10736.8046875,48.5208333333
2014.0,5.0,22.0,7.0,18.1525,64.6745,16.0741666667,87.5583333333,58.5,0.0,0.0333333333333,249.5,0.0299583333333,0.00283333333333,720.0,10736.8046875,47.25
2014.0,5.0,22.0,8.0,18.5083333333,65.315,16.1358333333,85.9666666667,83.25,0.0,0.0,304.166666667,0.00666666666667,0.0329166666667,720.0,10736.8046875,49.3125
2014.0,5.0,22.0,9.0,19.055,66.299,16.2975,83.95,123.416666667,0.0,0.216666666667,283.833333333,0.0,0.10825,720.0,10736.8046875,50.4375
2014.0,5.0,22.0,10.0,19.6641666667,67.3955,16.82,83.575,194.083333333,0.0,0.358333333333,60.0833333333,0.0,0.199625,720.0,10736.8046875,53.0833333333
2014.0,5.0,22.0,11.0,20.6766666667,69.218,17.0575,79.6916666667,236.25,0.0,0.0,70.25,0.0,0.3515,720.0,10736.8046875,54.0833333333
2014.0,5.0,22.0,12.0,23.415,74.147,17.2691666667,68.675,521.583333333,0.0,0.383333333333,198.25,0.0,0.76225,720.0,10736.8046875,52.375
2014.0,5.0,22.0,13.0,25.9616666667,78.731,17.2508333333,58.8166666667,560.416666667,0.0,0.0666666666667,178.333333333,0.0,1.14425,720.0,10736.8046875,54.1458333333
2014.0,5.0,22.0,14.0,26.2391666667,79.2305,17.18,57.9166666667,589.0,0.0,0.208333333333,275.583333333,0.0,1.185875,720.0,10736.8046875,55.375
2014.0,5.0,22.0,15.0,24.0791666667,75.3425,17.5166666667,66.9083333333,120.833333333,0.158333333333,0.716666666667,283.333333333,0.0,0.861875,720.0,10736.8046875,54.375
2014.0,5.0,22.0,16.0,21.5183333333,70.733,18.3141666667,81.9833333333,31.0833333333,0.0833333333333,1.825,255.666666667,0.0,0.47775,720.0,10736.8046875,54.4791666667
2014.0,5.0,22.0,17.0,21.3441666667,70.4195,17.8366666667,80.6583333333,159.75,0.291666666667,3.1,235.333333333,0.0,0.451625,720.0,10736.8046875,54.1875
2014.0,5.0,22.0,18.0,20.6683333333,69.203,16.9125,79.15,121.0,0.316666666667,2.75,293.25,0.0,0.35025,720.0,10736.8046875,54.3958333333
2014.0,5.0,22.0,19.0,20.2841666667,68.5115,18.3466666667,88.5333333333,27.5833333333,0.158333333333,1.40833333333,189.666666667,0.0,0.292625,720.0,10736.8046875,54.625
2014.0,5.0,22.0,20.0,19.665,67.397,18.0983333333,90.5666666667,1.0,0.0,0.191666666667,271.083333333,0.0,0.19975,720.0,10736.8046875,52.6875
2014.0,5.0,22.0,21.0,19.14,66.452,17.98,92.875,1.0,0.0,0.466666666667,270.083333333,0.0,0.121,720.0,10736.8046875,52.1875
2014.0,5.0,22.0,22.0,18.8316666667,65.897,18.0125,94.85,1.0,0.0,0.0,154.75,0.0,0.07475,720.0,10736.8046875,48.7916666667
2014.0,5.0,22.0,23.0,18.4233333333,65.162,16.2733333333,87.1916666667,1.0,0.0,0.25,65.4166666667,0.00433333333333,0.0178333333333,720.0,10736.8046875,47.7708333333
2014.0,5.0,23.0,0.0,18.2458333333,64.8425,15.86,85.875,1.0,0.0,0.166666666667,66.9166666667,0.0238333333333,0.0107083333333,720.0,10736.8046875,23.125
2014.0,5.0,23.0,1.0,17.63,63.734,16.5383333333,93.2083333333,1.0,0.0,0.0,62.25,0.1055,0.0,720.0,10736.8046875,26.7708333333
2014.0,5.0,23.0,2.0,17.7491666667,63.9485,16.5708333333,92.725,1.0,0.133333333333,1.78333333333,109.083333333,0.087625,0.0,720.0,10736.8046875,46.2083333333
2014.0,5.0,23.0,3.0,16.9616666667,62.531,13.0016666667,77.4416666667,1.0,0.683333333333,4.81666666667,115.0,0.20575,0.0,720.0,10736.8046875,46.0208333333
2014.0,5.0,23.0,4.0,15.8508333333,60.5315,11.4833333333,75.2,1.0,1.11666666667,5.58333333333,126.166666667,0.372375,0.0,720.0,10736.8046875,49.9791666667
2014.0,5.0,23.0,5.0,15.3608333333,59.6495,10.87,74.5166666667,6.0,0.45,4.325,118.833333333,0.445875,0.0,720.0,10736.8046875,49.375
2014.0,5.0,23.0,6.0,15.5875,60.0575,10.6791666667,72.5083333333,29.1666666667,0.3,2.99166666667,125.583333333,0.411875,0.0,720.0,10736.8046875,49.2291666667
2014.0,5.0,23.0,7.0,15.8133333333,60.464,10.5333333333,70.775,56.5,0.216666666667,2.85,123.833333333,0.378,0.0,720.0,10736.8046875,47.5208333333
2014.0,5.0,23.0,8.0,17.5275,63.5495,10.3341666667,62.75,324.0,0.6,4.45833333333,122.5,0.135666666667,0.0147916666667,720.0,10736.8046875,48.3958333333
2014.0,5.0,23.0,9.0,19.015,66.227,10.7258333333,58.5833333333,374.0,0.375,3.35,126.25,0.01,0.11225,720.0,10736.8046875,52.0
2014.0,5.0,23.0,10.0,20.1833333333,68.33,11.1308333333,56.1333333333,522.25,0.133333333333,2.325,130.916666667,0.0,0.2775,720.0,10736.8046875,53.1458333333
2014.0,5.0,23.0,11.0,21.015,69.827,11.5041666667,54.6916666667,550.666666667,0.158333333333,1.93333333333,97.3333333333,0.0,0.40225,720.0,10736.8046875,53.8958333333
2014.0,5.0,23.0,12.0,23.745,74.741,11.8616666667,47.425,855.166666667,0.183333333333,2.11666666667,176.666666667,0.0,0.81175,720.0,10736.8046875,55.0416666667
2014.0,5.0,23.0,13.0,25.1316666667,77.237,11.2883333333,41.9416666667,836.916666667,0.358333333333,2.775,119.666666667,0.0,1.01975,720.0,10736.8046875,55.375
2014.0,5.0,23.0,14.0,26.0008333333,78.8015,10.5416666667,37.9333333333,778.166666667,0.333333333333,3.49166666667,100.75,0.0,1.150125,720.0,10736.8046875,53.6875
2014.0,5.0,23.0,15.0,24.0541666667,75.2975,9.67916666667,40.15,331.166666667,0.675,4.11666666667,99.75,0.0,0.858125,720.0,10736.8046875,53.0416666667
2014.0,5.0,23.0,16.0,24.4366666667,75.986,9.32583333333,38.45,391.333333333,0.516666666667,3.625,85.4166666667,0.0,0.9155,720.0,10736.8046875,53.5208333333
2014.0,5.0,23.0,17.0,24.0625,75.3125,8.25666666667,36.4583333333,284.25,0.825,5.00833333333,105.25,0.0,0.859375,720.0,10736.8046875,52.4583333333
2014.0,5.0,23.0,18.0,23.6425,74.5565,8.8025,38.8666666667,194.416666667,1.00833333333,4.93333333333,89.6666666667,0.0,0.796375,720.0,10736.8046875,50.625
2014.0,5.0,23.0,19.0,20.0491666667,68.0885,7.315,56.1416666667,14.4166666667,2.075,7.59166666667,108.666666667,0.0855416666667,0.342916666667,720.0,10736.8046875,49.75
2014.0,5.0,23.0,20.0,14.1291666667,57.4325,-25.7483333333,22.4916666667,1.0,0.916666666667,6.26666666667,151.916666667,0.630625,0.0,720.0,10736.8046875,49.8125
2014.0,5.0,23.0,21.0,14.835,58.703,-7.51416666667,51.5916666667,1.0,0.275,2.3,145.666666667,0.52475,0.0,720.0,10736.8046875,48.6458333333
2014.0,5.0,23.0,22.0,15.0025,59.0045,12.1333333333,82.875,1.0,0.441666666667,2.90833333333,131.333333333,0.499625,0.0,720.0,10736.8046875,46.8541666667
2014.0,5.0,23.0,23.0,14.6766666667,58.418,11.9375,83.5666666667,1.0,0.05,1.49166666667,117.666666667,0.5485,0.0,720.0,10736.8046875,45.7916666667
2014.0,5.0,24.0,0.0,14.2391666667,57.6305,11.8433333333,85.425,1.0,0.2,2.225,135.0,0.614125,0.0,0.0,10736.8046875,44.75
2014.0,5.0,24.0,1.0,14.2475,57.6455,11.5841666667,83.9333333333,1.0,0.583333333333,3.44166666667,133.833333333,0.612875,0.0,0.0,10736.8046875,44.625
2014.0,5.0,24.0,2.0,14.2408333333,57.6335,11.4616666667,83.3,1.0,0.458333333333,3.0,131.0,0.613875,0.0,0.0,10736.8046875,44.7291666667
2014.0,5.0,24.0,3.0,13.8983333333,57.017,11.435,85.0166666667,1.0,0.35,2.76666666667,130.666666667,0.66525,0.0,0.0,10736.8046875,44.0208333333
2014.0,5.0,24.0,4.0,13.7291666667,56.7125,11.3133333333,85.2583333333,1.0,0.841666666667,3.89166666667,127.416666667,0.690625,0.0,0.0,10736.8046875,48.625
2014.0,5.0,24.0,5.0,13.5825,56.4485,11.2191666667,85.5333333333,5.91666666667,0.0666666666667,1.61666666667,128.5,0.712625,0.0,0.0,10736.8046875,48.1666666667
2014.0,5.0,24.0,6.0,15.2883333333,59.519,11.1066666667,76.2333333333,115.0,0.158333333333,1.69166666667,128.75,0.45675,0.0,0.0,10736.8046875,47.2291666667
2014.0,5.0,24.0,7.0,17.6008333333,63.6815,11.06,65.5,306.75,0.541666666667,3.675,132.416666667,0.119208333333,0.00933333333333,0.0,10736.8046875,46.0833333333
2014.0,5.0,24.0,8.0,19.3358333333,66.8045,11.5033333333,60.5833333333,440.166666667,0.866666666667,4.78333333333,153.5,0.00895833333333,0.159333333333,0.0,10736.8046875,46.0208333333
2014.0,5.0,24.0,9.0,18.2883333333,64.919,12.1133333333,67.175,183.333333333,0.733333333333,4.075,158.333333333,0.0150416666667,0.00829166666667,0.0,10736.8046875,46.4791666667
2014.0,5.0,24.0,10.0,18.4866666667,65.276,12.1758333333,66.6333333333,203.25,0.583333333333,3.96666666667,143.75,0.00958333333333,0.0325833333333,0.0,10736.8046875,47.2291666667
2014.0,5.0,24.0,11.0,20.1208333333,68.2175,12.1083333333,59.95,458.333333333,0.416666666667,3.13333333333,130.75,0.0,0.268125,0.0,10736.8046875,46.6041666667
2014.0,5.0,24.0,12.0,22.7433333333,72.938,12.3516666667,51.9833333333,780.083333333,0.258333333333,1.91666666667,118.75,0.0,0.6615,0.0,10736.8046875,48.1041666667
2014.0,5.0,24.0,13.0,23.8733333333,74.972,12.1591666667,48.1416666667,603.666666667,0.1,1.275,127.583333333,0.0,0.831,0.0,10736.8046875,49.3125
2014.0,5.0,24.0,14.0,22.375,72.275,11.92,51.675,415.583333333,0.0666666666667,1.375,122.75,0.0,0.60625,0.0,10736.8046875,49.2083333333
2014.0,5.0,24.0,15.0,22.4308333333,72.3755,12.185,52.3,281.333333333,0.1,1.25833333333,128.083333333,0.0,0.614625,0.0,10736.8046875,48.7708333333
2014.0,5.0,24.0,16.0,24.7541666667,76.5575,11.5241666667,43.9833333333,419.666666667,0.0666666666667,0.633333333333,152.833333333,0.0,0.963125,0.0,10736.8046875,49.5416666667
2014.0,5.0,24.0,17.0,25.3458333333,77.6225,10.2341666667,38.6083333333,432.916666667,0.658333333333,4.39166666667,117.666666667,0.0,1.051875,0.0,10736.8046875,49.4375
2014.0,5.0,24.0,18.0,22.8641666667,73.1555,12.7975,53.75,162.666666667,0.358333333333,3.00833333333,233.75,0.0,0.679625,0.0,10736.8046875,48.5833333333
2014.0,5.0,24.0,19.0,19.245,66.641,14.7125,75.45,53.0833333333,0.8,4.48333333333,250.0,0.0314166666667,0.168166666667,0.0,10736.8046875,47.7708333333
2014.0,5.0,24.0,20.0,16.9483333333,62.507,14.5008333333,85.4,1.25,0.1,1.21666666667,282.5,0.20775,0.0,0.0,10736.8046875,48.5625
2014.0,5.0,24.0,21.0,16.9166666667,62.45,14.3316666667,84.6416666667,1.0,0.0,0.0833333333333,303.416666667,0.2125,0.0,0.0,10736.8046875,48.4166666667
2014.0,5.0,24.0,22.0,16.5716666667,61.829,14.3183333333,86.475,1.0,0.0,0.0166666666667,162.333333333,0.26425,0.0,0.0,10736.8046875,45.9166666667
2014.0,5.0,24.0,23.0,16.1883333333,61.139,14.5541666667,89.95,1.0,0.0,0.441666666667,65.1666666667,0.32175,0.0,0.0,10736.8046875,44.3333333333
2014.0,5.0,25.0,0.0,15.7391666667,60.3305,14.2883333333,90.9833333333,1.0,0.0,0.125,67.9166666667,0.389125,0.0,0.0,10736.8046875,0.1875
2014.0,5.0,25.0,1.0,15.6291666667,60.1325,14.0166666667,90.025,1.0,0.0,0.0,68.3333333333,0.405625,0.0,0.0,10736.8046875,0.0
2014.0,5.0,25.0,2.0,15.1325,59.2385,13.9341666667,92.4583333333,1.0,0.0,0.075,87.25,0.480125,0.0,0.0,10736.8046875,0.0
2014.0,5.0,25.0,3.0,14.5175,58.1315,13.5316666667,93.7083333333,1.0,0.0,0.158333333333,102.5,0.572375,0.0,0.0,10736.8046875,0.0
2014.0,5.0,25.0,4.0,14.4433333333,57.998,13.32,92.85,1.0,0.0,0.0666666666667,112.25,0.5835,0.0,0.0,10736.8046875,0.0
2014.0,5.0,25.0,5.0,14.455,58.019,13.0766666667,91.3666666667,14.3333333333,0.0,0.0,162.833333333,0.58175,0.0,0.0,10736.8046875,0.0
2014.0,5.0,25.0,6.0,16.5908333333,61.8635,13.0983333333,79.8916666667,133.083333333,0.0,0.166666666667,156.5,0.261375,0.0,0.0,10736.8046875,0.0
2014.0,5.0,25.0,7.0,19.3266666667,66.788,12.8058333333,66.0333333333,307.083333333,0.0,0.608333333333,93.5833333333,0.00579166666667,0.154791666667,0.0,10736.8046875,0.0
2014.0,5.0,25.0,8.0,22.2666666667,72.08,12.1008333333,52.6416666667,487.416666667,0.0,0.466666666667,92.0,0.0,0.59,0.0,10736.8046875,0.0
2014.0,5.0,25.0,9.0,24.4241666667,75.9635,10.9508333333,42.875,652.166666667,0.0333333333333,1.275,90.8333333333,0.0,0.913625,0.0,10736.8046875,0.0
2014.0,5.0,25.0,10.0,25.7808333333,78.4055,9.92916666667,36.85,798.0,0.233333333333,2.50833333333,125.666666667,0.0,1.117125,0.0,10736.8046875,0.0
2014.0,5.0,25.0,11.0,26.465,79.637,8.63833333333,32.4416666667,930.916666667,0.558333333333,4.08333333333,102.083333333,0.0,1.21975,0.0,10736.8046875,0.0
2014.0,5.0,25.0,12.0,27.7233333333,81.902,8.18,29.225,963.416666667,0.541666666667,3.65833333333,116.0,0.0,1.4085,0.0,10736.8046875,0.0
2014.0,5.0,25.0,13.0,27.3608333333,81.2495,8.29416666667,30.2083333333,859.0,0.525,3.80833333333,85.0,0.0,1.354125,0.0,10736.8046875,0.0
2014.0,5.0,25.0,14.0,28.76,83.768,8.805,28.775,781.666666667,0.391666666667,3.275,82.6666666667,0.0,1.564,0.0,10736.8046875,0.0
2014.0,5.0,25.0,15.0,29.2208333333,84.5975,8.025,26.5416666667,742.416666667,0.5,3.525,86.25,0.0,1.633125,0.0,10736.8046875,16.3541666667
2014.0,5.0,25.0,16.0,28.7683333333,83.783,7.64333333333,26.55,581.166666667,0.758333333333,4.35,80.75,0.0,1.56525,0.0,10736.8046875,49.6875
2014.0,5.0,25.0,17.0,29.4791666667,85.0625,6.88916666667,24.1833333333,434.75,0.475,3.19166666667,87.3333333333,0.0,1.671875,0.0,10736.8046875,49.625
2014.0,5.0,25.0,18.0,27.7208333333,81.8975,7.48916666667,27.8666666667,240.333333333,0.875,4.7,68.5833333333,0.0,1.408125,0.0,10736.8046875,49.0833333333
2014.0,5.0,25.0,19.0,25.5275,77.9495,7.735,32.2916666667,57.0833333333,0.65,3.55833333333,67.0,0.0,1.079125,0.0,10736.8046875,49.1458333333
2014.0,5.0,25.0,20.0,23.6408333333,74.5535,8.15,37.1083333333,1.25,0.0,0.308333333333,65.3333333333,0.0,0.796125,0.0,10736.8046875,49.2083333333
2014.0,5.0,25.0,21.0,22.5466666667,72.584,8.1725,39.7,1.0,0.0,0.433333333333,68.0,0.0,0.632,0.0,10736.8046875,47.8541666667
2014.0,5.0,25.0,22.0,21.2141666667,70.1855,8.52416666667,44.1333333333,1.0,0.0,0.608333333333,64.0,0.0,0.432125,0.0,10736.8046875,46.625
2014.0,5.0,25.0,23.0,19.9908333333,67.9835,9.7575,51.7083333333,1.0,0.0,0.341666666667,63.1666666667,0.0,0.248625,0.0,10736.8046875,46.5833333333
2014.0,5.0,26.0,0.0,19.19,66.542,10.9366666667,58.7583333333,1.0,0.0,0.0166666666667,66.5,0.0,0.1285,720.0,10736.8046875,4.0
2014.0,5.0,26.0,1.0,18.6775,65.6195,11.5008333333,62.9666666667,1.0,0.0,0.0666666666667,66.0833333333,0.0,0.051625,720.0,10736.8046875,46.3541666667
2014.0,5.0,26.0,2.0,18.2533333333,64.856,11.9366666667,66.55,1.0,0.0,0.0583333333333,65.5,0.0142916666667,0.00229166666667,720.0,10736.8046875,45.6458333333
2014.0,5.0,26.0,3.0,18.0483333333,64.487,12.1608333333,68.4083333333,1.0,0.1,1.125,51.6666666667,0.04275,0.0,720.0,10736.8046875,45.0208333333
2014.0,5.0,26.0,4.0,17.6258333333,63.7265,12.4983333333,71.85,1.0,0.05,0.825,46.3333333333,0.106125,0.0,720.0,10736.8046875,47.0625
2014.0,5.0,26.0,5.0,17.4383333333,63.389,13.6066666667,78.1416666667,8.25,0.05,1.35,45.8333333333,0.13425,0.0,720.0,10736.8046875,49.75
2014.0,5.0,26.0,6.0,18.5716666667,65.429,13.2266666667,71.1666666667,119.333333333,0.0833333333333,1.34166666667,47.6666666667,0.0399166666667,0.0756666666667,720.0,10736.8046875,48.7708333333
2014.0,5.0,26.0,7.0,21.4283333333,70.571,11.8325,54.4416666667,306.5,0.0666666666667,1.225,56.5833333333,0.0,0.46425,720.0,10736.8046875,47.5416666667
2014.0,5.0,26.0,8.0,24.2933333333,75.728,12.1808333333,46.7333333333,482.416666667,0.0333333333333,0.791666666667,45.8333333333,0.0,0.894,720.0,10736.8046875,48.4791666667
2014.0,5.0,26.0,9.0,26.1808333333,79.1255,13.3758333333,45.2,637.416666667,0.45,2.71666666667,47.75,0.0,1.177125,720.0,10736.8046875,48.8958333333
2014.0,5.0,26.0,10.0,28.4866666667,83.276,12.3341666667,36.9333333333,785.833333333,1.00833333333,4.75833333333,65.9166666667,0.0,1.523,720.0,10736.8046875,51.4583333333
2014.0,5.0,26.0,11.0,29.7025,85.4645,11.34,32.2083333333,913.583333333,2.03333333333,7.2,69.8333333333,0.0,1.705375,720.0,10736.8046875,51.8541666667
2014.0,5.0,26.0,12.0,30.6816666667,87.227,10.8725,29.5416666667,952.75,1.34166666667,5.89166666667,67.3333333333,0.0,1.85225,720.0,10736.8046875,50.9375
2014.0,5.0,26.0,13.0,30.895,87.611,10.6333333333,28.6833333333,915.416666667,1.45,5.74166666667,72.0,0.0,1.88425,720.0,10736.8046875,52.9583333333
2014.0,5.0,26.0,14.0,31.1075,87.9935,11.1608333333,29.3416666667,840.25,2.03333333333,6.43333333333,69.0833333333,0.0,1.916125,720.0,10736.8046875,8.375
2014.0,5.0,26.0,15.0,31.0966666667,87.974,11.4575,29.9583333333,606.5,1.44166666667,5.96666666667,77.75,0.0,1.9145,720.0,10736.8046875,0.0
2014.0,5.0,26.0,16.0,30.0533333333,86.096,11.9975,32.9666666667,399.583333333,1.15,4.88333333333,69.8333333333,0.0,1.758,720.0,10736.8046875,0.0
2014.0,5.0,26.0,17.0,29.4983333333,85.097,12.7566666667,35.8916666667,283.666666667,1.81666666667,6.375,67.8333333333,0.0,1.67475,720.0,10736.8046875,0.0
2014.0,5.0,26.0,18.0,29.2791666667,84.7025,14.89,41.575,240.583333333,1.31666666667,5.15833333333,66.0,0.0,1.641875,720.0,10736.8046875,0.0
2014.0,5.0,26.0,19.0,27.8325,82.0985,14.97,45.475,68.1666666667,0.575,3.65,60.25,0.0,1.424875,720.0,10736.8046875,0.0
2014.0,5.0,26.0,20.0,25.9366666667,78.686,15.2708333333,51.7916666667,1.16666666667,0.0166666666667,0.541666666667,51.4166666667,0.0,1.1405,720.0,10736.8046875,0.0
2014.0,5.0,26.0,21.0,25.0475,77.0855,14.8575,53.15,1.0,0.1,1.45833333333,63.0833333333,0.0,1.007125,720.0,10736.8046875,0.0
2014.0,5.0,26.0,22.0,24.4925,76.0865,13.5433333333,50.4416666667,1.0,0.0166666666667,0.941666666667,68.9166666667,0.0,0.923875,720.0,10736.8046875,0.0
2014.0,5.0,26.0,23.0,24.0675,75.3215,13.13,50.3666666667,1.0,0.0,0.35,66.5833333333,0.0,0.860125,720.0,10736.8046875,0.0
2014.0,5.0,27.0,0.0,23.3758333333,74.0765,13.005,52.0833333333,1.0,0.0166666666667,0.433333333333,70.5833333333,0.0,0.756375,720.0,10736.8046875,0.0
2014.0,5.0,27.0,1.0,22.5466666667,72.584,13.06,54.9666666667,1.0,0.0,0.0916666666667,69.0833333333,0.0,0.632,720.0,10736.8046875,0.0
2014.0,5.0,27.0,2.0,21.855,71.339,13.5741666667,59.3166666667,1.0,0.0,0.0,63.5,0.0,0.52825,720.0,10736.8046875,0.0
2014.0,5.0,27.0,3.0,21.4116666667,70.541,14.0208333333,62.7083333333,1.0,0.0,0.0,56.4166666667,0.0,0.46175,720.0,10736.8046875,0.0
2014.0,5.0,27.0,4.0,20.495,68.891,14.5033333333,68.45,1.0,0.0,0.0,62.6666666667,0.0,0.32425,720.0,10736.8046875,0.0
2014.0,5.0,27.0,5.0,20.0166666667,68.03,14.7733333333,71.7166666667,13.8333333333,0.0,0.0,66.6666666667,0.0,0.2525,720.0,10736.8046875,0.0
2014.0,5.0,27.0,6.0,22.1383333333,71.849,14.4683333333,61.8833333333,166.666666667,0.0,0.0,64.75,0.0,0.57075,720.0,10736.8046875,0.0
2014.0,5.0,27.0,7.0,24.7891666667,76.6205,14.3383333333,52.25,342.666666667,0.0,0.0333333333333,61.9166666667,0.0,0.968375,720.0,10736.8046875,0.0
2014.0,5.0,27.0,8.0,25.8475,78.5255,14.5441666667,49.6833333333,377.416666667,0.0,0.075,58.0833333333,0.0,1.127125,720.0,10736.8046875,0.0
2014.0,5.0,27.0,9.0,27.7666666667,81.98,14.81,45.2333333333,506.666666667,0.0166666666667,0.325,62.3333333333,0.0,1.415,720.0,10736.8046875,0.0
2014.0,5.0,27.0,10.0,29.1333333333,84.44,15.5183333333,43.6916666667,501.416666667,0.433333333333,2.84166666667,68.0,0.0,1.62,720.0,10736.8046875,0.0
2014.0,5.0,27.0,11.0,28.0125,82.4225,16.35,49.1,330.666666667,0.208333333333,2.15,73.5,0.0,1.451875,720.0,10736.8046875,0.0
2014.0,5.0,27.0,12.0,29.7466666667,85.544,17.085,46.5583333333,567.583333333,0.658333333333,4.075,73.3333333333,0.0,1.712,720.0,10736.8046875,0.0
2014.0,5.0,27.0,13.0,30.2533333333,86.456,17.3516666667,45.9916666667,578.583333333,1.15,4.25833333333,73.1666666667,0.0,1.788,720.0,10736.8046875,0.0
2014.0,5.0,27.0,14.0,30.3241666667,86.5835,17.525,46.325,409.833333333,1.06666666667,4.95833333333,71.9166666667,0.0,1.798625,720.0,10736.8046875,0.0
2014.0,5.0,27.0,15.0,30.8141666667,87.4655,18.1116666667,46.7333333333,459.583333333,0.991666666667,4.28333333333,65.0,0.0,1.872125,720.0,10736.8046875,0.0
2014.0,5.0,27.0,16.0,29.4633333333,85.034,19.3033333333,54.4416666667,172.5,0.375,2.95,64.3333333333,0.0,1.6695,720.0,10736.8046875,0.0
2014.0,5.0,27.0,17.0,27.205,80.969,20.0641666667,65.3916666667,8.33333333333,0.541666666667,3.04166666667,68.3333333333,0.0,1.33075,720.0,10736.8046875,0.0
2014.0,5.0,27.0,18.0,19.3158333333,66.7685,-24.4025,22.0583333333,2.41666666667,0.7,4.73333333333,118.25,0.0,0.147375,720.0,10736.8046875,0.0
2014.0,5.0,27.0,19.0,19.15,66.47,-38.29,1.0,12.9166666667,0.0166666666667,0.266666666667,119.666666667,0.0,0.1225,720.0,10736.8046875,0.0
2014.0,5.0,27.0,20.0,19.5991666667,67.2785,-34.8691666667,3.1,1.0,0.0,0.05,64.25,0.0,0.189875,720.0,10736.8046875,0.0
2014.0,5.0,27.0,21.0,19.9966666667,67.994,19.3833333333,96.1666666667,1.0,0.1,1.225,67.1666666667,0.0,0.2495,720.0,10736.8046875,0.0
2014.0,5.0,27.0,22.0,20.2491666667,68.4485,19.6175,96.0166666667,1.0,0.0,0.208333333333,80.9166666667,0.0,0.287375,720.0,10736.8046875,0.0
2014.0,5.0,27.0,23.0,20.3308333333,68.5955,19.5741666667,95.275,1.0,0.0333333333333,0.483333333333,67.0833333333,0.0,0.299625,720.0,10736.8046875,0.0
2014.0,5.0,28.0,0.0,20.3233333333,68.582,19.665,95.85,1.0,0.191666666667,1.2,68.0833333333,0.0,0.2985,720.0,10736.8046875,0.0
2014.0,5.0,28.0,1.0,20.3366666667,68.606,19.6991666667,95.975,1.0,0.0666666666667,1.10833333333,70.0,0.0,0.3005,720.0,10736.8046875,47.3125
2014.0,5.0,28.0,2.0,20.0625,68.1125,19.5241666667,96.5583333333,1.0,0.0166666666667,0.458333333333,71.4166666667,0.0,0.259375,720.0,10736.8046875,47.125
2014.0,5.0,28.0,3.0,19.9383333333,67.889,19.4608333333,96.9166666667,1.0,0.0,0.05,67.9166666667,0.0,0.24075,720.0,10736.8046875,47.1458333333
2014.0,5.0,28.0,4.0,19.9308333333,67.8755,19.4233333333,96.7416666667,1.0,0.0,0.0583333333333,79.6666666667,0.0,0.239625,720.0,10736.8046875,48.6458333333
2014.0,5.0,28.0,5.0,20.3858333333,68.6945,19.4333333333,94.1166666667,3.66666666667,0.0,0.266666666667,100.083333333,0.0,0.307875,720.0,10736.8046875,4.35416666667
2014.0,5.0,28.0,6.0,22.075,71.735,19.4125,84.8666666667,102.416666667,0.0666666666667,1.09166666667,164.916666667,0.0,0.56125,720.0,10736.8046875,0.0
2014.0,5.0,28.0,7.0,22.3466666667,72.224,19.7358333333,85.05,147.5,0.0,0.841666666667,211.5,0.0,0.602,720.0,10736.8046875,4.35416666667
2014.0,5.0,28.0,8.0,22.0983333333,71.777,19.7791666667,86.6333333333,105.333333333,0.0,0.258333333333,217.333333333,0.0,0.56475,720.0,10736.8046875,50.8541666667
2014.0,5.0,28.0,9.0,19.1575,66.4835,17.9558333333,92.6416666667,77.4166666667,0.683333333333,3.45,226.333333333,0.0238333333333,0.147458333333,720.0,10736.8046875,52.2916666667
2014.0,5.0,28.0,10.0,18.2016666667,64.763,16.5358333333,89.9,104.916666667,0.05,1.1,259.0,0.0262083333333,0.00645833333333,720.0,10736.8046875,54.8125
2014.0,5.0,28.0,11.0,17.5333333333,63.56,16.2508333333,92.1,76.1666666667,0.183333333333,2.075,304.333333333,0.12,0.0,720.0,10736.8046875,55.3541666667
2014.0,5.0,28.0,12.0,15.8983333333,60.617,1.96166666667,50.0166666667,25.1666666667,0.133333333333,1.26666666667,272.833333333,0.36525,0.0,720.0,10736.8046875,54.6666666667
2014.0,5.0,28.0,13.0,15.1941666667,59.3495,-23.3691666667,9.39166666667,84.3333333333,0.416666666667,3.13333333333,233.916666667,0.470875,0.0,720.0,10736.8046875,54.0625
2014.0,5.0,28.0,14.0,14.7733333333,58.592,-40.9391666667,1.0,96.8333333333,0.283333333333,2.39166666667,258.666666667,0.534,0.0,720.0,10736.8046875,54.1458333333
2014.0,5.0,28.0,15.0,15.2633333333,59.474,-40.6408333333,1.0,141.75,0.258333333333,2.075,261.0,0.4605,0.0,720.0,10736.8046875,51.9791666667
2014.0,5.0,28.0,16.0,15.415,59.747,-27.3358333333,21.4416666667,118.0,0.941666666667,4.21666666667,245.583333333,0.43775,0.0,720.0,10736.8046875,52.5
2014.0,5.0,28.0,17.0,14.9408333333,58.8935,14.5216666667,97.225,50.6666666667,0.816666666667,4.14166666667,248.833333333,0.508875,0.0,720.0,10736.8046875,53.2291666667
2014.0,5.0,28.0,18.0,14.4816666667,58.067,13.365,92.9083333333,19.9166666667,0.691666666667,3.98333333333,250.166666667,0.57775,0.0,720.0,10736.8046875,50.625
2014.0,5.0,28.0,19.0,13.9741666667,57.1535,12.6725,91.775,6.58333333333,0.958333333333,4.36666666667,243.583333333,0.653875,0.0,720.0,10736.8046875,50.8333333333
2014.0,5.0,28.0,20.0,14.1183333333,57.413,12.5066666667,89.9333333333,1.0,1.1,5.10833333333,247.25,0.63225,0.0,720.0,10736.8046875,50.0208333333
2014.0,5.0,28.0,21.0,14.0658333333,57.3185,12.3375,89.25,1.0,0.841666666667,4.50833333333,245.416666667,0.640125,0.0,720.0,10736.8046875,49.1666666667
2014.0,5.0,28.0,22.0,13.6225,56.5205,11.66,87.85,1.0,0.733333333333,4.60833333333,240.333333333,0.706625,0.0,720.0,10736.8046875,48.75
2014.0,5.0,28.0,23.0,13.1125,55.6025,11.2558333333,88.425,1.0,0.908333333333,4.10833333333,239.75,0.783125,0.0,720.0,10736.8046875,46.0833333333
2014.0,5.0,29.0,0.0,12.8266666667,55.088,10.75,87.125,1.0,0.566666666667,3.75,242.333333333,0.826,0.0,720.0,10736.8046875,3.79166666667
2014.0,5.0,29.0,1.0,12.5858333333,54.6545,10.325,86.0333333333,1.0,0.716666666667,4.625,237.916666667,0.862125,0.0,720.0,10736.8046875,0.0
2014.0,5.0,29.0,2.0,12.3883333333,54.299,10.0616666667,85.625,1.0,0.483333333333,3.65,245.666666667,0.89175,0.0,720.0,10736.8046875,0.0
2014.0,5.0,29.0,3.0,12.3358333333,54.2045,9.88666666667,84.925,1.0,0.216666666667,2.13333333333,241.416666667,0.899625,0.0,720.0,10736.8046875,0.0
2014.0,5.0,29.0,4.0,12.2675,54.0815,9.7875,84.7416666667,1.0,0.541666666667,3.60833333333,247.5,0.909875,0.0,720.0,10736.8046875,0.0
2014.0,5.0,29.0,5.0,12.0433333333,53.678,9.55083333333,84.6583333333,4.0,0.5,3.625,235.833333333,0.9435,0.0,720.0,10736.8046875,0.0
2014.0,5.0,29.0,6.0,12.09,53.762,9.44416666667,83.7916666667,31.0,0.45,2.98333333333,236.583333333,0.9365,0.0,720.0,10736.8046875,0.0
2014.0,5.0,29.0,7.0,12.1983333333,53.957,9.18916666667,81.7916666667,73.9166666667,0.5,3.26666666667,230.333333333,0.92025,0.0,720.0,10736.8046875,0.0
2014.0,5.0,29.0,8.0,12.5575,54.6035,9.02333333333,78.9916666667,110.75,0.333333333333,2.93333333333,233.583333333,0.866375,0.0,720.0,10736.8046875,0.0
2014.0,5.0,29.0,9.0,12.8491666667,55.1285,9.01333333333,77.4333333333,121.416666667,0.133333333333,1.86666666667,219.166666667,0.822625,0.0,720.0,10736.8046875,0.0
2014.0,5.0,29.0,10.0,13.57,56.426,9.00583333333,73.8583333333,149.75,0.116666666667,0.966666666667,246.0,0.7145,0.0,720.0,10736.8046875,0.0
2014.0,5.0,29.0,11.0,14.035,57.263,9.19333333333,72.5583333333,161.666666667,0.05,1.00833333333,227.333333333,0.64475,0.0,720.0,10736.8046875,0.0
2014.0,5.0,29.0,12.0,14.6891666667,58.4405,9.31333333333,70.1416666667,264.583333333,0.133333333333,1.55833333333,215.666666667,0.546625,0.0,720.0,10736.8046875,0.0
2014.0,5.0,29.0,13.0,16.1841666667,61.1315,9.4375,64.3,338.0,0.0333333333333,0.416666666667,251.666666667,0.322375,0.0,720.0,10736.8046875,0.0
2014.0,5.0,29.0,14.0,15.5666666667,60.02,9.7675,68.325,155.25,0.0,0.116666666667,240.916666667,0.415,0.0,720.0,10736.8046875,0.0
2014.0,5.0,29.0,15.0,15.6841666667,60.2315,9.9125,68.4583333333,155.333333333,0.0,0.0583333333333,315.166666667,0.397375,0.0,720.0,10736.8046875,0.0
2014.0,5.0,29.0,16.0,15.8366666667,60.506,10.0858333333,68.6,153.75,0.0,0.0333333333333,305.583333333,0.3745,0.0,720.0,10736.8046875,0.0
2014.0,5.0,29.0,17.0,15.5366666667,59.966,10.4058333333,71.4583333333,109.416666667,0.0,0.658333333333,294.583333333,0.4195,0.0,720.0,10736.8046875,0.0
2014.0,5.0,29.0,18.0,14.7133333333,58.484,10.8383333333,77.525,41.25,0.0333333333333,0.558333333333,146.5,0.543,0.0,720.0,10736.8046875,0.0
2014.0,5.0,29.0,19.0,14.5975,58.2755,11.075,79.3416666667,11.5833333333,0.0,0.0333333333333,214.166666667,0.560375,0.0,720.0,10736.8046875,0.0
2014.0,5.0,29.0,20.0,14.2391666667,57.6305,11.165,81.675,1.0,0.0,0.05,111.833333333,0.614125,0.0,720.0,10736.8046875,0.0
2014.0,5.0,29.0,21.0,14.1383333333,57.449,11.2266666667,82.5416666667,1.0,0.0,0.0,69.1666666667,0.62925,0.0,720.0,10736.8046875,0.0
2014.0,5.0,29.0,22.0,14.2,57.56,11.4258333333,83.3166666667,1.0,0.0,0.05,155.75,0.62,0.0,720.0,10736.8046875,0.0
2014.0,5.0,29.0,23.0,13.695,56.651,11.8466666667,88.625,1.0,0.0,0.0,147.25,0.69575,0.0,720.0,10736.8046875,0.0
2014.0,5.0,30.0,0.0,12.405,54.329,12.365,99.65,1.0,0.0,0.0,74.9166666667,0.88925,0.0,720.0,10736.8046875,41.8333333333
2014.0,5.0,30.0,1.0,12.2408333333,54.0335,10.5733333333,89.7916666667,1.0,0.0,0.0,109.75,0.913875,0.0,720.0,10736.8046875,45.6458333333
2014.0,5.0,30.0,2.0,12.5033333333,54.506,9.88,84.1166666667,1.0,0.0,0.0,86.9166666667,0.8745,0.0,720.0,10736.8046875,45.1875
2014.0,5.0,30.0,3.0,12.9675,55.3415,12.7283333333,98.3583333333,1.0,0.0,0.0,101.916666667,0.804875,0.0,720.0,10736.8046875,45.2291666667
2014.0,5.0,30.0,4.0,13.0775,55.5395,12.5125,96.275,1.0,0.0,0.158333333333,118.083333333,0.788375,0.0,720.0,10736.8046875,46.875
2014.0,5.0,30.0,5.0,13.1666666667,55.7,12.2191666667,93.8916666667,5.66666666667,0.0,0.191666666667,122.583333333,0.775,0.0,720.0,10736.8046875,48.25
2014.0,5.0,30.0,6.0,13.575,56.435,12.255,91.65,57.9166666667,0.0,0.2,110.416666667,0.71375,0.0,720.0,10736.8046875,47.875
2014.0,5.0,30.0,7.0,15.3733333333,59.672,12.2508333333,82.0583333333,204.583333333,0.05,0.941666666667,118.0,0.451583333333,0.00758333333333,720.0,10736.8046875,48.4791666667
2014.0,5.0,30.0,8.0,16.9025,62.4245,11.915,72.3916666667,375.416666667,0.133333333333,2.00833333333,133.583333333,0.214625,0.0,720.0,10736.8046875,49.4166666667
2014.0,5.0,30.0,9.0,16.5991666667,61.8785,12.3991666667,76.1666666667,193.333333333,0.2,1.825,128.416666667,0.260125,0.0,720.0,10736.8046875,51.7291666667
2014.0,5.0,30.0,10.0,17.6775,63.8195,12.36,71.0333333333,280.75,0.2,1.86666666667,137.916666667,0.110208333333,0.0118333333333,720.0,10736.8046875,53.375
2014.0,5.0,30.0,11.0,20.2058333333,68.3705,12.4491666667,61.1416666667,521.583333333,0.0166666666667,0.55,156.916666667,0.000166666666667,0.281041666667,720.0,10736.8046875,53.4583333333
2014.0,5.0,30.0,12.0,23.06,73.508,12.2133333333,50.85,764.916666667,0.05,0.908333333333,164.833333333,0.0,0.709,720.0,10736.8046875,54.5625
2014.0,5.0,30.0,13.0,24.2958333333,75.7325,12.32,47.4,864.833333333,0.0833333333333,1.3,85.3333333333,0.0,0.894375,720.0,10736.8046875,53.6666666667
2014.0,5.0,30.0,14.0,25.355,77.639,12.2616666667,44.15,785.0,0.1,1.63333333333,69.4166666667,0.0,1.05325,720.0,10736.8046875,53.8541666667
2014.0,5.0,30.0,15.0,24.1325,75.4385,12.7358333333,48.9583333333,615.0,0.483333333333,2.9,63.75,0.0,0.869875,720.0,10736.8046875,51.5625
2014.0,5.0,30.0,16.0,25.9,78.62,12.7916666667,44.3583333333,616.25,0.458333333333,3.36666666667,53.6666666667,0.0,1.135,720.0,10736.8046875,51.6458333333
2014.0,5.0,30.0,17.0,25.5108333333,77.9195,12.7008333333,45.0166666667,413.416666667,0.55,3.45,62.9166666667,0.0,1.076625,720.0,10736.8046875,50.8333333333
2014.0,5.0,30.0,18.0,25.06,77.108,13.4616666667,48.5166666667,236.25,0.216666666667,1.98333333333,65.5,0.0,1.009,720.0,10736.8046875,50.2083333333
2014.0,5.0,30.0,19.0,22.27,72.086,13.995,59.5916666667,64.0833333333,0.45,3.5,61.0833333333,0.0,0.5905,720.0,10736.8046875,50.4583333333
2014.0,5.0,30.0,20.0,20.2391666667,68.4305,14.6566666667,70.2083333333,1.66666666667,0.241666666667,2.5,62.4166666667,0.0,0.285875,720.0,10736.8046875,49.4375
2014.0,5.0,30.0,21.0,20.115,68.207,14.7225,71.05,1.0,0.291666666667,2.99166666667,67.3333333333,0.0,0.26725,720.0,10736.8046875,48.8125
2014.0,5.0,30.0,22.0,20.4733333333,68.852,13.3908333333,63.9833333333,1.0,0.1,1.38333333333,115.0,0.0,0.321,720.0,10736.8046875,47.1666666667
2014.0,5.0,30.0,23.0,19.7841666667,67.6115,11.5975,59.2416666667,1.0,1.04166666667,4.78333333333,193.916666667,0.0,0.217625,720.0,10736.8046875,45.5625
2014.0,5.0,31.0,0.0,18.37,65.066,11.6991666667,65.0333333333,1.0,0.25,2.56666666667,176.916666667,0.013875,0.019375,0.0,10736.8046875,44.7708333333
2014.0,5.0,31.0,1.0,17.805,64.049,10.5716666667,62.5333333333,1.0,1.13333333333,5.13333333333,160.0,0.07925,0.0,0.0,10736.8046875,45.0416666667
2014.0,5.0,31.0,2.0,16.7783333333,62.201,10.2666666667,65.3916666667,1.0,0.2,2.075,177.166666667,0.23325,0.0,0.0,10736.8046875,44.2291666667
2014.0,5.0,31.0,3.0,16.0216666667,60.839,10.585,70.0833333333,1.0,0.0333333333333,1.06666666667,147.666666667,0.34675,0.0,0.0,10736.8046875,43.8958333333
2014.0,5.0,31.0,4.0,15.6716666667,60.209,10.7125,72.275,1.0,0.0833333333333,1.58333333333,149.25,0.39925,0.0,0.0,10736.8046875,46.25
2014.0,5.0,31.0,5.0,15.5341666667,59.9615,10.2908333333,70.9083333333,15.25,0.316666666667,2.91666666667,132.25,0.419875,0.0,0.0,10736.8046875,4.10416666667
2014.0,5.0,31.0,6.0,16.8025,62.2445,9.8225,63.3916666667,147.666666667,0.675,4.29166666667,128.25,0.229625,0.0,0.0,10736.8046875,0.0
2014.0,5.0,31.0,7.0,18.7408333333,65.7335,9.99583333333,56.8,322.25,0.475,3.99166666667,141.666666667,0.024625,0.08575,0.0,10736.8046875,0.0
2014.0,5.0,31.0,8.0,21.0666666667,69.92,10.0491666667,49.4083333333,501.25,0.416666666667,3.33333333333,155.833333333,0.0,0.41,0.0,10736.8046875,0.0
2014.0,5.0,31.0,9.0,22.4383333333,72.389,8.58666666667,41.1833333333,667.25,1.29166666667,5.36666666667,156.416666667,0.0,0.61575,0.0,10736.8046875,0.0
2014.0,5.0,31.0,10.0,23.7091666667,74.6765,6.36916666667,32.8333333333,850.666666667,1.73333333333,6.325,183.5,0.0,0.806375,0.0,10736.8046875,0.0
2014.0,5.0,31.0,11.0,23.475,74.255,6.725,34.05,815.416666667,1.78333333333,6.60833333333,185.416666667,0.0,0.77125,0.0,10736.8046875,0.0
2014.0,5.0,31.0,12.0,24.4333333333,75.98,6.72583333333,32.175,827.75,1.375,6.325,168.333333333,0.0,0.915,0.0,10736.8046875,0.0
2014.0,5.0,31.0,13.0,24.9033333333,76.826,5.49,28.7333333333,782.083333333,1.65833333333,6.175,189.666666667,0.0,0.9855,0.0,10736.8046875,0.0
2014.0,5.0,31.0,14.0,25.2225,77.4005,6.04416666667,29.2833333333,836.166666667,1.39166666667,5.11666666667,193.833333333,0.0,1.033375,0.0,10736.8046875,0.0
2014.0,5.0,31.0,15.0,25.8483333333,78.527,5.7625,27.6833333333,628.833333333,1.30833333333,5.26666666667,188.083333333,0.0,1.12725,0.0,10736.8046875,0.0
2014.0,5.0,31.0,16.0,25.1375,77.2475,5.53083333333,28.4833333333,450.583333333,0.733333333333,3.99166666667,194.166666667,0.0,1.020625,0.0,10736.8046875,0.0
2014.0,5.0,31.0,17.0,26.0358333333,78.8645,5.5125,26.8833333333,462.583333333,0.95,4.89166666667,196.0,0.0,1.155375,0.0,10736.8046875,0.0
2014.0,5.0,31.0,18.0,24.8725,76.7705,6.9525,32.0833333333,263.416666667,0.875,4.5,217.166666667,0.0,0.980875,0.0,10736.8046875,0.0
2014.0,5.0,31.0,19.0,21.1283333333,70.031,10.8341666667,51.9416666667,59.3333333333,0.308333333333,2.81666666667,243.416666667,0.0,0.41925,0.0,10736.8046875,0.0
2014.0,5.0,31.0,20.0,19.2241666667,66.6035,10.4691666667,56.825,1.58333333333,0.0,0.241666666667,264.5,0.0,0.133625,0.0,10736.8046875,0.0
2014.0,5.0,31.0,21.0,18.3508333333,65.0315,11.0208333333,62.3333333333,1.0,0.183333333333,2.025,301.5,0.0290833333333,0.0317083333333,0.0,10736.8046875,0.0
2014.0,5.0,31.0,22.0,16.3458333333,61.4225,11.32,72.0833333333,1.0,0.2,2.475,316.916666667,0.298125,0.0,0.0,10736.8046875,0.0
2014.0,5.0,31.0,23.0,14.9066666667,58.832,10.0475,72.625,1.0,0.1,0.908333333333,309.166666667,0.514,0.0,0.0,10736.8046875,0.0
2014.0,6.0,1.0,0.0,14.4733333333,58.052,8.8925,69.1166666667,1.0,0.0,0.0166666666667,297.416666667,0.579,0.0,0.0,10736.8046875,0.0
2014.0,6.0,1.0,1.0,14.5341666667,58.1615,7.97,64.675,1.0,0.0166666666667,0.358333333333,306.5,0.569875,0.0,0.0,10736.8046875,0.0
2014.0,6.0,1.0,2.0,14.0841666667,57.3515,8.46,68.875,1.0,0.0,0.0166666666667,246.666666667,0.637375,0.0,0.0,10736.8046875,0.0
2014.0,6.0,1.0,3.0,13.6733333333,56.612,9.67333333333,76.7083333333,1.0,0.0,0.0,45.25,0.699,0.0,0.0,10736.8046875,0.0
2014.0,6.0,1.0,4.0,13.2308333333,55.8155,9.54166666667,78.275,1.0,0.0,0.0,120.416666667,0.765375,0.0,0.0,10736.8046875,0.0
2014.0,6.0,1.0,5.0,13.2908333333,55.9235,9.51,77.825,15.9166666667,0.0,0.0,106.0,0.756375,0.0,0.0,10736.8046875,0.0
2014.0,6.0,1.0,6.0,16.1375,61.0475,9.16916666667,63.4583333333,144.833333333,0.0,0.0,66.75,0.329375,0.0,0.0,10736.8046875,0.0
2014.0,6.0,1.0,7.0,18.9508333333,66.1115,8.29666666667,50.125,321.416666667,0.0,0.0,126.75,0.0206666666667,0.113291666667,0.0,10736.8046875,0.0
2014.0,6.0,1.0,8.0,20.8158333333,69.4685,5.615,37.2166666667,500.666666667,0.0,0.0166666666667,81.6666666667,0.0,0.372375,0.0,10736.8046875,0.0
2014.0,6.0,1.0,9.0,23.0683333333,73.523,6.685,34.7916666667,666.916666667,0.0,0.3,175.833333333,0.0,0.71025,0.0,10736.8046875,0.0
2014.0,6.0,1.0,10.0,23.9991666667,75.1985,8.59833333333,37.5083333333,810.5,0.0166666666667,0.625,186.75,0.0,0.849875,0.0,10736.8046875,0.0
2014.0,6.0,1.0,11.0,26.3116666667,79.361,8.5825,32.6166666667,937.166666667,0.0333333333333,0.466666666667,210.416666667,0.0,1.19675,0.0,10736.8046875,0.0
2014.0,6.0,1.0,12.0,26.7733333333,80.192,8.62416666667,31.9,994.833333333,0.0,0.6,185.833333333,0.0,1.266,0.0,10736.8046875,0.0
2014.0,6.0,1.0,13.0,27.6283333333,81.731,8.1025,29.225,1012.33333333,0.2,1.65833333333,311.583333333,0.0,1.39425,0.0,10736.8046875,0.0
2014.0,6.0,1.0,14.0,27.935,82.283,6.90166666667,26.45,895.666666667,0.308333333333,2.01666666667,309.083333333,0.0,1.44025,0.0,10736.8046875,0.0
2014.0,6.0,1.0,15.0,27.9933333333,82.388,6.38,25.45,777.083333333,0.358333333333,2.58333333333,121.0,0.0,1.449,0.0,10736.8046875,0.0
2014.0,6.0,1.0,16.0,27.5833333333,81.65,6.8525,26.9,618.0,0.333333333333,2.625,55.0833333333,0.0,1.3875,0.0,10736.8046875,0.0
2014.0,6.0,1.0,17.0,27.4741666667,81.4535,7.27083333333,27.9583333333,437.75,0.366666666667,2.40833333333,106.083333333,0.0,1.371125,0.0,10736.8046875,0.0
2014.0,6.0,1.0,18.0,25.8425,78.5165,9.47666666667,35.9,247.5,0.383333333333,3.275,58.6666666667,0.0,1.126375,0.0,10736.8046875,0.0
2014.0,6.0,1.0,19.0,22.6675,72.8015,10.1566666667,45.1333333333,70.6666666667,0.416666666667,3.375,100.583333333,0.0,0.650125,0.0,10736.8046875,0.0
2014.0,6.0,1.0,20.0,20.0241666667,68.0435,7.47666666667,44.225,1.91666666667,0.233333333333,2.56666666667,236.666666667,0.0,0.253625,0.0,10736.8046875,0.0
2014.0,6.0,1.0,21.0,18.6908333333,65.6435,5.0625,40.65,1.0,0.15,1.55833333333,42.1666666667,0.00254166666667,0.0561666666667,0.0,10736.8046875,0.0
2014.0,6.0,1.0,22.0,17.5775,63.6395,5.33666666667,44.4666666667,1.0,0.0166666666667,0.966666666667,53.0,0.113375,0.0,0.0,10736.8046875,0.0
2014.0,6.0,1.0,23.0,16.5358333333,61.7645,6.35833333333,50.9833333333,1.0,0.1,1.275,51.3333333333,0.269625,0.0,0.0,10736.8046875,0.0
2014.0,6.0,2.0,0.0,15.7083333333,60.275,9.01916666667,64.5,1.0,0.0833333333333,1.34166666667,51.8333333333,0.39375,0.0,720.0,10736.8046875,0.0
2014.0,6.0,2.0,1.0,15.3183333333,59.573,9.84916666667,69.7916666667,1.0,0.05,1.425,53.1666666667,0.45225,0.0,720.0,10736.8046875,0.0
2014.0,6.0,2.0,2.0,14.9291666667,58.8725,9.74333333333,71.0583333333,1.0,0.0666666666667,0.95,42.8333333333,0.510625,0.0,720.0,10736.8046875,0.0
2014.0,6.0,2.0,3.0,14.5275,58.1495,9.71,72.7666666667,1.0,0.0,0.0333333333333,46.0,0.570875,0.0,720.0,10736.8046875,0.0
2014.0,6.0,2.0,4.0,14.1525,57.4745,9.02083333333,71.1666666667,1.0,0.0166666666667,0.591666666667,43.6666666667,0.627125,0.0,720.0,10736.8046875,0.0
2014.0,6.0,2.0,5.0,14.1066666667,57.392,9.10416666667,71.7916666667,17.1666666667,0.0,0.408333333333,45.3333333333,0.634,0.0,720.0,10736.8046875,0.0
2014.0,6.0,2.0,6.0,15.7741666667,60.3935,9.6525,66.9583333333,147.583333333,0.0166666666667,0.991666666667,48.4166666667,0.383875,0.0,720.0,10736.8046875,0.0
2014.0,6.0,2.0,7.0,18.1783333333,64.721,10.7616666667,61.8833333333,320.166666667,0.0,0.408333333333,46.0833333333,0.0554166666667,0.0321666666667,720.0,10736.8046875,0.0
2014.0,6.0,2.0,8.0,20.9041666667,69.6275,10.66,52.0083333333,499.5,0.225,1.825,42.4166666667,0.0,0.385625,720.0,10736.8046875,0.0
2014.0,6.0,2.0,9.0,22.9341666667,73.2815,9.87416666667,43.7,595.25,0.208333333333,1.99166666667,90.1666666667,0.0,0.690125,720.0,10736.8046875,0.0
2014.0,6.0,2.0,10.0,24.5033333333,76.106,9.21333333333,37.8916666667,774.333333333,0.516666666667,3.73333333333,159.333333333,0.0,0.9255,720.0,10736.8046875,0.0
2014.0,6.0,2.0,11.0,24.6533333333,76.376,10.0966666667,39.8666666667,946.583333333,1.925,6.24166666667,42.75,0.0,0.948,720.0,10736.8046875,0.0
2014.0,6.0,2.0,12.0,25.6533333333,78.176,10.865,39.5333333333,980.666666667,1.71666666667,6.6,48.6666666667,0.0,1.098,720.0,10736.8046875,0.0
2014.0,6.0,2.0,13.0,26.6333333333,79.94,11.6208333333,39.2,955.583333333,1.49166666667,5.51666666667,53.5,0.0,1.245,720.0,10736.8046875,0.0
2014.0,6.0,2.0,14.0,27.9541666667,82.3175,12.05,37.3416666667,866.166666667,0.933333333333,4.73333333333,47.6666666667,0.0,1.443125,720.0,10736.8046875,0.0
2014.0,6.0,2.0,15.0,28.0358333333,82.4645,12.3741666667,37.95,734.833333333,1.23333333333,5.625,47.75,0.0,1.455375,720.0,10736.8046875,0.0
2014.0,6.0,2.0,16.0,28.2475,82.8455,12.7425,38.4083333333,589.5,0.966666666667,4.60833333333,48.6666666667,0.0,1.487125,720.0,10736.8046875,0.0
2014.0,6.0,2.0,17.0,28.4766666667,83.258,12.9766666667,38.475,421.083333333,0.625,4.28333333333,40.4166666667,0.0,1.5215,720.0,10736.8046875,0.0
2014.0,6.0,2.0,18.0,27.15,80.87,12.8375,41.2,241.166666667,0.708333333333,3.91666666667,51.1666666667,0.0,1.3225,720.0,10736.8046875,0.0
2014.0,6.0,2.0,19.0,24.6825,76.4285,13.59,50.175,66.3333333333,0.266666666667,1.79166666667,45.8333333333,0.0,0.952375,720.0,10736.8046875,0.0
2014.0,6.0,2.0,20.0,23.0416666667,73.475,14.1725,57.3583333333,1.5,0.0166666666667,0.633333333333,86.0,0.0,0.70625,720.0,10736.8046875,0.0
2014.0,6.0,2.0,21.0,22.035,71.663,14.3975,61.85,1.0,0.0,0.116666666667,18.6666666667,0.0,0.55525,720.0,10736.8046875,0.0
2014.0,6.0,2.0,22.0,21.3491666667,70.4285,14.4516666667,64.7166666667,1.0,0.0916666666667,1.06666666667,49.1666666667,0.0,0.452375,720.0,10736.8046875,0.0
2014.0,6.0,2.0,23.0,20.5833333333,69.05,14.2766666667,67.0666666667,1.0,0.758333333333,4.39166666667,54.0833333333,0.0,0.3375,720.0,10736.8046875,0.0
2014.0,6.0,3.0,0.0,19.7933333333,67.628,13.855,68.5333333333,1.0,0.283333333333,2.69166666667,57.1666666667,0.0,0.219,720.0,10736.8046875,0.0
2014.0,6.0,3.0,1.0,19.0033333333,66.206,13.68,71.1666666667,1.0,0.0,0.266666666667,60.6666666667,0.0,0.1005,720.0,10736.8046875,0.0
2014.0,6.0,3.0,2.0,18.6516666667,65.573,13.4983333333,71.8833333333,1.0,0.133333333333,1.575,56.8333333333,0.0,0.04775,720.0,10736.8046875,0.0
2014.0,6.0,3.0,3.0,18.1158333333,64.6085,13.5433333333,74.5583333333,1.0,0.108333333333,1.075,54.3333333333,0.032625,0.0,720.0,10736.8046875,0.0
2014.0,6.0,3.0,4.0,17.8208333333,64.0775,13.6308333333,76.3916666667,1.0,0.158333333333,1.85,54.5833333333,0.076875,0.0,720.0,10736.8046875,0.0
2014.0,6.0,3.0,5.0,17.7341666667,63.9215,13.9133333333,78.2333333333,12.75,0.0,0.808333333333,58.25,0.089875,0.0,720.0,10736.8046875,0.0
2014.0,6.0,3.0,6.0,18.9675,66.1415,14.15,73.5833333333,142.666666667,0.1,1.05833333333,51.25,0.00975,0.104875,720.0,10736.8046875,0.0
2014.0,6.0,3.0,7.0,21.86,71.348,14.7525,64.0166666667,304.25,0.0166666666667,0.5,44.75,0.0,0.529,720.0,10736.8046875,0.0
2014.0,6.0,3.0,8.0,23.7191666667,74.6945,15.67,60.6916666667,427.75,0.0333333333333,0.766666666667,47.0833333333,0.0,0.807875,720.0,10736.8046875,0.0
2014.0,6.0,3.0,9.0,26.3583333333,79.445,16.4616666667,54.6916666667,627.583333333,0.0166666666667,0.458333333333,111.916666667,0.0,1.20375,720.0,10736.8046875,0.0
2014.0,6.0,3.0,10.0,28.6925,83.6465,17.2066666667,49.9,764.5,0.0,0.85,104.5,0.0,1.553875,720.0,10736.8046875,49.7916666667
2014.0,6.0,3.0,11.0,29.5575,85.2035,17.8583333333,49.55,599.75,0.0833333333333,1.13333333333,41.75,0.0,1.683625,720.0,10736.8046875,54.5416666667
2014.0,6.0,3.0,12.0,31.8366666667,89.306,18.6816666667,45.8166666667,868.333333333,0.166666666667,2.04166666667,27.1666666667,0.0,2.0255,720.0,10736.8046875,54.375
2014.0,6.0,3.0,13.0,33.5191666667,92.3345,19.12,42.775,923.083333333,0.358333333333,2.65833333333,33.9166666667,0.0,2.277875,720.0,10736.8046875,55.125
2014.0,6.0,3.0,14.0,30.7433333333,87.338,19.6208333333,52.1666666667,429.666666667,0.933333333333,4.54166666667,52.3333333333,0.0,1.8615,720.0,10736.8046875,27.0416666667
2014.0,6.0,3.0,15.0,24.125,75.425,19.8266666667,78.475,64.1666666667,0.916666666667,3.93333333333,74.5,0.0,0.86875,720.0,10736.8046875,0.0
2014.0,6.0,3.0,16.0,24.415,75.947,21.105,82.1083333333,219.166666667,0.0,0.125,75.3333333333,0.0,0.91225,720.0,10736.8046875,0.0
2014.0,6.0,3.0,17.0,27.935,82.283,20.9483333333,65.825,320.416666667,0.275,1.85833333333,57.3333333333,0.0,1.44025,720.0,10736.8046875,0.0
2014.0,6.0,3.0,18.0,27.8675,82.1615,20.8183333333,65.4833333333,197.25,0.633333333333,3.39166666667,53.6666666667,0.0,1.430125,720.0,10736.8046875,0.0
2014.0,6.0,3.0,19.0,27.005,80.609,20.2341666667,66.4916666667,80.9166666667,0.316666666667,2.225,51.6666666667,0.0,1.30075,720.0,10736.8046875,0.0
2014.0,6.0,3.0,20.0,25.235,77.423,19.4883333333,70.425,1.33333333333,0.1,1.53333333333,57.3333333333,0.0,1.03525,720.0,10736.8046875,0.0
2014.0,6.0,3.0,21.0,24.4316666667,75.977,19.1991666667,72.5583333333,1.0,0.0333333333333,0.916666666667,49.5,0.0,0.91475,720.0,10736.8046875,0.0
2014.0,6.0,3.0,22.0,23.6391666667,74.5505,19.4391666667,77.2333333333,1.0,0.216666666667,1.65,50.8333333333,0.0,0.795875,720.0,10736.8046875,0.0
2014.0,6.0,3.0,23.0,23.1516666667,73.673,19.3475,79.0916666667,1.0,0.0666666666667,0.941666666667,76.3333333333,0.0,0.72275,720.0,10736.8046875,0.0
2014.0,6.0,4.0,0.0,22.8766666667,73.178,18.385,75.7166666667,1.0,0.0166666666667,0.583333333333,79.3333333333,0.0,0.6815,720.0,10736.8046875,0.0
2014.0,6.0,4.0,1.0,21.6525,70.9745,17.145,75.4583333333,1.0,0.0666666666667,0.633333333333,65.0833333333,0.0,0.497875,720.0,10736.8046875,0.0
2014.0,6.0,4.0,2.0,20.8991666667,69.6185,17.0016666667,78.3,1.0,0.0,0.0,83.3333333333,0.0,0.384875,720.0,10736.8046875,0.0
2014.0,6.0,4.0,3.0,20.7733333333,69.392,16.735,77.5833333333,1.0,0.0,0.825,95.9166666667,0.0,0.366,720.0,10736.8046875,0.0
2014.0,6.0,4.0,4.0,20.7858333333,69.4145,16.7983333333,77.8416666667,1.0,0.0333333333333,0.966666666667,108.666666667,0.0,0.367875,720.0,10736.8046875,0.0
2014.0,6.0,4.0,5.0,20.9808333333,69.7655,16.865,77.2583333333,17.1666666667,0.0833333333333,1.45833333333,127.333333333,0.0,0.397125,720.0,10736.8046875,0.0
2014.0,6.0,4.0,6.0,22.1658333333,71.8985,16.7333333333,71.2833333333,116.25,0.133333333333,1.825,128.333333333,0.0,0.574875,720.0,10736.8046875,0.0
2014.0,6.0,4.0,7.0,23.0125,73.4225,16.3975,66.45,257.333333333,0.325,2.91666666667,136.666666667,0.0,0.701875,720.0,10736.8046875,0.0
2014.0,6.0,4.0,8.0,24.52,76.136,16.2883333333,60.1416666667,476.833333333,1.09166666667,4.375,163.833333333,0.0,0.928,720.0,10736.8046875,50.7291666667
2014.0,6.0,4.0,9.0,26.5575,79.8035,16.3641666667,53.5583333333,680.666666667,0.525,3.1,156.0,0.0,1.233625,720.0,10736.8046875,53.3125
2014.0,6.0,4.0,10.0,27.855,82.139,16.3575,49.65,743.833333333,0.266666666667,2.25833333333,174.666666667,0.0,1.42825,720.0,10736.8046875,53.9583333333
2014.0,6.0,4.0,11.0,29.3491666667,84.8285,16.2066666667,45.1083333333,923.166666667,0.341666666667,2.46666666667,162.666666667,0.0,1.652375,720.0,10736.8046875,54.375
2014.0,6.0,4.0,12.0,30.6975,87.2555,15.9316666667,41.075,993.083333333,0.233333333333,1.98333333333,196.333333333,0.0,1.854625,720.0,10736.8046875,56.0
2014.0,6.0,4.0,13.0,31.6141666667,88.9055,14.2375,34.9833333333,966.666666667,0.166666666667,1.68333333333,111.083333333,0.0,1.992125,720.0,10736.8046875,54.0
2014.0,6.0,4.0,14.0,32.1833333333,89.93,12.565,30.3333333333,857.833333333,0.216666666667,1.88333333333,95.8333333333,0.0,2.0775,720.0,10736.8046875,54.4791666667
2014.0,6.0,4.0,15.0,31.2308333333,88.2155,12.3658333333,31.5833333333,620.166666667,0.783333333333,3.40833333333,67.0833333333,0.0,1.934625,720.0,10736.8046875,54.6875
2014.0,6.0,4.0,16.0,30.8483333333,87.527,12.245,32.0666666667,493.583333333,0.7,4.01666666667,72.9166666667,0.0,1.87725,720.0,10736.8046875,53.8958333333
2014.0,6.0,4.0,17.0,29.3525,84.8345,13.7583333333,38.5833333333,285.0,0.7,3.45,83.5833333333,0.0,1.652875,720.0,10736.8046875,53.6666666667
2014.0,6.0,4.0,18.0,27.6566666667,81.782,13.7208333333,42.375,102.833333333,0.566666666667,3.76666666667,83.0833333333,0.0,1.3985,720.0,10736.8046875,50.5208333333
2014.0,6.0,4.0,19.0,26.6125,79.9025,14.105,46.1333333333,20.75,0.433333333333,3.63333333333,91.4166666667,0.0,1.241875,720.0,10736.8046875,50.4375
2014.0,6.0,4.0,20.0,25.5641666667,78.0155,13.4066666667,46.9083333333,1.0,0.0333333333333,0.933333333333,123.333333333,0.0,1.084625,720.0,10736.8046875,50.5416666667
2014.0,6.0,4.0,21.0,24.8583333333,76.745,12.5966666667,46.4,1.0,0.0,0.05,190.166666667,0.0,0.97875,720.0,10736.8046875,49.125
2014.0,6.0,4.0,22.0,24.4316666667,75.977,11.8608333333,45.35,1.0,0.0166666666667,0.358333333333,211.666666667,0.0,0.91475,720.0,10736.8046875,47.7291666667
2014.0,6.0,4.0,23.0,23.63,74.534,12.4191666667,49.4333333333,1.0,0.0333333333333,0.85,183.25,0.0,0.7945,720.0,10736.8046875,45.8333333333
2014.0,6.0,5.0,0.0,22.2841666667,72.1115,13.1433333333,56.1916666667,1.0,0.425,2.76666666667,205.333333333,0.0,0.592625,720.0,10736.8046875,3.79166666667
2014.0,6.0,5.0,1.0,21.1991666667,70.1585,13.7675,62.5083333333,1.0,0.3,2.825,214.5,0.0,0.429875,720.0,10736.8046875,0.0
2014.0,6.0,5.0,2.0,20.8166666667,69.47,13.475,62.7666666667,1.0,0.525,4.00833333333,221.666666667,0.0,0.3725,720.0,10736.8046875,0.0
2014.0,6.0,5.0,3.0,19.7333333333,67.52,13.8333333333,68.8916666667,1.0,0.708333333333,3.5,230.916666667,0.0,0.21,720.0,10736.8046875,0.0
2014.0,6.0,5.0,4.0,19.18,66.524,15.3475,78.425,1.0,0.591666666667,4.16666666667,223.0,0.0,0.127,720.0,10736.8046875,0.0
2014.0,6.0,5.0,5.0,16.8658333333,62.3585,-12.525,43.325,1.33333333333,0.916666666667,4.66666666667,192.333333333,0.234041666667,0.0139166666667,720.0,10736.8046875,0.0
2014.0,6.0,5.0,6.0,16.115,61.007,-40.1258333333,1.0,7.5,0.625,3.63333333333,195.916666667,0.33275,0.0,720.0,10736.8046875,0.0
2014.0,6.0,5.0,7.0,15.9533333333,60.716,-40.2225,1.0,26.5,1.01666666667,4.85,160.833333333,0.357,0.0,720.0,10736.8046875,0.0
2014.0,6.0,5.0,8.0,16.0283333333,60.851,-40.18,1.0,75.0,0.841666666667,5.60833333333,169.75,0.34575,0.0,720.0,10736.8046875,0.0
2014.0,6.0,5.0,9.0,16.7608333333,62.1695,-39.7341666667,1.0,89.25,1.68333333333,6.25,162.0,0.235875,0.0,720.0,10736.8046875,0.0
2014.0,6.0,5.0,10.0,18.6375,65.5475,15.6008333333,85.6583333333,182.5,0.733333333333,4.08333333333,175.75,0.005,0.050625,720.0,10736.8046875,0.0
2014.0,6.0,5.0,11.0,18.6391666667,65.5505,16.0325,84.8166666667,192.25,0.958333333333,4.95833333333,138.25,0.0143333333333,0.0602083333333,720.0,10736.8046875,0.0
2014.0,6.0,5.0,12.0,22.7058333333,72.8705,15.6533333333,64.5833333333,889.916666667,0.691666666667,4.08333333333,145.5,0.0,0.655875,720.0,10736.8046875,0.0
2014.0,6.0,5.0,13.0,23.8266666667,74.888,15.56,59.8916666667,520.583333333,0.708333333333,3.88333333333,128.416666667,0.0,0.824,720.0,10736.8046875,0.0
2014.0,6.0,5.0,14.0,25.1166666667,77.21,15.2066666667,54.3666666667,548.0,0.183333333333,2.16666666667,106.583333333,0.0,1.0175,720.0,10736.8046875,0.0
2014.0,6.0,5.0,15.0,26.8808333333,80.3855,14.225,45.8666666667,704.083333333,0.541666666667,3.45,117.0,0.0,1.282125,720.0,10736.8046875,0.0
2014.0,6.0,5.0,16.0,27.9433333333,82.298,13.4625,41.15,617.666666667,0.583333333333,3.575,109.083333333,0.0,1.4415,720.0,10736.8046875,0.0
2014.0,6.0,5.0,17.0,27.3733333333,81.272,11.1541666667,36.375,430.833333333,1.23333333333,5.95833333333,91.25,0.0,1.356,720.0,10736.8046875,0.0
2014.0,6.0,5.0,18.0,26.4233333333,79.562,11.0616666667,38.2333333333,256.416666667,1.00833333333,5.2,90.5833333333,0.0,1.2135,720.0,10736.8046875,0.0
2014.0,6.0,5.0,19.0,24.0766666667,75.338,11.7866666667,46.2083333333,48.3333333333,0.4,3.40833333333,98.5,0.0,0.8615,720.0,10736.8046875,0.0
2014.0,6.0,5.0,20.0,22.6908333333,72.8435,12.0658333333,51.05,1.91666666667,0.0,0.841666666667,98.0833333333,0.0,0.653625,720.0,10736.8046875,0.0
2014.0,6.0,5.0,21.0,21.9691666667,71.5445,12.3425,54.325,1.0,0.0,0.666666666667,90.8333333333,0.0,0.545375,720.0,10736.8046875,0.0
2014.0,6.0,5.0,22.0,21.5058333333,70.7105,12.4808333333,56.375,1.0,0.0166666666667,0.816666666667,87.5833333333,0.0,0.475875,720.0,10736.8046875,0.0
2014.0,6.0,5.0,23.0,21.085,69.953,12.2408333333,56.9666666667,1.0,0.116666666667,1.24166666667,137.333333333,0.0,0.41275,720.0,10736.8046875,0.0
2014.0,6.0,6.0,0.0,19.79,67.622,12.1175,61.2083333333,1.0,0.333333333333,2.90833333333,148.916666667,0.0,0.2185,720.0,10736.8046875,0.0
2014.0,6.0,6.0,1.0,18.6533333333,65.576,12.1341666667,65.75,1.0,0.0,0.291666666667,195.083333333,0.00358333333333,0.0515833333333,720.0,10736.8046875,0.0
2014.0,6.0,6.0,2.0,18.0933333333,64.568,11.9641666667,67.3666666667,1.0,0.0333333333333,0.525,150.916666667,0.0547916666667,0.0187916666667,720.0,10736.8046875,0.0
2014.0,6.0,6.0,3.0,17.0608333333,62.7095,11.875,71.4583333333,1.0,0.0,0.05,133.583333333,0.190875,0.0,720.0,10736.8046875,0.0
2014.0,6.0,6.0,4.0,16.6758333333,62.0165,11.9633333333,73.65,1.0,0.0,0.0,96.0,0.248625,0.0,720.0,10736.8046875,0.0
2014.0,6.0,6.0,5.0,16.5141666667,61.7255,11.8733333333,74.0083333333,17.3333333333,0.0,0.133333333333,110.416666667,0.272875,0.0,720.0,10736.8046875,0.0
2014.0,6.0,6.0,6.0,17.9966666667,64.394,11.4158333333,65.4166666667,147.25,0.125,1.53333333333,109.0,0.069,0.0185,720.0,10736.8046875,0.0
2014.0,6.0,6.0,7.0,19.3666666667,66.86,10.5175,56.5833333333,325.083333333,0.683333333333,3.98333333333,127.083333333,0.000166666666667,0.155166666667,720.0,10736.8046875,0.0
2014.0,6.0,6.0,8.0,20.0383333333,68.069,9.64583333333,51.1666666667,503.083333333,1.125,5.175,126.416666667,0.0,0.25575,720.0,10736.8046875,0.0
2014.0,6.0,6.0,9.0,20.9775,69.7595,9.90416666667,49.15,637.416666667,0.925,5.0,138.666666667,0.0,0.396625,720.0,10736.8046875,0.0
2014.0,6.0,6.0,10.0,22.3908333333,72.3035,10.0691666667,45.6416666667,850.666666667,0.725,4.275,139.333333333,0.0,0.608625,720.0,10736.8046875,0.0
2014.0,6.0,6.0,11.0,23.3283333333,73.991,10.77,45.15,971.916666667,0.791666666667,4.725,138.333333333,0.0,0.74925,720.0,10736.8046875,0.0
2014.0,6.0,6.0,12.0,24.4841666667,76.0715,10.9525,42.7,988.916666667,0.891666666667,4.775,136.166666667,0.0,0.922625,720.0,10736.8046875,0.0
2014.0,6.0,6.0,13.0,25.4308333333,77.7755,10.7441666667,39.7333333333,1015.33333333,0.791666666667,5.28333333333,117.916666667,0.0,1.064625,720.0,10736.8046875,0.0
2014.0,6.0,6.0,14.0,24.8591666667,76.7465,10.945,41.7083333333,815.083333333,0.841666666667,5.05833333333,115.166666667,0.0,0.978875,720.0,10736.8046875,0.0
2014.0,6.0,6.0,15.0,26.2033333333,79.166,10.5375,37.4166666667,778.583333333,0.908333333333,5.26666666667,120.5,0.0,1.1805,720.0,10736.8046875,0.0
2014.0,6.0,6.0,16.0,26.73,80.114,10.895,37.1333333333,560.0,0.85,4.73333333333,149.166666667,0.0,1.2595,720.0,10736.8046875,0.0
2014.0,6.0,6.0,17.0,25.965,78.737,10.8916666667,38.9083333333,378.083333333,0.791666666667,3.95833333333,123.083333333,0.0,1.14475,720.0,10736.8046875,0.0
2014.0,6.0,6.0,18.0,26.3725,79.4705,11.0133333333,38.2416666667,288.833333333,0.35,2.48333333333,133.333333333,0.0,1.205875,720.0,10736.8046875,0.0
2014.0,6.0,6.0,19.0,24.2225,75.6005,11.01,43.5333333333,81.3333333333,0.0833333333333,1.56666666667,118.833333333,0.0,0.883375,720.0,10736.8046875,0.0
2014.0,6.0,6.0,20.0,22.2283333333,72.011,11.2291666667,49.675,2.5,0.0166666666667,0.383333333333,133.0,0.0,0.58425,720.0,10736.8046875,0.0
2014.0,6.0,6.0,21.0,21.7716666667,71.189,11.3541666667,51.5083333333,1.0,0.0,0.208333333333,141.416666667,0.0,0.51575,720.0,10736.8046875,0.0
2014.0,6.0,6.0,22.0,20.9708333333,69.7475,11.63,55.1083333333,1.0,0.0,0.0,128.25,0.0,0.395625,720.0,10736.8046875,0.0
2014.0,6.0,6.0,23.0,20.2291666667,68.4125,11.8583333333,58.5416666667,1.0,0.0,0.0,105.75,0.0,0.284375,720.0,10736.8046875,0.0
2014.0,6.0,7.0,0.0,19.475,67.055,11.8583333333,61.3416666667,1.0,0.0,0.0,104.0,0.0,0.17125,0.0,10736.8046875,0.0
2014.0,6.0,7.0,1.0,19.2941666667,66.7295,11.7475,61.5833333333,1.0,0.0,0.0,93.3333333333,0.0,0.144125,0.0,10736.8046875,0.0
2014.0,6.0,7.0,2.0,18.6008333333,65.4815,11.6975,64.1083333333,1.0,0.0,0.0,96.75,0.00475,0.044875,0.0,10736.8046875,0.0
2014.0,6.0,7.0,3.0,17.51,63.518,11.7683333333,68.975,1.0,0.0,0.141666666667,121.916666667,0.1235,0.0,0.0,10736.8046875,0.0
2014.0,6.0,7.0,4.0,17.11,62.798,11.7333333333,70.5666666667,1.0,0.0,0.308333333333,140.166666667,0.1835,0.0,0.0,10736.8046875,0.0
2014.0,6.0,7.0,5.0,16.975,62.555,11.7875,71.4416666667,18.25,0.0166666666667,0.575,171.416666667,0.20375,0.0,0.0,10736.8046875,0.0
2014.0,6.0,7.0,6.0,18.7108333333,65.6795,11.655,63.5583333333,154.416666667,0.116666666667,1.075,164.416666667,0.025875,0.0825,0.0,10736.8046875,0.0
2014.0,6.0,7.0,7.0,20.5625,69.0125,11.5708333333,56.3916666667,326.833333333,0.491666666667,3.34166666667,175.5,0.0,0.334375,0.0,10736.8046875,41.6666666667
2014.0,6.0,7.0,8.0,22.3991666667,72.3185,11.5075,50.1416666667,505.0,0.55,3.25833333333,178.083333333,0.0,0.609875,0.0,10736.8046875,45.5833333333
2014.0,6.0,7.0,9.0,24.7133333333,76.484,10.9625,42.1333333333,669.25,0.333333333333,2.875,212.416666667,0.0,0.957,0.0,10736.8046875,46.25
2014.0,6.0,7.0,10.0,26.2758333333,79.2965,11.1425,38.8083333333,820.583333333,0.141666666667,1.44166666667,188.25,0.0,1.191375,0.0,10736.8046875,48.3541666667
2014.0,6.0,7.0,11.0,27.0433333333,80.678,11.6825,38.4333333333,952.25,0.366666666667,2.45,167.666666667,0.0,1.3065,0.0,10736.8046875,49.2083333333
2014.0,6.0,7.0,12.0,27.1225,80.8205,11.955,38.975,799.416666667,0.25,2.20833333333,143.333333333,0.0,1.318375,0.0,10736.8046875,49.125
2014.0,6.0,7.0,13.0,29.2075,84.5735,12.3108333333,35.3083333333,1027.41666667,0.575,3.74166666667,168.833333333,0.0,1.631125,0.0,10736.8046875,49.3541666667
2014.0,6.0,7.0,14.0,29.7641666667,85.5755,12.4541666667,34.5416666667,952.583333333,0.783333333333,4.19166666667,153.083333333,0.0,1.714625,0.0,10736.8046875,50.4375
2014.0,6.0,7.0,15.0,30.9516666667,87.713,12.705,32.8666666667,749.083333333,0.408333333333,2.68333333333,174.416666667,0.0,1.89275,0.0,10736.8046875,49.6458333333
2014.0,6.0,7.0,16.0,30.9091666667,87.6365,12.6766666667,32.8583333333,648.166666667,0.233333333333,1.99166666667,102.916666667,0.0,1.886375,0.0,10736.8046875,50.2291666667
2014.0,6.0,7.0,17.0,32.0783333333,89.741,12.2841666667,30.0,487.833333333,0.0166666666667,0.766666666667,194.25,0.0,2.06175,0.0,10736.8046875,50.8958333333
2014.0,6.0,7.0,18.0,30.8633333333,87.554,12.1708333333,31.8166666667,289.083333333,0.0,0.625,225.583333333,0.0,1.8795,0.0,10736.8046875,49.7916666667
2014.0,6.0,7.0,19.0,28.28,82.904,12.4541666667,37.825,97.1666666667,0.0,0.0,169.083333333,0.0,1.492,0.0,10736.8046875,50.5833333333
2014.0,6.0,7.0,20.0,25.5266666667,77.948,13.1508333333,46.2416666667,3.58333333333,0.0,0.0666666666667,172.833333333,0.0,1.079,0.0,10736.8046875,49.8541666667
2014.0,6.0,7.0,21.0,23.9216666667,75.059,14.6791666667,56.5916666667,1.0,0.0833333333333,1.35833333333,308.416666667,0.0,0.83825,0.0,10736.8046875,49.25
2014.0,6.0,7.0,22.0,22.3083333333,72.155,15.4916666667,65.2583333333,1.0,0.0166666666667,0.45,303.25,0.0,0.59625,0.0,10736.8046875,47.2916666667
2014.0,6.0,7.0,23.0,21.5566666667,70.802,15.7216666667,69.4333333333,1.0,0.0,0.0,256.166666667,0.0,0.4835,0.0,10736.8046875,46.2291666667
2014.0,6.0,8.0,0.0,20.2258333333,68.4065,16.5275,79.2166666667,1.0,0.0,0.0166666666667,56.1666666667,0.0,0.283875,0.0,10736.8046875,3.83333333333
2014.0,6.0,8.0,1.0,19.5541666667,67.1975,16.6291666667,83.1083333333,1.0,0.0,0.575,58.1666666667,0.0,0.183125,0.0,10736.8046875,0.0
2014.0,6.0,8.0,2.0,19.2425,66.6365,16.7616666667,85.4416666667,1.0,0.0333333333333,0.591666666667,58.4166666667,0.0,0.136375,0.0,10736.8046875,0.0
2014.0,6.0,8.0,3.0,18.83,65.894,16.9608333333,88.7916666667,1.0,0.0,0.283333333333,62.8333333333,0.0,0.0745,0.0,10736.8046875,0.0
2014.0,6.0,8.0,4.0,18.5716666667,65.429,17.3575,92.5166666667,1.0,0.0,0.0,55.5,0.0,0.03575,0.0,10736.8046875,0.0
2014.0,6.0,8.0,5.0,19.135,66.443,17.3833333333,89.5166666667,24.0,0.0,0.0333333333333,52.6666666667,0.0,0.12025,0.0,10736.8046875,0.0
2014.0,6.0,8.0,6.0,20.8883333333,69.599,16.835,77.6,166.083333333,0.0,0.0,62.25,0.0,0.38325,0.0,10736.8046875,0.0
2014.0,6.0,8.0,7.0,22.3208333333,72.1775,15.9783333333,67.4583333333,219.833333333,0.0,0.0,40.75,0.0,0.598125,0.0,10736.8046875,0.0
2014.0,6.0,8.0,8.0,25.4866666667,77.876,15.0083333333,52.3833333333,516.5,0.0833333333333,0.875,45.0,0.0,1.073,0.0,10736.8046875,0.0
2014.0,6.0,8.0,9.0,27.3033333333,81.146,14.8991666667,46.7166666667,640.25,0.05,1.04166666667,52.5833333333,0.0,1.3455,0.0,10736.8046875,0.0
2014.0,6.0,8.0,10.0,29.8116666667,85.661,14.1016666667,38.4833333333,782.666666667,0.233333333333,1.75,114.833333333,0.0,1.72175,0.0,10736.8046875,0.0
2014.0,6.0,8.0,11.0,29.7333333333,85.52,12.1141666667,33.8666666667,955.416666667,0.716666666667,3.7,48.8333333333,0.0,1.71,0.0,10736.8046875,0.0
2014.0,6.0,8.0,12.0,29.3591666667,84.8465,12.8691666667,36.325,744.583333333,0.483333333333,3.2,44.0,0.0,1.653875,0.0,10736.8046875,0.0
2014.0,6.0,8.0,13.0,29.9583333333,85.925,12.915,35.2416666667,802.75,0.466666666667,3.18333333333,60.75,0.0,1.74375,0.0,10736.8046875,0.0
2014.0,6.0,8.0,14.0,31.2583333333,88.265,13.3416666667,33.6333333333,806.333333333,0.6,4.0,207.833333333,0.0,1.93875,0.0,10736.8046875,0.0
2014.0,6.0,8.0,15.0,30.1366666667,86.246,13.5091666667,36.2166666667,541.416666667,0.308333333333,2.95833333333,152.916666667,0.0,1.7705,0.0,10736.8046875,0.0
2014.0,6.0,8.0,16.0,30.6058333333,87.0905,12.9466666667,34.0083333333,566.916666667,0.391666666667,2.94166666667,286.166666667,0.0,1.840875,0.0,10736.8046875,0.0
2014.0,6.0,8.0,17.0,27.8558333333,82.1405,13.5166666667,41.325,188.166666667,0.466666666667,3.29166666667,281.666666667,0.0,1.428375,0.0,10736.8046875,0.0
2014.0,6.0,8.0,18.0,26.3141666667,79.3655,14.0833333333,46.9166666667,98.5,0.775,4.36666666667,182.916666667,0.0,1.197125,0.0,10736.8046875,0.0
2014.0,6.0,8.0,19.0,24.7116666667,76.481,14.4191666667,52.7166666667,35.8333333333,0.541666666667,3.70833333333,315.75,0.0,0.95675,0.0,10736.8046875,0.0
2014.0,6.0,8.0,20.0,23.41,74.138,13.9166666667,55.15,1.66666666667,0.25,2.61666666667,341.5,0.0,0.7615,0.0,10736.8046875,0.0
2014.0,6.0,8.0,21.0,22.6808333333,72.8255,13.3808333333,55.675,1.0,0.258333333333,2.19166666667,334.75,0.0,0.652125,0.0,10736.8046875,0.0
2014.0,6.0,8.0,22.0,22.0275,71.6495,13.9966666667,60.3,1.0,0.35,3.3,336.166666667,0.0,0.554125,0.0,10736.8046875,0.0
2014.0,6.0,8.0,23.0,21.755,71.159,14.7216666667,64.2416666667,1.0,0.133333333333,2.23333333333,331.5,0.0,0.51325,0.0,10736.8046875,0.0
2014.0,6.0,9.0,0.0,21.5058333333,70.7105,15.5908333333,68.9916666667,1.0,0.166666666667,2.29166666667,328.833333333,0.0,0.475875,720.0,10736.8046875,3.77083333333
2014.0,6.0,9.0,1.0,20.375,68.675,16.3933333333,77.9333333333,1.0,0.0333333333333,1.275,324.666666667,0.0,0.30625,720.0,10736.8046875,46.0625
2014.0,6.0,9.0,2.0,19.8891666667,67.8005,17.1033333333,84.2083333333,1.0,0.0,0.1,278.583333333,0.00120833333333,0.234583333333,720.0,10736.8046875,45.7291666667
2014.0,6.0,9.0,3.0,18.865,65.957,17.1166666667,89.7583333333,1.0,0.0666666666667,1.79166666667,336.0,0.0197083333333,0.0994583333333,720.0,10736.8046875,45.9791666667
2014.0,6.0,9.0,4.0,19.3716666667,66.869,17.175,87.025,1.0,0.491666666667,2.89166666667,331.5,0.0,0.15575,720.0,10736.8046875,50.375
2014.0,6.0,9.0,5.0,18.1416666667,64.655,17.5633333333,96.3083333333,1.33333333333,0.141666666667,1.45833333333,329.916666667,0.0320833333333,0.00333333333333,720.0,10736.8046875,49.7083333333
2014.0,6.0,9.0,6.0,18.2883333333,64.919,16.695,90.4166666667,9.0,0.0333333333333,0.758333333333,319.666666667,0.0115833333333,0.00483333333333,720.0,10736.8046875,49.8541666667
2014.0,6.0,9.0,7.0,18.7858333333,65.8145,9.23,56.8916666667,56.0833333333,0.0,0.216666666667,315.25,0.0,0.067875,720.0,10736.8046875,47.5208333333
2014.0,6.0,9.0,8.0,19.2725,66.6905,-32.635,3.1,47.5,0.0,0.0,307.75,0.0,0.140875,720.0,10736.8046875,48.7291666667
2014.0,6.0,9.0,9.0,21.0116666667,69.821,2.75,59.2083333333,143.083333333,0.0,0.0,299.166666667,0.0,0.40175,720.0,10736.8046875,51.7291666667
2014.0,6.0,9.0,10.0,23.1941666667,73.7495,19.6175,80.275,263.583333333,0.0,0.0166666666667,301.916666667,0.0,0.729125,720.0,10736.8046875,54.5208333333
2014.0,6.0,9.0,11.0,23.4791666667,74.2625,19.8141666667,79.825,205.5,0.0,0.0,292.0,0.0,0.771875,720.0,10736.8046875,55.5625
2014.0,6.0,9.0,12.0,27.62,81.716,19.7491666667,62.7916666667,738.833333333,0.0166666666667,0.4,163.333333333,0.0,1.393,720.0,10736.8046875,55.3333333333
2014.0,6.0,9.0,13.0,30.2808333333,86.5055,19.5741666667,52.85,1017.91666667,0.116666666667,1.61666666667,302.083333333,0.0,1.792125,720.0,10736.8046875,54.9791666667
2014.0,6.0,9.0,14.0,30.1133333333,86.204,20.2066666667,55.9916666667,598.25,0.183333333333,1.775,186.916666667,0.0,1.767,720.0,10736.8046875,55.2916666667
2014.0,6.0,9.0,15.0,25.6825,78.2285,20.9666666667,75.1166666667,169.416666667,0.891666666667,3.68333333333,311.75,0.0,1.102375,720.0,10736.8046875,54.7708333333
2014.0,6.0,9.0,16.0,25.0966666667,77.174,21.1425,78.625,89.0833333333,0.575,2.83333333333,305.666666667,0.0,1.0145,720.0,10736.8046875,55.2708333333
2014.0,6.0,9.0,17.0,24.2825,75.7085,21.63,85.0583333333,45.9166666667,0.0333333333333,1.10833333333,282.083333333,0.0,0.892375,720.0,10736.8046875,55.1875
2014.0,6.0,9.0,18.0,23.6891666667,74.6405,22.0616666667,90.4583333333,33.5,0.291666666667,2.075,224.583333333,0.0,0.803375,720.0,10736.8046875,53.5416666667
2014.0,6.0,9.0,19.0,23.2766666667,73.898,21.9508333333,92.1083333333,13.5,0.466666666667,3.33333333333,237.416666667,0.0,0.7415,720.0,10736.8046875,52.75
2014.0,6.0,9.0,20.0,22.6316666667,72.737,21.6358333333,93.95,1.41666666667,0.408333333333,2.76666666667,234.666666667,0.0,0.64475,720.0,10736.8046875,52.0625
2014.0,6.0,9.0,21.0,22.2908333333,72.1235,21.3058333333,94.0,1.0,0.0,0.425,206.083333333,0.0,0.593625,720.0,10736.8046875,51.1875
2014.0,6.0,9.0,22.0,22.28,72.104,20.7016666667,90.65,1.0,0.0166666666667,0.425,209.916666667,0.0,0.592,720.0,10736.8046875,49.7708333333
2014.0,6.0,9.0,23.0,22.3091666667,72.1565,20.0258333333,86.7833333333,1.0,0.0,0.125,215.416666667,0.0,0.596375,720.0,10736.8046875,48.4166666667
2014.0,6.0,10.0,0.0,21.6483333333,70.967,19.7975,89.1,1.0,0.0,0.158333333333,233.5,0.0,0.49725,720.0,10736.8046875,47.6666666667
2014.0,6.0,10.0,1.0,21.1175,70.0115,19.795,92.0166666667,1.0,0.0,0.0333333333333,268.75,0.0,0.417625,720.0,10736.8046875,47.6666666667
2014.0,6.0,10.0,2.0,21.0141666667,69.8255,20.0608333333,94.1416666667,1.0,0.0,0.0333333333333,223.083333333,0.0,0.402125,720.0,10736.8046875,47.2708333333
2014.0,6.0,10.0,3.0,21.1425,70.0565,20.3425,95.0333333333,1.0,0.0,0.133333333333,217.083333333,0.0,0.421375,720.0,10736.8046875,47.125
2014.0,6.0,10.0,4.0,20.6466666667,69.164,20.4466666667,98.6,1.0,0.0,0.208333333333,218.0,0.0,0.347,720.0,10736.8046875,51.7291666667
2014.0,6.0,10.0,5.0,20.6841666667,69.2315,20.5383333333,98.9416666667,2.83333333333,0.0,0.141666666667,223.583333333,0.0,0.352625,720.0,10736.8046875,51.625
2014.0,6.0,10.0,6.0,20.9408333333,69.6935,20.5508333333,97.4666666667,29.6666666667,0.0,0.225,231.25,0.0,0.391125,720.0,10736.8046875,50.9791666667
2014.0,6.0,10.0,7.0,21.1508333333,70.0715,14.2641666667,69.0,39.5833333333,0.0,0.0333333333333,264.75,0.0,0.422625,720.0,10736.8046875,50.4375
2014.0,6.0,10.0,8.0,21.3366666667,70.406,3.63583333333,31.3333333333,83.1666666667,0.0,0.0,256.416666667,0.0,0.4505,720.0,10736.8046875,51.8958333333
2014.0,6.0,10.0,9.0,22.0116666667,71.621,-3.75916666667,30.3916666667,126.75,0.0,0.0,224.0,0.0,0.55175,720.0,10736.8046875,54.2083333333
2014.0,6.0,10.0,10.0,24.3583333333,75.845,20.5941666667,79.7416666667,502.583333333,0.283333333333,1.775,206.166666667,0.0,0.90375,720.0,10736.8046875,55.25
2014.0,6.0,10.0,11.0,28.4275,83.1695,21.5983333333,66.7166666667,745.166666667,0.275,1.79166666667,190.666666667,0.0,1.514125,720.0,10736.8046875,55.3125
2014.0,6.0,10.0,12.0,29.0875,84.3575,21.6991666667,64.5666666667,661.666666667,0.341666666667,1.9,221.75,0.0,1.613125,720.0,10736.8046875,55.8541666667
2014.0,6.0,10.0,13.0,30.1975,86.3555,21.7291666667,60.7166666667,678.75,0.291666666667,2.01666666667,199.5,0.0,1.779625,720.0,10736.8046875,56.8125
2014.0,6.0,10.0,14.0,29.5016666667,85.103,21.6558333333,62.8916666667,371.333333333,0.283333333333,2.23333333333,192.0,0.0,1.67525,720.0,10736.8046875,56.375
2014.0,6.0,10.0,15.0,27.4825,81.4685,21.6941666667,70.65,108.333333333,0.508333333333,3.00833333333,194.916666667,0.0,1.372375,720.0,10736.8046875,55.8333333333
2014.0,6.0,10.0,16.0,27.8591666667,82.1465,21.5508333333,68.8083333333,196.666666667,0.325,2.74166666667,183.166666667,0.0,1.428875,720.0,10736.8046875,54.8333333333
2014.0,6.0,10.0,17.0,22.52,72.536,19.7708333333,85.2083333333,48.0,0.891666666667,4.18333333333,259.75,0.0,0.628,720.0,10736.8046875,53.6875
2014.0,6.0,10.0,18.0,21.9325,71.4785,5.97416666667,36.05,74.0833333333,0.0333333333333,0.575,246.75,0.0,0.539875,720.0,10736.8046875,51.6458333333
2014.0,6.0,10.0,19.0,22.8191666667,73.0745,10.9316666667,59.9833333333,28.0,0.0,0.0,201.916666667,0.0,0.672875,720.0,10736.8046875,51.2083333333
2014.0,6.0,10.0,20.0,22.8908333333,73.2035,21.165,89.8666666667,3.08333333333,0.0,0.291666666667,216.583333333,0.0,0.683625,720.0,10736.8046875,49.6458333333
2014.0,6.0,10.0,21.0,22.98,73.364,21.4108333333,90.7416666667,1.0,0.0333333333333,0.733333333333,297.666666667,0.0,0.697,720.0,10736.8046875,49.5208333333
2014.0,6.0,10.0,22.0,22.8233333333,73.082,21.6866666667,93.15,1.0,0.133333333333,1.36666666667,268.333333333,0.0,0.6735,720.0,10736.8046875,47.7291666667
2014.0,6.0,10.0,23.0,22.625,72.725,21.5283333333,93.375,1.0,0.233333333333,1.89166666667,225.416666667,0.0,0.64375,720.0,10736.8046875,46.7708333333
2014.0,6.0,11.0,0.0,22.07,71.726,21.1816666667,94.5416666667,1.0,0.216666666667,1.68333333333,235.833333333,0.0,0.5605,720.0,10736.8046875,7.79166666667
2014.0,6.0,11.0,1.0,21.4141666667,70.5455,20.6591666667,95.3,1.0,0.35,2.30833333333,231.5,0.0,0.462125,720.0,10736.8046875,0.0
2014.0,6.0,11.0,2.0,21.1616666667,70.091,20.4,95.25,1.0,0.2,1.68333333333,226.416666667,0.0,0.42425,720.0,10736.8046875,0.0
2014.0,6.0,11.0,3.0,21.0966666667,69.974,20.3466666667,95.3166666667,1.0,0.125,1.30833333333,236.75,0.0,0.4145,720.0,10736.8046875,0.0
2014.0,6.0,11.0,4.0,21.1316666667,70.037,20.38,95.3333333333,1.0,0.266666666667,2.01666666667,254.333333333,0.0,0.41975,720.0,10736.8046875,0.0
2014.0,6.0,11.0,5.0,20.6091666667,69.0965,20.0075,96.2,1.41666666667,0.433333333333,3.325,239.583333333,0.0,0.341375,720.0,10736.8046875,0.0
2014.0,6.0,11.0,6.0,19.7425,67.5365,19.2891666667,97.0666666667,11.0,0.475,3.5,223.166666667,0.0,0.211375,720.0,10736.8046875,0.0
2014.0,6.0,11.0,7.0,18.5816666667,65.447,18.0266666667,96.425,39.3333333333,0.533333333333,4.0,229.25,0.000333333333333,0.0375833333333,720.0,10736.8046875,21.6458333333
2014.0,6.0,11.0,8.0,18.0958333333,64.5725,17.1508333333,94.0916666667,50.6666666667,1.41666666667,5.34166666667,243.833333333,0.0375833333333,0.00195833333333,720.0,10736.8046875,50.7083333333
2014.0,6.0,11.0,9.0,18.1316666667,64.637,17.1275,93.7333333333,68.9166666667,0.733333333333,3.8,252.25,0.0349166666667,0.00466666666667,720.0,10736.8046875,51.9375
2014.0,6.0,11.0,10.0,17.6725,63.8105,16.8083333333,94.55,79.8333333333,0.566666666667,3.50833333333,220.916666667,0.099125,0.0,720.0,10736.8046875,55.7708333333
2014.0,6.0,11.0,11.0,17.5641666667,63.6155,16.65,94.2583333333,123.666666667,1.175,4.925,226.166666667,0.115375,0.0,720.0,10736.8046875,56.875
2014.0,6.0,11.0,12.0,18.4875,65.2775,16.8283333333,89.95,181.166666667,0.875,4.35833333333,222.25,0.00545833333333,0.0285833333333,720.0,10736.8046875,54.75
2014.0,6.0,11.0,13.0,19.2341666667,66.6215,16.905,86.275,181.916666667,0.475,3.0,229.0,0.0,0.135125,720.0,10736.8046875,56.1875
2014.0,6.0,11.0,14.0,19.835,67.703,17.1558333333,84.4333333333,179.916666667,0.316666666667,2.59166666667,218.416666667,0.0,0.22525,720.0,10736.8046875,55.1041666667
2014.0,6.0,11.0,15.0,20.115,68.207,17.3258333333,83.875,146.333333333,0.333333333333,2.775,238.25,0.0,0.26725,720.0,10736.8046875,55.4791666667
2014.0,6.0,11.0,16.0,19.9175,67.8515,17.2416666667,84.45,117.5,0.441666666667,3.125,230.083333333,0.0,0.237625,720.0,10736.8046875,56.0208333333
2014.0,6.0,11.0,17.0,19.3891666667,66.9005,17.0025,85.9833333333,96.4166666667,0.858333333333,4.31666666667,232.416666667,0.0,0.158375,720.0,10736.8046875,54.7291666667
2014.0,6.0,11.0,18.0,18.7025,65.6645,16.8233333333,88.725,44.8333333333,0.408333333333,2.78333333333,222.75,0.000416666666667,0.0557916666667,720.0,10736.8046875,53.2916666667
2014.0,6.0,11.0,19.0,17.825,64.085,16.6358333333,92.6416666667,11.9166666667,0.291666666667,2.575,229.583333333,0.0763333333333,8.33333333333e-05,720.0,10736.8046875,53.7708333333
2014.0,6.0,11.0,20.0,17.085,62.753,16.3616666667,95.3833333333,1.0,0.133333333333,1.44166666667,231.333333333,0.18725,0.0,720.0,10736.8046875,52.3541666667
2014.0,6.0,11.0,21.0,16.4808333333,61.6655,15.955,96.575,1.0,0.191666666667,1.85,221.083333333,0.277875,0.0,720.0,10736.8046875,53.1458333333
2014.0,6.0,11.0,22.0,16.4533333333,61.616,15.8275,95.9666666667,1.0,0.0833333333333,1.325,229.083333333,0.282,0.0,720.0,10736.8046875,50.5416666667
2014.0,6.0,11.0,23.0,16.5675,61.8215,15.9908333333,96.275,1.0,0.0,0.0166666666667,220.166666667,0.264875,0.0,720.0,10736.8046875,50.1666666667
2014.0,6.0,12.0,0.0,16.3433333333,61.418,16.0316666667,97.8916666667,1.0,0.2,1.725,217.5,0.2985,0.0,720.0,10736.8046875,48.875
2014.0,6.0,12.0,1.0,16.28,61.304,15.8366666667,97.0833333333,1.0,0.241666666667,2.15833333333,222.416666667,0.308,0.0,720.0,10736.8046875,48.75
2014.0,6.0,12.0,2.0,16.2425,61.2365,15.6608333333,96.2333333333,1.0,0.0833333333333,1.4,212.833333333,0.313625,0.0,720.0,10736.8046875,48.7708333333
2014.0,6.0,12.0,3.0,16.3275,61.3895,15.7333333333,96.15,1.0,0.05,0.908333333333,207.833333333,0.300875,0.0,720.0,10736.8046875,48.6666666667
2014.0,6.0,12.0,4.0,16.43,61.574,15.8441666667,96.2083333333,1.0,0.233333333333,2.6,223.75,0.2855,0.0,720.0,10736.8046875,53.25
2014.0,6.0,12.0,5.0,16.8066666667,62.252,16.1625,95.8416666667,4.08333333333,0.0,0.0166666666667,248.333333333,0.229,0.0,720.0,10736.8046875,52.4791666667
2014.0,6.0,12.0,6.0,17.1816666667,62.927,16.5308333333,95.825,29.9166666667,0.0,0.0,223.0,0.17275,0.0,720.0,10736.8046875,52.0
2014.0,6.0,12.0,7.0,17.6516666667,63.773,16.8591666667,94.9833333333,58.8333333333,0.0,0.0166666666667,229.083333333,0.10225,0.0,720.0,10736.8046875,51.8125
2014.0,6.0,12.0,8.0,18.1475,64.6655,17.0883333333,93.4083333333,79.6666666667,0.0,0.341666666667,225.25,0.035375,0.0075,720.0,10736.8046875,32.0384615385
2014.0,6.0,12.0,9.0,18.5016666667,65.303,17.4466666667,93.45,85.5833333333,0.0,0.566666666667,209.083333333,0.001375,0.026625,720.0,10736.8046875,0.0
2014.0,6.0,12.0,10.0,19.2083333333,66.575,18.1841666667,93.6583333333,150.333333333,0.0833333333333,0.966666666667,233.583333333,0.0,0.13125,720.0,10736.8046875,0.0
2014.0,6.0,12.0,11.0,20.2625,68.4725,18.9925,92.3083333333,139.916666667,0.0,0.641666666667,206.333333333,0.0,0.289375,720.0,10736.8046875,0.0
2014.0,6.0,12.0,12.0,20.45,68.81,19.405,93.625,130.583333333,0.0833333333333,1.04166666667,205.25,0.0,0.3175,720.0,10736.8046875,0.0
2014.0,6.0,12.0,13.0,20.6216666667,69.119,19.7575,94.65,101.083333333,0.0,0.116666666667,209.75,0.0,0.34325,720.0,10736.8046875,0.0
2014.0,6.0,12.0,14.0,20.8458333333,69.5225,19.7275,93.1666666667,71.0,0.0,0.0,218.583333333,0.0,0.376875,720.0,10736.8046875,0.0
2014.0,6.0,12.0,15.0,21.3441666667,70.4195,18.2308333333,83.4166666667,110.583333333,0.0,0.0,306.083333333,0.0,0.451625,720.0,10736.8046875,0.0
2014.0,6.0,12.0,16.0,22.7675,72.9815,4.29583333333,41.7333333333,219.916666667,0.0,0.0,284.666666667,0.0,0.665125,720.0,10736.8046875,0.0
2014.0,6.0,12.0,17.0,23.4308333333,74.1755,21.6416666667,89.5833333333,144.166666667,0.133333333333,2.08333333333,283.833333333,0.0,0.764625,720.0,10736.8046875,0.0
2014.0,6.0,12.0,18.0,23.1283333333,73.631,21.1058333333,88.2666666667,88.9166666667,0.4,2.875,292.166666667,0.0,0.71925,720.0,10736.8046875,0.0
2014.0,6.0,12.0,19.0,21.835,71.303,20.765,93.5083333333,18.5,0.333333333333,2.85833333333,278.25,0.0,0.52525,720.0,10736.8046875,0.0
2014.0,6.0,12.0,20.0,21.0158333333,69.8285,20.1191666667,94.475,1.0,0.25,2.40833333333,282.166666667,0.0,0.402375,720.0,10736.8046875,0.0
2014.0,6.0,12.0,21.0,20.91,69.638,19.6283333333,92.2333333333,1.0,0.133333333333,1.95833333333,282.25,0.0,0.3865,720.0,10736.8046875,0.0
2014.0,6.0,12.0,22.0,20.9683333333,69.743,19.8233333333,93.025,1.0,0.0166666666667,0.466666666667,273.333333333,0.0,0.39525,720.0,10736.8046875,0.0
2014.0,6.0,12.0,23.0,20.9566666667,69.722,20.0691666667,94.5166666667,1.0,0.0666666666667,1.275,276.083333333,0.0,0.3935,720.0,10736.8046875,0.0
2014.0,6.0,13.0,0.0,20.6608333333,69.1895,19.8741666667,95.1083333333,1.0,0.1,1.18333333333,279.75,0.0,0.349125,720.0,10736.8046875,0.0
2014.0,6.0,13.0,1.0,20.6083333333,69.095,19.7716666667,94.8083333333,1.0,0.0,0.233333333333,298.25,0.0,0.34125,720.0,10736.8046875,0.0
2014.0,6.0,13.0,2.0,20.615,69.107,19.1366666667,91.1166666667,1.0,0.0,0.241666666667,289.083333333,0.0,0.34225,720.0,10736.8046875,0.0
2014.0,6.0,13.0,3.0,20.5766666667,69.038,17.7941666667,84.05,1.0,0.0,0.0916666666667,291.833333333,0.0,0.3365,720.0,10736.8046875,0.0
2014.0,6.0,13.0,4.0,20.5716666667,69.029,3.6425,39.6666666667,1.0,0.0,0.175,294.583333333,0.0,0.33575,720.0,10736.8046875,0.0
2014.0,6.0,13.0,5.0,20.5816666667,69.047,-27.0466666667,5.05,2.58333333333,0.0333333333333,0.916666666667,300.083333333,0.0,0.33725,720.0,10736.8046875,0.0
2014.0,6.0,13.0,6.0,20.7008333333,69.2615,-37.3525,1.0,19.9166666667,0.0,0.25,289.25,0.0,0.355125,720.0,10736.8046875,0.0
2014.0,6.0,13.0,7.0,20.9866666667,69.776,-37.1816666667,1.0,39.5,0.0,0.0,332.166666667,0.0,0.398,720.0,10736.8046875,0.0
2014.0,6.0,13.0,8.0,22.0216666667,71.639,-13.24,35.9,138.75,0.0,0.216666666667,92.5,0.0,0.55325,720.0,10736.8046875,0.0
2014.0,6.0,13.0,9.0,25.1625,77.2925,21.5791666667,81.05,362.333333333,0.0333333333333,0.791666666667,126.25,0.0,1.024375,720.0,10736.8046875,0.0
2014.0,6.0,13.0,10.0,26.5916666667,79.865,21.3841666667,73.1666666667,773.333333333,0.45,2.64166666667,46.0,0.0,1.23875,720.0,10736.8046875,0.0
2014.0,6.0,13.0,11.0,29.0066666667,84.212,21.7408333333,65.025,686.583333333,0.216666666667,2.125,100.083333333,0.0,1.601,720.0,10736.8046875,0.0
2014.0,6.0,13.0,12.0,29.8116666667,85.661,21.3658333333,60.8416666667,680.416666667,0.266666666667,2.21666666667,54.9166666667,0.0,1.72175,720.0,10736.8046875,0.0
2014.0,6.0,13.0,13.0,31.1825,88.1285,20.9983333333,54.8666666667,800.666666667,0.458333333333,3.05,135.083333333,0.0,1.927375,720.0,10736.8046875,0.0
2014.0,6.0,13.0,14.0,30.795,87.431,20.99,55.9166666667,564.5,0.416666666667,2.74166666667,53.9166666667,0.0,1.86925,720.0,10736.8046875,0.0
2014.0,6.0,13.0,15.0,30.3908333333,86.7035,20.4866666667,55.7416666667,577.333333333,0.966666666667,4.85833333333,46.3333333333,0.0,1.808625,720.0,10736.8046875,0.0
2014.0,6.0,13.0,16.0,22.77,72.986,19.2808333333,81.4416666667,62.5,0.533333333333,3.3,92.1666666667,0.0,0.6655,720.0,10736.8046875,0.0
2014.0,6.0,13.0,17.0,20.7,69.26,-14.2358333333,19.225,33.3333333333,0.0333333333333,0.833333333333,64.6666666667,0.0,0.355,720.0,10736.8046875,0.0
2014.0,6.0,13.0,18.0,22.075,71.735,17.9158333333,77.925,62.75,0.0333333333333,0.525,50.6666666667,0.0,0.56125,720.0,10736.8046875,0.0
2014.0,6.0,13.0,19.0,22.5425,72.5765,20.5558333333,88.4083333333,27.3333333333,0.15,1.19166666667,42.0,0.0,0.631375,720.0,10736.8046875,0.0
2014.0,6.0,13.0,20.0,22.1483333333,71.867,20.2641666667,88.9333333333,1.25,0.116666666667,0.85,68.6666666667,0.0,0.57225,720.0,10736.8046875,0.0
2014.0,6.0,13.0,21.0,21.8833333333,71.39,20.1716666667,89.8666666667,1.0,0.0833333333333,0.891666666667,75.9166666667,0.0,0.5325,720.0,10736.8046875,0.0
2014.0,6.0,13.0,22.0,21.5241666667,70.7435,19.5191666667,88.2333333333,1.0,0.1,1.00833333333,53.8333333333,0.0,0.478625,720.0,10736.8046875,0.0
2014.0,6.0,13.0,23.0,21.4666666667,70.64,19.5166666667,88.5333333333,1.0,0.0166666666667,0.425,55.0,0.0,0.47,720.0,10736.8046875,0.0
2014.0,6.0,14.0,0.0,21.5416666667,70.775,20.0,90.7916666667,1.0,0.05,0.833333333333,74.4166666667,0.0,0.48125,0.0,10736.8046875,0.0
2014.0,6.0,14.0,1.0,21.2566666667,70.262,19.6825,90.6,1.0,0.233333333333,2.26666666667,112.916666667,0.0,0.4385,0.0,10736.8046875,0.0
2014.0,6.0,14.0,2.0,20.8675,69.5615,19.0258333333,89.0833333333,1.0,0.55,3.33333333333,122.333333333,0.0,0.380125,0.0,10736.8046875,0.0
2014.0,6.0,14.0,3.0,20.6116666667,69.101,18.5591666667,87.9,1.0,0.233333333333,2.30833333333,117.0,0.0,0.34175,0.0,10736.8046875,0.0
2014.0,6.0,14.0,4.0,20.3308333333,68.5955,17.8733333333,85.6666666667,1.0,0.216666666667,2.05833333333,110.416666667,0.0,0.299625,0.0,10736.8046875,0.0
2014.0,6.0,14.0,5.0,19.6458333333,67.3625,16.5008333333,81.9583333333,11.5833333333,0.441666666667,3.33333333333,107.75,0.0,0.196875,0.0,10736.8046875,0.0
2014.0,6.0,14.0,6.0,20.1508333333,68.2715,15.6575,75.35,100.0,0.425,3.65,110.916666667,0.0,0.272625,0.0,10736.8046875,15.8333333333
2014.0,6.0,14.0,7.0,21.6525,70.9745,14.885,65.4166666667,268.416666667,0.675,4.60833333333,101.166666667,0.0,0.497875,0.0,10736.8046875,47.5833333333
2014.0,6.0,14.0,8.0,23.1958333333,73.7525,14.2175,57.0333333333,493.666666667,0.566666666667,4.15,98.5833333333,0.0,0.729375,0.0,10736.8046875,46.5416666667
2014.0,6.0,14.0,9.0,23.6758333333,74.6165,13.9491666667,54.5083333333,627.0,0.841666666667,4.6,119.25,0.0,0.801375,0.0,10736.8046875,48.5625
2014.0,6.0,14.0,10.0,24.3075,75.7535,12.4225,47.4333333333,826.0,1.04166666667,5.55833333333,102.25,0.0,0.896125,0.0,10736.8046875,49.4375
2014.0,6.0,14.0,11.0,24.9858333333,76.9745,11.8875,44.0333333333,935.583333333,1.11666666667,5.50833333333,102.0,0.0,0.997875,0.0,10736.8046875,49.1458333333
2014.0,6.0,14.0,12.0,25.1608333333,77.2895,11.7933333333,43.2583333333,848.75,1.09166666667,5.46666666667,98.5,0.0,1.024125,0.0,10736.8046875,48.4791666667
2014.0,6.0,14.0,13.0,25.1116666667,77.201,11.4408333333,42.4083333333,675.25,1.4,6.525,102.25,0.0,1.01675,0.0,10736.8046875,47.6458333333
2014.0,6.0,14.0,14.0,24.7975,76.6355,11.545,43.4916666667,810.333333333,1.39166666667,5.725,94.8333333333,0.0,0.969625,0.0,10736.8046875,49.3541666667
2014.0,6.0,14.0,15.0,23.9975,75.1955,11.6191666667,45.9083333333,563.916666667,1.68333333333,7.04166666667,115.75,0.0,0.849625,0.0,10736.8046875,48.375
2014.0,6.0,14.0,16.0,23.1741666667,73.7135,11.1566666667,46.775,415.0,1.4,6.075,107.333333333,0.0,0.726125,0.0,10736.8046875,50.8125
2014.0,6.0,14.0,17.0,22.015,71.627,11.0483333333,49.725,194.583333333,1.23333333333,5.575,112.666666667,0.0,0.55225,0.0,10736.8046875,49.875
2014.0,6.0,14.0,18.0,22.3941666667,72.3095,10.9183333333,48.2666666667,236.583333333,1.20833333333,5.68333333333,107.5,0.0,0.609125,0.0,10736.8046875,47.5625
2014.0,6.0,14.0,19.0,20.2541666667,68.4575,11.0366666667,55.375,49.75,1.20833333333,5.96666666667,123.083333333,0.0,0.288125,0.0,10736.8046875,48.75
2014.0,6.0,14.0,20.0,18.8858333333,65.9945,10.605,58.5666666667,2.25,1.28333333333,5.78333333333,118.5,0.00104166666667,0.0839166666667,0.0,10736.8046875,48.2916666667
2014.0,6.0,14.0,21.0,17.64,63.752,9.81833333333,60.0916666667,1.0,0.275,2.18333333333,140.0,0.104,0.0,0.0,10736.8046875,47.1666666667
2014.0,6.0,14.0,22.0,17.2308333333,63.0155,9.99333333333,62.3833333333,1.0,0.166666666667,1.96666666667,127.583333333,0.165375,0.0,0.0,10736.8046875,46.1458333333
2014.0,6.0,14.0,23.0,16.6075,61.8935,10.1991666667,65.8,1.0,0.0166666666667,0.733333333333,91.8333333333,0.258875,0.0,0.0,10736.8046875,45.25
2014.0,6.0,15.0,0.0,16.0366666667,60.866,10.52,69.7083333333,1.0,0.0833333333333,1.70833333333,78.25,0.3445,0.0,0.0,10736.8046875,45.0
2014.0,6.0,15.0,1.0,15.5825,60.0485,10.6225,72.2666666667,1.0,0.2,2.09166666667,81.8333333333,0.412625,0.0,0.0,10736.8046875,44.7708333333
2014.0,6.0,15.0,2.0,14.98,58.964,10.6233333333,75.1083333333,1.0,0.0666666666667,1.08333333333,77.0,0.503,0.0,0.0,10736.8046875,44.625
2014.0,6.0,15.0,3.0,15.0416666667,59.075,10.5733333333,74.5583333333,1.0,0.0166666666667,0.716666666667,88.5,0.49375,0.0,0.0,10736.8046875,44.3958333333
2014.0,6.0,15.0,4.0,15.2016666667,59.363,10.7233333333,74.5333333333,1.0,0.1,1.99166666667,104.916666667,0.46975,0.0,0.0,10736.8046875,48.2916666667
2014.0,6.0,15.0,5.0,15.5975,60.0755,10.7891666667,73.025,21.25,0.133333333333,1.7,107.583333333,0.410375,0.0,0.0,10736.8046875,47.7083333333
2014.0,6.0,15.0,6.0,17.3,63.14,10.7091666667,65.1916666667,162.666666667,0.216666666667,2.36666666667,112.916666667,0.155,0.0,0.0,10736.8046875,47.2708333333
2014.0,6.0,15.0,7.0,18.0466666667,64.484,10.8841666667,62.9083333333,305.25,0.941666666667,5.1,129.333333333,0.0535833333333,0.0105833333333,0.0,10736.8046875,46.1875
2014.0,6.0,15.0,8.0,20.5225,68.9405,10.9891666667,54.425,486.0,0.175,1.51666666667,127.583333333,0.0,0.328375,0.0,10736.8046875,46.25
2014.0,6.0,15.0,9.0,22.53,72.554,11.5758333333,49.9583333333,658.416666667,0.233333333333,1.85,139.916666667,0.0,0.6295,0.0,10736.8046875,46.4375
2014.0,6.0,15.0,10.0,23.1583333333,73.685,11.7933333333,48.7833333333,797.833333333,0.658333333333,3.75,140.833333333,0.0,0.72375,0.0,10736.8046875,47.2291666667
2014.0,6.0,15.0,11.0,25.0233333333,77.042,12.12,44.5833333333,932.5,0.558333333333,3.59166666667,113.5,0.0,1.0035,0.0,10736.8046875,48.625
2014.0,6.0,15.0,12.0,26.6191666667,79.9145,12.4308333333,41.45,981.083333333,0.391666666667,3.15833333333,95.5833333333,0.0,1.242875,0.0,10736.8046875,49.2291666667
2014.0,6.0,15.0,13.0,28.4491666667,83.2085,12.8575,38.2583333333,975.916666667,0.116666666667,1.725,104.083333333,0.0,1.517375,0.0,10736.8046875,49.1875
2014.0,6.0,15.0,14.0,28.5675,83.4215,12.8991666667,38.0916666667,891.416666667,0.316666666667,2.95,90.0833333333,0.0,1.535125,0.0,10736.8046875,20.8333333333
2014.0,6.0,15.0,15.0,29.5841666667,85.2515,12.5366666667,35.0583333333,746.166666667,0.325,2.875,108.833333333,0.0,1.687625,0.0,10736.8046875,0.0
2014.0,6.0,15.0,16.0,29.8641666667,85.7555,12.2091666667,33.7666666667,593.333333333,0.4,3.33333333333,104.5,0.0,1.729625,0.0,10736.8046875,0.0
2014.0,6.0,15.0,17.0,29.755,85.559,11.8633333333,33.25,442.666666667,0.591666666667,3.15833333333,100.833333333,0.0,1.71325,0.0,10736.8046875,0.0
2014.0,6.0,15.0,18.0,29.1883333333,84.539,12.2941666667,35.3,266.583333333,0.116666666667,1.64166666667,126.583333333,0.0,1.62825,0.0,10736.8046875,0.0
2014.0,6.0,15.0,19.0,27.1133333333,80.804,12.4883333333,40.4333333333,103.583333333,0.0833333333333,1.56666666667,101.166666667,0.0,1.317,0.0,10736.8046875,0.0
2014.0,6.0,15.0,20.0,24.9491666667,76.9085,12.9416666667,47.2083333333,4.16666666667,0.0,0.1,81.5,0.0,0.992375,0.0,10736.8046875,0.0
2014.0,6.0,15.0,21.0,23.9408333333,75.0935,13.4208333333,51.7583333333,1.0,0.0,0.0,68.6666666667,0.0,0.841125,0.0,10736.8046875,0.0
2014.0,6.0,15.0,22.0,23.03,73.454,13.9025,56.4,1.0,0.0,0.0,73.5833333333,0.0,0.7045,0.0,10736.8046875,0.0
2014.0,6.0,15.0,23.0,22.3383333333,72.209,14.0791666667,59.4833333333,1.0,0.0,0.35,80.5833333333,0.0,0.60075,0.0,10736.8046875,0.0
2014.0,6.0,16.0,0.0,21.6575,70.9835,13.9358333333,61.425,1.0,0.05,1.375,83.8333333333,0.0,0.498625,720.0,10736.8046875,0.0
2014.0,6.0,16.0,1.0,20.8016666667,69.443,13.8466666667,64.3666666667,1.0,0.0,0.2,79.1666666667,0.0,0.37025,720.0,10736.8046875,0.0
2014.0,6.0,16.0,2.0,19.7866666667,67.616,13.7458333333,68.0916666667,1.0,0.0,0.0,72.5,0.0,0.218,720.0,10736.8046875,0.0
2014.0,6.0,16.0,3.0,19.5033333333,67.106,13.5083333333,68.225,1.0,0.0,0.0,113.416666667,0.0,0.1755,720.0,10736.8046875,0.0
2014.0,6.0,16.0,4.0,18.4941666667,65.2895,13.5733333333,72.9666666667,1.0,0.0,0.0333333333333,135.25,0.00975,0.033875,720.0,10736.8046875,0.0
2014.0,6.0,16.0,5.0,18.1083333333,64.595,13.9816666667,76.7666666667,12.6666666667,0.0,0.05,180.083333333,0.041,0.00725,720.0,10736.8046875,0.0
2014.0,6.0,16.0,6.0,21.0766666667,69.938,14.0508333333,64.35,133.916666667,0.0,0.0,163.166666667,0.0,0.4115,720.0,10736.8046875,0.0
2014.0,6.0,16.0,7.0,24.525,76.145,13.6625,50.8833333333,323.25,0.0,0.175,214.416666667,0.0,0.92875,720.0,10736.8046875,0.0
2014.0,6.0,16.0,8.0,27.2191666667,80.9945,12.8358333333,41.05,494.416666667,0.05,0.433333333333,231.0,0.0,1.332875,720.0,10736.8046875,0.0
2014.0,6.0,16.0,9.0,28.8416666667,83.915,12.2591666667,35.9666666667,659.75,0.0166666666667,0.408333333333,254.25,0.0,1.57625,720.0,10736.8046875,0.0
2014.0,6.0,16.0,10.0,30.605,87.089,13.1625,34.475,803.416666667,0.0,0.366666666667,218.833333333,0.0,1.84075,720.0,10736.8046875,0.0
2014.0,6.0,16.0,11.0,32.4216666667,90.359,13.37,31.525,929.916666667,0.0,0.383333333333,236.25,0.0,2.11325,720.0,10736.8046875,0.0
2014.0,6.0,16.0,12.0,32.635,90.743,13.785,31.9833333333,970.0,0.116666666667,1.61666666667,181.166666667,0.0,2.14525,720.0,10736.8046875,0.0
2014.0,6.0,16.0,13.0,32.4966666667,90.494,13.1541666667,30.9916666667,959.083333333,0.258333333333,2.0,118.083333333,0.0,2.1245,720.0,10736.8046875,0.0
2014.0,6.0,16.0,14.0,32.8958333333,91.2125,13.94,31.85,870.583333333,0.4,2.375,80.6666666667,0.0,2.184375,720.0,10736.8046875,0.0
2014.0,6.0,16.0,15.0,32.5933333333,90.668,14.5683333333,33.7416666667,735.75,0.55,3.04166666667,49.5,0.0,2.139,720.0,10736.8046875,0.0
2014.0,6.0,16.0,16.0,33.1858333333,91.7345,14.9166666667,33.4,587.666666667,0.416666666667,2.5,70.5,0.0,2.227875,720.0,10736.8046875,0.0
2014.0,6.0,16.0,17.0,32.885,91.193,15.8408333333,36.0166666667,416.666666667,0.316666666667,2.81666666667,53.0833333333,0.0,2.18275,720.0,10736.8046875,0.0
2014.0,6.0,16.0,18.0,31.2183333333,88.193,16.5766666667,41.5083333333,223.583333333,0.383333333333,2.60833333333,42.0833333333,0.0,1.93275,720.0,10736.8046875,0.0
2014.0,6.0,16.0,19.0,28.2283333333,82.811,18.0575,54.1666666667,67.4166666667,0.383333333333,2.99166666667,37.6666666667,0.0,1.48425,720.0,10736.8046875,0.0
2014.0,6.0,16.0,20.0,25.3425,77.6165,16.9541666667,59.6833333333,2.66666666667,0.15,1.525,53.3333333333,0.0,1.051375,720.0,10736.8046875,0.0
2014.0,6.0,16.0,21.0,24.6125,76.3025,16.81,61.7666666667,1.0,0.25,2.25833333333,24.25,0.0,0.941875,720.0,10736.8046875,0.0
2014.0,6.0,16.0,22.0,23.91,75.038,16.6683333333,63.85,1.0,0.0,0.4,171.083333333,0.0,0.8365,720.0,10736.8046875,0.0
2014.0,6.0,16.0,23.0,23.7033333333,74.666,17.3883333333,67.6666666667,1.0,0.0166666666667,0.666666666667,96.3333333333,0.0,0.8055,720.0,10736.8046875,0.0
2014.0,6.0,17.0,0.0,23.3475,74.0255,18.1266666667,72.4083333333,1.0,0.0166666666667,0.591666666667,24.1666666667,0.0,0.752125,720.0,10736.8046875,0.0
2014.0,6.0,17.0,1.0,22.9633333333,73.334,18.37,75.25,1.0,0.0,0.0,306.916666667,0.0,0.6945,720.0,10736.8046875,0.0
2014.0,6.0,17.0,2.0,22.8275,73.0895,19.0683333333,79.2666666667,1.0,0.0333333333333,0.466666666667,46.8333333333,0.0,0.674125,720.0,10736.8046875,0.0
2014.0,6.0,17.0,3.0,22.805,73.049,19.8508333333,83.3083333333,1.0,0.283333333333,2.375,55.5833333333,0.0,0.67075,720.0,10736.8046875,0.0
2014.0,6.0,17.0,4.0,21.9383333333,71.489,20.1491666667,89.45,1.0,0.0,0.141666666667,74.8333333333,0.0,0.54075,720.0,10736.8046875,0.0
2014.0,6.0,17.0,5.0,22.215,71.987,20.4533333333,89.625,6.75,0.0,0.133333333333,61.25,0.0,0.58225,720.0,10736.8046875,41.2708333333
2014.0,6.0,17.0,6.0,23.3558333333,74.0405,20.5508333333,84.175,87.0833333333,0.0,0.0166666666667,53.3333333333,0.0,0.753375,720.0,10736.8046875,49.2916666667
2014.0,6.0,17.0,7.0,25.2008333333,77.3615,20.4525,75.0916666667,261.583333333,0.05,1.09166666667,68.5,0.0,1.030125,720.0,10736.8046875,49.2083333333
2014.0,6.0,17.0,8.0,28.4075,83.1335,20.335,61.6833333333,452.75,0.0333333333333,0.816666666667,64.0,0.0,1.511125,720.0,10736.8046875,49.875
2014.0,6.0,17.0,9.0,30.7716666667,87.389,20.5975,54.6833333333,596.916666667,0.0333333333333,0.625,91.1666666667,0.0,1.86575,720.0,10736.8046875,54.2291666667
2014.0,6.0,17.0,10.0,32.3066666667,90.152,20.4258333333,49.6,759.25,0.116666666667,1.81666666667,101.25,0.0,2.096,720.0,10736.8046875,56.7916666667
2014.0,6.0,17.0,11.0,33.0775,91.5395,20.8566666667,48.975,836.166666667,0.116666666667,1.95,88.5,0.0,2.211625,720.0,10736.8046875,57.7291666667
2014.0,6.0,17.0,12.0,34.1841666667,93.5315,20.4366666667,44.7416666667,957.666666667,0.366666666667,2.525,71.0,0.0,2.377625,720.0,10736.8046875,57.3125
2014.0,6.0,17.0,13.0,33.8508333333,92.9315,19.5975,43.2,820.0,0.858333333333,3.45,62.8333333333,0.0,2.327625,720.0,10736.8046875,55.625
2014.0,6.0,17.0,14.0,35.2433333333,95.438,19.2608333333,39.1916666667,865.75,0.733333333333,4.05,64.4166666667,0.0,2.5365,720.0,10736.8046875,55.6458333333
2014.0,6.0,17.0,15.0,34.8008333333,94.6415,19.04,39.75,580.166666667,0.8,4.2,76.0,0.0,2.470125,720.0,10736.8046875,55.2083333333
2014.0,6.0,17.0,16.0,34.6591666667,94.3865,18.4066666667,38.3416666667,536.083333333,1.0,3.9,63.5833333333,0.0,2.448875,720.0,10736.8046875,56.0625
2014.0,6.0,17.0,17.0,34.0475,93.2855,18.475,39.8416666667,338.833333333,0.916666666667,4.15,72.0,0.0,2.357125,720.0,10736.8046875,4.58333333333
2014.0,6.0,17.0,18.0,33.67,92.606,19.3633333333,43.0583333333,253.833333333,0.65,4.23333333333,59.0,0.0,2.3005,720.0,10736.8046875,0.0
2014.0,6.0,17.0,19.0,31.9733333333,89.552,20.0116666667,49.3,84.5833333333,0.0333333333333,1.60833333333,42.6666666667,0.0,2.046,720.0,10736.8046875,0.0
2014.0,6.0,17.0,20.0,29.7658333333,85.5785,21.3925,60.8666666667,2.91666666667,0.241666666667,2.78333333333,126.333333333,0.0,1.714875,720.0,10736.8046875,0.0
2014.0,6.0,17.0,21.0,28.2766666667,82.898,21.8791666667,68.2083333333,1.0,0.116666666667,1.38333333333,66.5,0.0,1.4915,720.0,10736.8046875,0.0
2014.0,6.0,17.0,22.0,27.3741666667,81.2735,21.8491666667,71.7666666667,1.0,0.0833333333333,1.50833333333,40.6666666667,0.0,1.356125,720.0,10736.8046875,0.0
2014.0,6.0,17.0,23.0,27.0233333333,80.642,22.2691666667,75.1416666667,1.0,0.633333333333,3.825,56.0833333333,0.0,1.3035,720.0,10736.8046875,0.0
2014.0,6.0,18.0,0.0,26.7525,80.1545,22.465,77.2583333333,1.0,0.233333333333,1.83333333333,64.8333333333,0.0,1.262875,720.0,10736.8046875,0.0
2014.0,6.0,18.0,1.0,26.4466666667,79.604,22.4716666667,78.6916666667,1.0,0.233333333333,2.46666666667,53.1666666667,0.0,1.217,720.0,10736.8046875,0.0
2014.0,6.0,18.0,2.0,26.4541666667,79.6175,22.6066666667,79.3083333333,1.0,0.525,3.35,56.1666666667,0.0,1.218125,720.0,10736.8046875,0.0
2014.0,6.0,18.0,3.0,26.5875,79.8575,21.7883333333,74.9583333333,1.0,0.758333333333,4.80833333333,67.4166666667,0.0,1.238125,720.0,10736.8046875,0.0
2014.0,6.0,18.0,4.0,26.6825,80.0285,19.785,65.85,1.0,0.15,1.76666666667,60.8333333333,0.0,1.252375,720.0,10736.8046875,0.0
2014.0,6.0,18.0,5.0,26.3191666667,79.3745,18.6158333333,62.5416666667,12.25,0.0,0.075,63.25,0.0,1.197875,720.0,10736.8046875,0.0
2014.0,6.0,18.0,6.0,26.8491666667,80.3285,19.0233333333,62.2416666667,117.666666667,0.0,0.266666666667,46.0833333333,0.0,1.277375,720.0,10736.8046875,0.0
2014.0,6.0,18.0,7.0,29.255,84.659,18.5333333333,52.6083333333,293.0,0.133333333333,1.51666666667,72.1666666667,0.0,1.63825,720.0,10736.8046875,0.0
2014.0,6.0,18.0,8.0,30.4441666667,86.7995,18.7316666667,49.6333333333,478.666666667,1.35,5.68333333333,89.4166666667,0.0,1.816625,720.0,10736.8046875,0.1875
2014.0,6.0,18.0,9.0,31.1383333333,88.049,19.025,48.6166666667,641.75,1.625,7.48333333333,84.8333333333,0.0,1.92075,720.0,10736.8046875,53.7708333333
2014.0,6.0,18.0,10.0,32.22,89.996,18.585,44.4416666667,790.416666667,1.19166666667,5.60833333333,100.083333333,0.0,2.083,720.0,10736.8046875,56.3125
2014.0,6.0,18.0,11.0,33.215,91.787,18.695,42.3083333333,884.416666667,1.41666666667,6.05833333333,114.75,0.0,2.23225,720.0,10736.8046875,56.4791666667
2014.0,6.0,18.0,12.0,34.1375,93.4475,19.2766666667,41.6833333333,913.916666667,1.225,6.075,96.0,0.0,2.370625,720.0,10736.8046875,57.3333333333
2014.0,6.0,18.0,13.0,34.275,93.695,18.6975,39.9333333333,910.75,1.81666666667,6.46666666667,103.25,0.0,2.39125,720.0,10736.8046875,57.7708333333
2014.0,6.0,18.0,14.0,35.5058333333,95.9105,17.6916666667,35.0,842.583333333,0.958333333333,5.425,106.166666667,0.0,2.575875,720.0,10736.8046875,56.1041666667
2014.0,6.0,18.0,15.0,35.9925,96.7865,17.8691666667,34.4916666667,719.25,0.95,4.575,98.4166666667,0.0,2.648875,720.0,10736.8046875,54.9166666667
2014.0,6.0,18.0,16.0,35.4991666667,95.8985,18.7316666667,37.4583333333,506.5,0.758333333333,3.81666666667,96.1666666667,0.0,2.574875,720.0,10736.8046875,57.3125
2014.0,6.0,18.0,17.0,35.1766666667,95.318,19.5841666667,40.1666666667,387.166666667,0.741666666667,4.13333333333,78.1666666667,0.0,2.5265,720.0,10736.8046875,57.3125
2014.0,6.0,18.0,18.0,34.1825,93.5285,19.9283333333,43.2833333333,221.0,0.858333333333,4.20833333333,72.5833333333,0.0,2.377375,720.0,10736.8046875,55.4375
2014.0,6.0,18.0,19.0,32.7475,90.9455,19.1183333333,44.5833333333,78.6666666667,0.916666666667,4.79166666667,74.4166666667,0.0,2.162125,720.0,10736.8046875,54.2708333333
2014.0,6.0,18.0,20.0,30.8875,87.5975,17.7725,45.5333333333,2.5,0.758333333333,4.525,89.5,0.0,1.883125,720.0,10736.8046875,53.9375
2014.0,6.0,18.0,21.0,29.8108333333,85.6595,18.085,49.375,1.0,0.05,1.45,94.4166666667,0.0,1.721625,720.0,10736.8046875,52.8958333333
2014.0,6.0,18.0,22.0,29.2491666667,84.6485,18.415,52.0583333333,1.0,0.0,0.383333333333,96.9166666667,0.0,1.637375,720.0,10736.8046875,49.7916666667
2014.0,6.0,18.0,23.0,28.415,83.147,18.7083333333,55.675,1.0,0.0,0.05,133.0,0.0,1.51225,720.0,10736.8046875,48.5625
2014.0,6.0,19.0,0.0,27.5266666667,81.548,18.925,59.3916666667,1.0,0.0,0.0166666666667,83.5833333333,0.0,1.379,720.0,10736.8046875,47.7291666667
2014.0,6.0,19.0,1.0,26.5658333333,79.8185,19.865,67.2583333333,1.0,0.375,2.425,63.6666666667,0.0,1.234875,720.0,10736.8046875,47.6875
2014.0,6.0,19.0,2.0,21.6325,70.9385,-32.1741666667,7.775,1.0,1.45833333333,4.46666666667,90.1666666667,0.0,0.494875,720.0,10736.8046875,47.3958333333
2014.0,6.0,19.0,3.0,21.7891666667,71.2205,-36.6975,1.0,1.0,0.0666666666667,0.525,204.416666667,0.0,0.518375,720.0,10736.8046875,46.9166666667
2014.0,6.0,19.0,4.0,22.1025,71.7845,-36.5091666667,1.0,1.0,0.0,0.0,123.583333333,0.0,0.565375,720.0,10736.8046875,52.2708333333
2014.0,6.0,19.0,5.0,22.2858333333,72.1145,19.2875,86.3166666667,6.83333333333,0.0,0.241666666667,68.1666666667,0.0,0.592875,720.0,10736.8046875,51.6666666667
2014.0,6.0,19.0,6.0,22.675,72.815,21.52,93.05,67.1666666667,0.0,0.366666666667,72.8333333333,0.0,0.65125,720.0,10736.8046875,51.3541666667
2014.0,6.0,19.0,7.0,23.5283333333,74.351,21.5183333333,88.3666666667,139.083333333,0.416666666667,3.01666666667,145.583333333,0.0,0.77925,720.0,10736.8046875,50.8333333333
2014.0,6.0,19.0,8.0,24.2775,75.6995,20.9616666667,81.7833333333,243.666666667,0.683333333333,3.65,139.916666667,0.0,0.891625,720.0,10736.8046875,52.3958333333
2014.0,6.0,19.0,9.0,25.3825,77.6885,20.065,72.3416666667,321.416666667,0.725,3.56666666667,186.666666667,0.0,1.057375,720.0,10736.8046875,54.3958333333
2014.0,6.0,19.0,10.0,25.2258333333,77.4065,19.6166666667,71.0583333333,307.583333333,0.633333333333,3.84166666667,210.916666667,0.0,1.033875,720.0,10736.8046875,57.2291666667
2014.0,6.0,19.0,11.0,26.2025,79.1645,18.2533333333,61.5666666667,416.916666667,0.658333333333,3.7,213.416666667,0.0,1.180375,720.0,10736.8046875,56.0833333333
2014.0,6.0,19.0,12.0,25.4716666667,77.849,19.0191666667,67.6083333333,242.166666667,0.341666666667,2.44166666667,190.5,0.0,1.07075,720.0,10736.8046875,57.3333333333
2014.0,6.0,19.0,13.0,24.3116666667,75.761,19.315,73.6083333333,223.083333333,0.275,2.075,143.416666667,0.0,0.89675,720.0,10736.8046875,58.3958333333
2014.0,6.0,19.0,14.0,22.14,71.852,19.95,87.6166666667,124.833333333,0.391666666667,2.58333333333,155.583333333,0.0,0.571,720.0,10736.8046875,57.1041666667
2014.0,6.0,19.0,15.0,20.3983333333,68.717,11.4908333333,62.75,140.083333333,0.0833333333333,1.35,138.083333333,0.0,0.30975,720.0,10736.8046875,57.0
2014.0,6.0,19.0,16.0,21.0683333333,69.923,7.23,47.4833333333,243.833333333,0.0,0.05,190.5,0.0,0.41025,720.0,10736.8046875,56.9166666667
2014.0,6.0,19.0,17.0,25.985,78.773,18.2125,62.8,401.75,0.0,0.0916666666667,172.25,0.0,1.14775,720.0,10736.8046875,58.6875
2014.0,6.0,19.0,18.0,26.0583333333,78.905,18.6516666667,63.9333333333,231.333333333,0.0333333333333,0.541666666667,82.0,0.0,1.15875,720.0,10736.8046875,55.2291666667
2014.0,6.0,19.0,19.0,23.7833333333,74.81,19.0091666667,74.7,86.6666666667,0.166666666667,1.34166666667,82.0,0.0,0.8175,720.0,10736.8046875,55.1666666667
2014.0,6.0,19.0,20.0,22.1716666667,71.909,19.2691666667,83.5083333333,4.75,0.0,0.541666666667,100.5,0.0,0.57575,720.0,10736.8046875,54.8125
2014.0,6.0,19.0,21.0,21.7966666667,71.234,19.3425,85.825,1.0,0.0166666666667,0.466666666667,97.1666666667,0.0,0.5195,720.0,10736.8046875,53.125
2014.0,6.0,19.0,22.0,21.4208333333,70.5575,19.155,86.8083333333,1.0,0.0,0.0,87.8333333333,0.0,0.463125,720.0,10736.8046875,50.125
2014.0,6.0,19.0,23.0,20.8716666667,69.569,18.7533333333,87.5583333333,1.0,0.0166666666667,0.433333333333,72.1666666667,0.0,0.38075,720.0,10736.8046875,48.9791666667
2014.0,6.0,20.0,0.0,20.565,69.017,18.4558333333,87.5833333333,1.0,0.175,1.58333333333,101.166666667,0.0,0.33475,720.0,10736.8046875,0.166666666667
2014.0,6.0,20.0,1.0,20.1183333333,68.213,16.6616666667,80.4416666667,1.0,0.433333333333,3.45833333333,148.25,0.0,0.26775,720.0,10736.8046875,0.0
2014.0,6.0,20.0,2.0,19.3816666667,66.887,14.7408333333,74.4583333333,1.0,0.391666666667,3.125,167.666666667,0.0,0.15725,720.0,10736.8046875,0.0
2014.0,6.0,20.0,3.0,18.5966666667,65.474,13.0883333333,70.2416666667,1.0,0.8,4.0,165.833333333,0.000416666666667,0.0399166666667,720.0,10736.8046875,0.0
2014.0,6.0,20.0,4.0,17.7883333333,64.019,11.715,67.525,1.0,0.475,2.875,169.5,0.08175,0.0,720.0,10736.8046875,0.0
2014.0,6.0,20.0,5.0,17.4083333333,63.335,10.9258333333,65.6583333333,20.1666666667,0.2,2.03333333333,163.5,0.13875,0.0,720.0,10736.8046875,0.0
2014.0,6.0,20.0,6.0,18.7208333333,65.6975,10.4358333333,58.5416666667,162.25,0.325,2.79166666667,167.75,0.00933333333333,0.0674583333333,720.0,10736.8046875,0.0
2014.0,6.0,20.0,7.0,19.9733333333,67.952,10.0266666667,52.7166666667,340.5,0.875,4.125,162.25,0.0,0.246,720.0,10736.8046875,37.7291666667
2014.0,6.0,20.0,8.0,21.4866666667,70.676,10.25,48.7416666667,498.916666667,0.883333333333,3.625,161.333333333,0.0,0.473,720.0,10736.8046875,52.6875
2014.0,6.0,20.0,9.0,23.9408333333,75.0935,10.3916666667,42.4166666667,693.916666667,0.4,2.55,156.416666667,0.0,0.841125,720.0,10736.8046875,54.4166666667
2014.0,6.0,20.0,10.0,25.7641666667,78.3755,10.245,37.6833333333,833.25,0.25,2.4,135.416666667,0.0,1.114625,720.0,10736.8046875,55.875
2014.0,6.0,20.0,11.0,26.8716666667,80.369,9.15583333333,32.875,967.083333333,0.325,2.025,148.166666667,0.0,1.28075,720.0,10736.8046875,56.3958333333
2014.0,6.0,20.0,12.0,27.7191666667,81.8945,6.86666666667,26.7166666667,1049.83333333,0.5,3.375,141.333333333,0.0,1.407875,720.0,10736.8046875,55.3125
2014.0,6.0,20.0,13.0,28.74,83.732,8.45833333333,28.0916666667,1004.41666667,0.466666666667,3.54166666667,153.5,0.0,1.561,720.0,10736.8046875,54.875
2014.0,6.0,20.0,14.0,29.4158333333,84.9485,9.36333333333,28.7,916.333333333,0.358333333333,3.15,139.666666667,0.0,1.662375,720.0,10736.8046875,54.5833333333
2014.0,6.0,20.0,15.0,29.1675,84.5015,9.24166666667,28.8416666667,765.833333333,0.633333333333,3.75,142.0,0.0,1.625125,720.0,10736.8046875,53.0416666667
2014.0,6.0,20.0,16.0,29.7133333333,85.484,9.3625,28.2416666667,617.416666667,0.616666666667,3.4,111.5,0.0,1.707,720.0,10736.8046875,54.8541666667
2014.0,6.0,20.0,17.0,29.1275,84.4295,9.33416666667,29.1,459.25,0.525,3.7,111.333333333,0.0,1.619125,720.0,10736.8046875,53.5
2014.0,6.0,20.0,18.0,28.1033333333,82.586,9.26333333333,30.7666666667,286.583333333,0.4,3.06666666667,100.166666667,0.0,1.4655,720.0,10736.8046875,53.7083333333
2014.0,6.0,20.0,19.0,26.23,79.214,10.0858333333,36.3416666667,95.4166666667,0.2,2.04166666667,108.416666667,0.0,1.1845,720.0,10736.8046875,51.8333333333
2014.0,6.0,20.0,20.0,24.4466666667,76.004,10.7583333333,42.1166666667,2.33333333333,0.0166666666667,0.208333333333,94.25,0.0,0.917,720.0,10736.8046875,50.5
2014.0,6.0,20.0,21.0,23.9875,75.1775,11.2375,44.6916666667,1.0,0.0,0.191666666667,77.8333333333,0.0,0.848125,720.0,10736.8046875,50.4375
2014.0,6.0,20.0,22.0,23.3591666667,74.0465,11.5275,47.3583333333,1.0,0.0,0.508333333333,107.916666667,0.0,0.753875,720.0,10736.8046875,49.125
2014.0,6.0,20.0,23.0,22.2558333333,72.0605,12.0225,52.275,1.0,0.0,0.158333333333,187.166666667,0.0,0.588375,720.0,10736.8046875,47.375
2014.0,6.0,21.0,0.0,22.56,72.608,10.2133333333,45.5083333333,1.0,0.0666666666667,0.983333333333,210.833333333,0.0,0.634,0.0,10736.8046875,47.0
2014.0,6.0,21.0,1.0,22.165,71.897,9.07916666667,43.2083333333,1.0,0.283333333333,2.33333333333,214.166666667,0.0,0.57475,0.0,10736.8046875,46.5625
2014.0,6.0,21.0,2.0,21.6008333333,70.8815,9.06416666667,44.6666666667,1.0,0.166666666667,2.20833333333,195.583333333,0.0,0.490125,0.0,10736.8046875,46.0416666667
2014.0,6.0,21.0,3.0,20.7775,69.3995,9.63,48.8166666667,1.0,0.166666666667,1.4,183.5,0.0,0.366625,0.0,10736.8046875,45.8958333333
2014.0,6.0,21.0,4.0,20.2958333333,68.5325,9.18916666667,48.8083333333,1.0,0.55,3.11666666667,205.333333333,0.0,0.294375,0.0,10736.8046875,50.7291666667
2014.0,6.0,21.0,5.0,19.97,67.946,9.4575,50.7,12.9166666667,0.525,3.25833333333,197.25,0.0,0.2455,0.0,10736.8046875,49.6458333333
2014.0,6.0,21.0,6.0,20.0375,68.0675,9.78833333333,51.625,91.8333333333,0.525,3.50833333333,206.083333333,0.0,0.255625,0.0,10736.8046875,49.2916666667
2014.0,6.0,21.0,7.0,20.6891666667,69.2405,10.6608333333,52.6166666667,228.0,0.416666666667,2.93333333333,218.166666667,0.0,0.353375,0.0,10736.8046875,47.5625
2014.0,6.0,21.0,8.0,23.3883333333,74.099,11.1666666667,46.2333333333,460.583333333,0.408333333333,2.775,216.666666667,0.0,0.75825,0.0,10736.8046875,47.7708333333
2014.0,6.0,21.0,9.0,22.6075,72.6935,12.0125,51.1416666667,290.833333333,0.116666666667,1.41666666667,209.166666667,0.0,0.641125,0.0,10736.8046875,48.6875
2014.0,6.0,21.0,10.0,23.8858333333,74.9945,12.3566666667,48.5166666667,533.083333333,0.166666666667,1.41666666667,213.833333333,0.0,0.832875,0.0,10736.8046875,49.7291666667
2014.0,6.0,21.0,11.0,28.4791666667,83.2625,12.2425,36.7166666667,930.666666667,0.0333333333333,0.708333333333,269.416666667,0.0,1.521875,0.0,10736.8046875,52.1666666667
2014.0,6.0,21.0,12.0,27.8866666667,82.196,12.575,38.825,1014.5,0.391666666667,2.55833333333,68.0833333333,0.0,1.433,0.0,10736.8046875,52.0208333333
2014.0,6.0,21.0,13.0,28.5558333333,83.4005,13.2933333333,39.2916666667,646.75,0.0833333333333,1.15,111.5,0.0,1.533375,0.0,10736.8046875,52.3958333333
2014.0,6.0,21.0,14.0,27.3725,81.2705,13.1491666667,41.5,531.0,0.35,2.45833333333,71.8333333333,0.0,1.355875,0.0,10736.8046875,51.375
2014.0,6.0,21.0,15.0,26.5566666667,79.802,13.3933333333,44.2083333333,345.5,0.291666666667,2.15833333333,115.166666667,0.0,1.2335,0.0,10736.8046875,51.0
2014.0,6.0,21.0,16.0,27.7233333333,81.902,13.2533333333,41.0,560.666666667,0.491666666667,3.025,49.8333333333,0.0,1.4085,0.0,10736.8046875,51.8541666667
2014.0,6.0,21.0,17.0,26.4191666667,79.5545,13.635,45.3666666667,278.083333333,0.266666666667,2.46666666667,48.8333333333,0.0,1.212875,0.0,10736.8046875,52.1875
2014.0,6.0,21.0,18.0,25.1333333333,77.24,14.445,51.4916666667,170.75,0.425,2.525,61.75,0.0,1.02,0.0,10736.8046875,51.2708333333
2014.0,6.0,21.0,19.0,24.0416666667,75.275,14.6391666667,55.6666666667,60.3333333333,0.233333333333,2.00833333333,69.25,0.0,0.85625,0.0,10736.8046875,50.8125
2014.0,6.0,21.0,20.0,23.1,73.58,14.765,59.3666666667,3.25,0.0,0.0,175.416666667,0.0,0.715,0.0,10736.8046875,50.0
2014.0,6.0,21.0,21.0,22.1783333333,71.921,16.0366666667,68.4666666667,1.0,0.183333333333,1.76666666667,328.5,0.0,0.57675,0.0,10736.8046875,49.9375
2014.0,6.0,21.0,22.0,20.7325,69.3185,17.4333333333,81.2916666667,1.0,0.241666666667,2.13333333333,318.5,0.0,0.359875,0.0,10736.8046875,48.2916666667
2014.0,6.0,21.0,23.0,20.2725,68.4905,17.0791666667,81.7916666667,1.0,0.0,0.316666666667,319.25,0.0,0.290875,0.0,10736.8046875,48.7291666667
2014.0,6.0,22.0,0.0,20.1408333333,68.2535,16.6358333333,80.175,1.0,0.0,0.0333333333333,285.666666667,0.0,0.271125,0.0,10736.8046875,24.375
2014.0,6.0,22.0,1.0,19.575,67.235,16.6775,83.2416666667,1.0,0.0,0.0,188.75,0.0,0.18625,0.0,10736.8046875,0.0
2014.0,6.0,22.0,2.0,19.3158333333,66.7685,16.6533333333,84.475,1.0,0.0,0.0,131.25,0.0,0.147375,0.0,10736.8046875,0.0
2014.0,6.0,22.0,3.0,19.2625,66.6725,16.7141666667,85.075,1.0,0.0,0.0,245.833333333,0.0,0.139375,0.0,10736.8046875,0.0
2014.0,6.0,22.0,4.0,19.1241666667,66.4235,16.6683333333,85.5666666667,1.0,0.0,0.0,215.833333333,0.0,0.118625,0.0,10736.8046875,0.0
2014.0,6.0,22.0,5.0,18.8583333333,65.945,16.4683333333,85.9,10.5833333333,0.0,0.0,210.5,0.0,0.07875,0.0,10736.8046875,0.0
2014.0,6.0,22.0,6.0,19.9516666667,67.913,17.0041666667,83.1166666667,85.75,0.0,0.0,207.666666667,0.0,0.24275,0.0,10736.8046875,12.6666666667
2014.0,6.0,22.0,7.0,22.0933333333,71.768,17.41,74.9916666667,242.0,0.0,0.0,198.916666667,0.0,0.564,0.0,10736.8046875,48.875
2014.0,6.0,22.0,8.0,25.515,77.927,16.995,59.3333333333,388.083333333,0.0,0.0333333333333,215.583333333,0.0,1.07725,0.0,10736.8046875,48.6458333333
2014.0,6.0,22.0,9.0,26.595,79.871,15.5525,50.8,605.25,0.0166666666667,0.408333333333,286.5,0.0,1.23925,0.0,10736.8046875,49.4583333333
2014.0,6.0,22.0,10.0,28.9683333333,84.143,13.9,39.7833333333,756.5,0.0166666666667,0.633333333333,302.416666667,0.0,1.59525,0.0,10736.8046875,50.2708333333
2014.0,6.0,22.0,11.0,29.0025,84.2045,13.1358333333,37.7916666667,737.333333333,0.191666666667,1.63333333333,285.083333333,0.0,1.600375,0.0,10736.8046875,50.6875
2014.0,6.0,22.0,12.0,28.7391666667,83.7305,12.9541666667,37.925,676.083333333,0.0333333333333,0.741666666667,270.916666667,0.0,1.560875,0.0,10736.8046875,50.2083333333
2014.0,6.0,22.0,13.0,28.9008333333,84.0215,13.9625,40.0583333333,893.75,0.625,3.08333333333,56.75,0.0,1.585125,0.0,10736.8046875,50.8333333333
2014.0,6.0,22.0,14.0,28.5558333333,83.4005,13.8591666667,40.7333333333,425.0,0.333333333333,2.20833333333,111.333333333,0.0,1.533375,0.0,10736.8046875,52.3333333333
2014.0,6.0,22.0,15.0,27.2516666667,81.053,14.5333333333,45.8583333333,261.583333333,0.208333333333,1.31666666667,276.5,0.0,1.33775,0.0,10736.8046875,51.2291666667
2014.0,6.0,22.0,16.0,25.24,77.432,15.1891666667,53.6583333333,23.0833333333,0.2,2.29166666667,340.916666667,0.0,1.036,0.0,10736.8046875,51.0
2014.0,6.0,22.0,17.0,23.005,73.409,15.8116666667,64.075,10.75,0.475,2.96666666667,315.916666667,0.0,0.70075,0.0,10736.8046875,51.2083333333
2014.0,6.0,22.0,18.0,22.2216666667,71.999,16.2091666667,68.6666666667,15.1666666667,0.333333333333,2.66666666667,307.0,0.0,0.58325,0.0,10736.8046875,50.8958333333
2014.0,6.0,22.0,19.0,22.0775,71.7395,15.2608333333,65.2166666667,13.4166666667,0.575,3.35833333333,309.0,0.0,0.561625,0.0,10736.8046875,50.3333333333
2014.0,6.0,22.0,20.0,21.8925,71.4065,14.5508333333,63.0,1.08333333333,0.216666666667,1.86666666667,313.75,0.0,0.533875,0.0,10736.8046875,50.2291666667
2014.0,6.0,22.0,21.0,21.2216666667,70.199,14.1791666667,64.0916666667,1.0,0.158333333333,1.58333333333,309.583333333,0.0,0.43325,0.0,10736.8046875,49.7291666667
2014.0,6.0,22.0,22.0,20.5691666667,69.0245,15.5741666667,73.025,1.0,0.0,1.08333333333,321.75,0.0,0.335375,0.0,10736.8046875,47.7916666667
2014.0,6.0,22.0,23.0,20.0666666667,68.12,16.5441666667,80.0833333333,1.0,0.0,0.608333333333,322.333333333,0.0,0.26,0.0,10736.8046875,47.0416666667
2014.0,6.0,23.0,0.0,19.7391666667,67.5305,16.71,82.575,1.0,0.0,0.258333333333,316.75,0.0,0.210875,720.0,10736.8046875,23.5
2014.0,6.0,23.0,1.0,19.445,67.001,16.6416666667,83.7333333333,1.0,0.0,0.0166666666667,293.833333333,0.0,0.16675,720.0,10736.8046875,0.0
2014.0,6.0,23.0,2.0,19.3258333333,66.7865,16.5591666667,83.9166666667,1.0,0.0,0.0333333333333,162.75,0.0,0.148875,720.0,10736.8046875,0.0
2014.0,6.0,23.0,3.0,18.9116666667,66.041,16.3166666667,84.7833333333,1.0,0.0,0.0,290.0,0.0,0.08675,720.0,10736.8046875,0.0
2014.0,6.0,23.0,4.0,18.7083333333,65.675,16.1725,85.0833333333,1.0,0.0,0.0,294.166666667,0.0,0.05625,720.0,10736.8046875,0.0
2014.0,6.0,23.0,5.0,18.83,65.894,16.2491666667,84.85,12.0,0.0,0.0,257.666666667,0.0,0.0745,720.0,10736.8046875,0.0
2014.0,6.0,23.0,6.0,19.9841666667,67.9715,16.58,80.7833333333,90.5,0.0,0.0,89.9166666667,0.0,0.247625,720.0,10736.8046875,0.0
2014.0,6.0,23.0,7.0,23.5158333333,74.3285,16.7791666667,66.0416666667,290.25,0.0,0.0,261.583333333,0.0,0.777375,720.0,10736.8046875,0.0
2014.0,6.0,23.0,8.0,25.4091666667,77.7365,16.485,57.8416666667,470.333333333,0.0166666666667,0.3,162.5,0.0,1.061375,720.0,10736.8046875,0.0
2014.0,6.0,23.0,9.0,26.4875,79.6775,15.1225,49.7916666667,639.25,0.133333333333,1.59166666667,110.916666667,0.0,1.223125,720.0,10736.8046875,0.0
2014.0,6.0,23.0,10.0,27.2983333333,81.137,14.3466666667,45.2666666667,591.583333333,0.183333333333,1.625,44.4166666667,0.0,1.34475,720.0,10736.8046875,0.0
2014.0,6.0,23.0,11.0,29.325,84.785,14.73,41.1583333333,895.0,0.341666666667,2.68333333333,110.583333333,0.0,1.64875,720.0,10736.8046875,0.0
2014.0,6.0,23.0,12.0,28.2908333333,82.9235,15.3541666667,45.4083333333,493.666666667,0.358333333333,3.04166666667,240.25,0.0,1.493625,720.0,10736.8046875,0.0
2014.0,6.0,23.0,13.0,27.2966666667,81.134,15.7208333333,49.2,287.666666667,0.266666666667,1.91666666667,113.833333333,0.0,1.3445,720.0,10736.8046875,0.0
2014.0,6.0,23.0,14.0,29.2625,84.6725,15.4941666667,43.4,569.916666667,0.483333333333,3.08333333333,138.25,0.0,1.639375,720.0,10736.8046875,0.0
2014.0,6.0,23.0,15.0,29.2616666667,84.671,14.6791666667,41.1083333333,475.916666667,0.533333333333,3.4,212.416666667,0.0,1.63925,720.0,10736.8046875,0.0
2014.0,6.0,23.0,16.0,29.4575,85.0235,14.455,40.025,585.416666667,1.08333333333,4.525,54.3333333333,0.0,1.668625,720.0,10736.8046875,0.0
2014.0,6.0,23.0,17.0,28.5141666667,83.3255,14.2983333333,41.8666666667,330.416666667,0.658333333333,4.41666666667,117.666666667,0.0,1.527125,720.0,10736.8046875,0.0
2014.0,6.0,23.0,18.0,28.155,82.679,14.245,42.55,235.75,0.441666666667,3.23333333333,138.583333333,0.0,1.47325,720.0,10736.8046875,0.0
2014.0,6.0,23.0,19.0,25.4666666667,77.84,14.0558333333,49.2833333333,70.6666666667,0.658333333333,3.825,343.333333333,0.0,1.07,720.0,10736.8046875,0.0
2014.0,6.0,23.0,20.0,23.5941666667,74.4695,13.4425,52.8916666667,3.58333333333,0.325,2.68333333333,343.0,0.0,0.789125,720.0,10736.8046875,0.0
2014.0,6.0,23.0,21.0,22.5525,72.5945,13.735,57.4333333333,1.0,0.341666666667,3.175,124.25,0.0,0.632875,720.0,10736.8046875,0.0
2014.0,6.0,23.0,22.0,21.6466666667,70.964,14.1933333333,62.4916666667,1.0,0.208333333333,2.31666666667,65.8333333333,0.0,0.497,720.0,10736.8046875,0.0
2014.0,6.0,23.0,23.0,21.1575,70.0835,15.1458333333,68.5083333333,1.0,0.0333333333333,1.26666666667,147.666666667,0.0,0.423625,720.0,10736.8046875,0.0
2014.0,6.0,24.0,0.0,20.7558333333,69.3605,15.8975,73.6416666667,1.0,0.116666666667,1.925,189.416666667,0.0,0.363375,720.0,10736.8046875,0.0
2014.0,6.0,24.0,1.0,20.0966666667,68.174,15.5308333333,74.925,1.0,0.05,0.908333333333,48.5833333333,0.0,0.2645,720.0,10736.8046875,0.0
2014.0,6.0,24.0,2.0,19.625,67.325,15.8716666667,78.85,1.0,0.0,0.3,88.3333333333,0.0,0.19375,720.0,10736.8046875,0.0
2014.0,6.0,24.0,3.0,19.2016666667,66.563,16.1258333333,82.2666666667,1.0,0.0,0.0,76.3333333333,0.0,0.13025,720.0,10736.8046875,0.0
2014.0,6.0,24.0,4.0,19.2641666667,66.6755,16.4225,83.5166666667,1.0,0.0,0.225,33.3333333333,0.0,0.139625,720.0,10736.8046875,0.0
2014.0,6.0,24.0,5.0,19.2416666667,66.635,16.39,83.475,18.6666666667,0.0,0.183333333333,37.6666666667,0.0,0.13625,720.0,10736.8046875,0.0
2014.0,6.0,24.0,6.0,20.9858333333,69.7745,16.7233333333,76.5333333333,118.5,0.0,0.75,110.5,0.0,0.397875,720.0,10736.8046875,0.0
2014.0,6.0,24.0,7.0,22.0583333333,71.705,16.8875,72.5333333333,224.5,0.1,1.75,103.416666667,0.0,0.55875,720.0,10736.8046875,0.0
2014.0,6.0,24.0,8.0,24.4833333333,76.07,16.44,61.1416666667,461.083333333,0.333333333333,2.73333333333,96.5833333333,0.0,0.9225,720.0,10736.8046875,51.5625
2014.0,6.0,24.0,9.0,24.9625,76.9325,15.5191666667,55.8333333333,628.166666667,1.2,5.1,53.1666666667,0.0,0.994375,720.0,10736.8046875,54.2083333333
2014.0,6.0,24.0,10.0,27.605,81.689,13.8233333333,42.8166666667,773.75,0.916666666667,5.04166666667,85.1666666667,0.0,1.39075,720.0,10736.8046875,57.0833333333
2014.0,6.0,24.0,11.0,29.2833333333,84.71,12.6441666667,35.9583333333,906.583333333,0.775,4.6,155.333333333,0.0,1.6425,720.0,10736.8046875,58.0416666667
2014.0,6.0,24.0,12.0,30.6558333333,87.1805,12.8116666667,33.5666666667,955.416666667,0.55,3.59166666667,99.4166666667,0.0,1.848375,720.0,10736.8046875,58.0
2014.0,6.0,24.0,13.0,30.82,87.476,14.02,36.0083333333,939.083333333,1.025,4.825,264.0,0.0,1.873,720.0,10736.8046875,55.1041666667
2014.0,6.0,24.0,14.0,31.385,88.493,15.1416666667,37.45,861.75,0.95,4.85,127.083333333,0.0,1.95775,720.0,10736.8046875,59.1041666667
2014.0,6.0,24.0,15.0,31.7975,89.2355,15.725,38.0083333333,727.666666667,0.991666666667,4.86666666667,205.5,0.0,2.019625,720.0,10736.8046875,57.9375
2014.0,6.0,24.0,16.0,31.6325,88.9385,15.8741666667,38.725,586.75,0.866666666667,4.65,100.75,0.0,1.994875,720.0,10736.8046875,58.1041666667
2014.0,6.0,24.0,17.0,31.2091666667,88.1765,16.1616666667,40.375,429.916666667,0.983333333333,5.34166666667,102.25,0.0,1.931375,720.0,10736.8046875,56.7708333333
2014.0,6.0,24.0,18.0,29.945,85.901,16.6491666667,44.8583333333,258.75,1.19166666667,5.03333333333,205.5,0.0,1.74175,720.0,10736.8046875,55.75
2014.0,6.0,24.0,19.0,27.345,81.221,17.1566666667,53.8166666667,88.25,0.75,4.2,349.083333333,0.0,1.35175,720.0,10736.8046875,55.1875
2014.0,6.0,24.0,20.0,24.985,76.973,15.9475,57.225,2.83333333333,0.466666666667,2.96666666667,344.666666667,0.0,0.99775,720.0,10736.8046875,55.2291666667
2014.0,6.0,24.0,21.0,23.4575,74.2235,17.9633333333,71.3083333333,1.0,0.358333333333,2.93333333333,344.5,0.0,0.768625,720.0,10736.8046875,54.6041666667
2014.0,6.0,24.0,22.0,22.6566666667,72.782,19.0925,80.2083333333,1.0,0.4,3.36666666667,338.333333333,0.0,0.6485,720.0,10736.8046875,51.5625
2014.0,6.0,24.0,23.0,22.4391666667,72.3905,19.595,83.8416666667,1.0,0.116666666667,1.825,226.083333333,0.0,0.615875,720.0,10736.8046875,50.6041666667
2014.0,6.0,25.0,0.0,22.6383333333,72.749,19.7808333333,83.7916666667,1.0,0.416666666667,4.16666666667,98.1666666667,0.0,0.64575,720.0,10736.8046875,0.166666666667
2014.0,6.0,25.0,1.0,22.2541666667,72.0575,19.1683333333,82.5583333333,1.0,0.05,1.66666666667,108.166666667,0.0,0.588125,720.0,10736.8046875,0.0
2014.0,6.0,25.0,2.0,21.925,71.465,18.6008333333,81.3083333333,1.0,0.0,0.233333333333,32.0,0.0,0.53875,720.0,10736.8046875,0.0
2014.0,6.0,25.0,3.0,22.3566666667,72.242,19.1641666667,82.0333333333,1.0,0.0166666666667,0.85,83.8333333333,0.0,0.6035,720.0,10736.8046875,0.0
2014.0,6.0,25.0,4.0,22.3458333333,72.2225,19.0566666667,81.55,1.0,0.0,0.466666666667,60.5,0.0,0.601875,720.0,10736.8046875,0.0
2014.0,6.0,25.0,5.0,22.6366666667,72.746,19.3183333333,81.4333333333,2.16666666667,0.0,0.116666666667,41.25,0.0,0.6455,720.0,10736.8046875,0.0
2014.0,6.0,25.0,6.0,23.0725,73.5305,19.785,81.6333333333,28.6666666667,0.0666666666667,0.883333333333,55.0,0.0,0.710875,720.0,10736.8046875,0.0
2014.0,6.0,25.0,7.0,24.5133333333,76.124,21.5208333333,83.3,100.75,0.0166666666667,0.741666666667,23.5,0.0,0.927,720.0,10736.8046875,0.0
2014.0,6.0,25.0,8.0,25.6275,78.1295,22.2758333333,81.65,180.666666667,0.0333333333333,1.16666666667,186.416666667,0.0,1.094125,720.0,10736.8046875,0.0
2014.0,6.0,25.0,9.0,26.9325,80.4785,22.4091666667,76.25,267.083333333,0.0666666666667,1.575,44.1666666667,0.0,1.289875,720.0,10736.8046875,0.0
2014.0,6.0,25.0,10.0,28.0675,82.5215,22.2583333333,70.6833333333,264.166666667,0.0333333333333,1.25833333333,40.3333333333,0.0,1.460125,720.0,10736.8046875,0.0
2014.0,6.0,25.0,11.0,30.4008333333,86.7215,21.8216666667,60.2833333333,448.25,0.283333333333,2.54166666667,259.916666667,0.0,1.810125,720.0,10736.8046875,0.0
2014.0,6.0,25.0,12.0,32.3641666667,90.2555,21.1175,51.625,893.166666667,0.45,3.225,321.916666667,0.0,2.104625,720.0,10736.8046875,0.0
2014.0,6.0,25.0,13.0,32.75,90.95,21.3283333333,51.2333333333,676.416666667,0.608333333333,3.95,254.75,0.0,2.1625,720.0,10736.8046875,0.0
2014.0,6.0,25.0,14.0,32.3833333333,90.29,21.5583333333,52.9666666667,585.833333333,0.641666666667,4.03333333333,125.0,0.0,2.1075,720.0,10736.8046875,0.0
2014.0,6.0,25.0,15.0,30.8733333333,87.572,21.6825,58.1,225.0,0.8,4.38333333333,235.75,0.0,1.881,720.0,10736.8046875,0.0
2014.0,6.0,25.0,16.0,28.2883333333,82.919,22.7933333333,72.7,250.833333333,0.45,3.58333333333,44.0,0.0,1.49325,720.0,10736.8046875,0.0
2014.0,6.0,25.0,17.0,31.2325,88.2185,21.73,57.1666666667,437.916666667,0.7,4.05833333333,290.0,0.0,1.934875,720.0,10736.8046875,0.0
2014.0,6.0,25.0,18.0,29.5641666667,85.2155,22.6358333333,66.4666666667,160.25,0.691666666667,4.08333333333,288.0,0.0,1.684625,720.0,10736.8046875,0.0
2014.0,6.0,25.0,19.0,28.1058333333,82.5905,23.2016666667,74.65,46.0,0.708333333333,4.28333333333,345.166666667,0.0,1.465875,720.0,10736.8046875,0.0
2014.0,6.0,25.0,20.0,27.2508333333,81.0515,23.1458333333,78.1916666667,1.25,0.375,3.6,339.5,0.0,1.337625,720.0,10736.8046875,4.77083333333
2014.0,6.0,25.0,21.0,26.7325,80.1185,23.09,80.3416666667,1.0,0.0333333333333,1.3,283.583333333,0.0,1.259875,720.0,10736.8046875,55.6875
2014.0,6.0,25.0,22.0,26.1758333333,79.1165,23.165,83.3916666667,1.0,0.05,1.025,72.25,0.0,1.176375,720.0,10736.8046875,52.6875
2014.0,6.0,25.0,23.0,22.94,73.292,-8.07416666667,40.275,1.0,0.508333333333,3.46666666667,81.0833333333,0.0,0.691,720.0,10736.8046875,51.5833333333
2014.0,6.0,26.0,0.0,21.2266666667,70.208,-37.0375,1.0,1.0,0.0,0.0,276.166666667,0.0,0.434,720.0,10736.8046875,49.6458333333
2014.0,6.0,26.0,1.0,21.5691666667,70.8245,-36.83,1.0,1.0,0.0,0.0,217.25,0.0,0.485375,720.0,10736.8046875,50.1458333333
2014.0,6.0,26.0,2.0,21.42,70.556,-36.9216666667,1.0,1.0,0.0,0.0,71.9166666667,0.0,0.463,720.0,10736.8046875,49.875
2014.0,6.0,26.0,3.0,21.51,70.718,-36.8683333333,1.0,1.0,0.0,0.0,74.25,0.0,0.4765,720.0,10736.8046875,48.8958333333
2014.0,6.0,26.0,4.0,21.4233333333,70.562,-3.68083333333,54.2833333333,1.0,0.0166666666667,0.158333333333,73.3333333333,0.0,0.4635,720.0,10736.8046875,54.0625
2014.0,6.0,26.0,5.0,21.4116666667,70.541,20.9716666667,97.1666666667,9.83333333333,0.15,1.55833333333,80.8333333333,0.0,0.46175,720.0,10736.8046875,53.8333333333
2014.0,6.0,26.0,6.0,22.0658333333,71.7185,21.0916666667,94.05,67.9166666667,0.0666666666667,1.075,84.25,0.0,0.559875,720.0,10736.8046875,53.6041666667
2014.0,6.0,26.0,7.0,24.3233333333,75.782,21.2858333333,83.25,240.75,0.308333333333,3.00833333333,112.833333333,0.0,0.8985,720.0,10736.8046875,52.1666666667
2014.0,6.0,26.0,8.0,25.6708333333,78.2075,20.7091666667,74.0666666667,478.333333333,1.48333333333,6.09166666667,136.416666667,0.0,1.100625,720.0,10736.8046875,54.5625
2014.0,6.0,26.0,9.0,27.8883333333,82.199,20.13,62.9666666667,655.166666667,0.891666666667,4.75,142.166666667,0.0,1.43325,720.0,10736.8046875,56.6041666667
2014.0,6.0,26.0,10.0,27.5933333333,81.668,20.0766666667,63.775,568.25,1.09166666667,5.10833333333,134.083333333,0.0,1.389,720.0,10736.8046875,57.8958333333
2014.0,6.0,26.0,11.0,28.3316666667,82.997,19.0941666667,57.525,621.5,0.716666666667,4.575,123.833333333,0.0,1.49975,720.0,10736.8046875,59.6666666667
2014.0,6.0,26.0,12.0,29.2575,84.6635,18.3033333333,51.8416666667,706.083333333,1.0,5.16666666667,136.75,0.0,1.638625,720.0,10736.8046875,59.7708333333
2014.0,6.0,26.0,13.0,30.015,86.027,18.3175,49.6083333333,734.75,0.816666666667,4.81666666667,140.833333333,0.0,1.75225,720.0,10736.8046875,57.3333333333
2014.0,6.0,26.0,14.0,31.1041666667,87.9875,18.1558333333,46.1333333333,837.5,1.08333333333,4.89166666667,141.166666667,0.0,1.915625,720.0,10736.8046875,58.2083333333
2014.0,6.0,26.0,15.0,31.0191666667,87.8345,17.725,45.1,671.083333333,1.08333333333,5.375,129.833333333,0.0,1.902875,720.0,10736.8046875,57.25
2014.0,6.0,26.0,16.0,31.2841666667,88.3115,17.48,43.825,437.666666667,0.858333333333,4.46666666667,131.75,0.0,1.942625,720.0,10736.8046875,58.0
2014.0,6.0,26.0,17.0,30.5883333333,87.059,17.8633333333,46.6583333333,295.25,0.958333333333,4.25833333333,142.916666667,0.0,1.83825,720.0,10736.8046875,57.6875
2014.0,6.0,26.0,18.0,31.0716666667,87.929,17.3775,43.9666666667,263.166666667,0.358333333333,2.45833333333,166.416666667,0.0,1.91075,720.0,10736.8046875,55.1041666667
2014.0,6.0,26.0,19.0,29.1733333333,84.512,17.86,50.6666666667,82.6666666667,0.116666666667,2.24166666667,153.333333333,0.0,1.626,720.0,10736.8046875,55.375
2014.0,6.0,26.0,20.0,26.9408333333,80.4935,18.365,59.3666666667,2.5,0.0166666666667,0.341666666667,157.666666667,0.0,1.291125,720.0,10736.8046875,56.0833333333
2014.0,6.0,26.0,21.0,26.4491666667,79.6085,18.35,61.0416666667,1.0,0.0,0.0333333333333,104.416666667,0.0,1.217375,720.0,10736.8046875,55.5833333333
2014.0,6.0,26.0,22.0,25.9608333333,78.7295,18.4641666667,63.275,1.0,0.0,0.375,123.666666667,0.0,1.144125,720.0,10736.8046875,51.7708333333
2014.0,6.0,26.0,23.0,25.3325,77.5985,18.505,65.8333333333,1.0,0.0333333333333,0.575,117.333333333,0.0,1.049875,720.0,10736.8046875,51.125
2014.0,6.0,27.0,0.0,24.8033333333,76.646,18.63,68.4916666667,1.0,0.05,1.06666666667,146.666666667,0.0,0.9705,720.0,10736.8046875,24.5
2014.0,6.0,27.0,1.0,24.0008333333,75.2015,18.8175,72.7083333333,1.0,0.0833333333333,1.30833333333,171.833333333,0.0,0.850125,720.0,10736.8046875,0.0
2014.0,6.0,27.0,2.0,23.5941666667,74.4695,18.6558333333,73.7416666667,1.0,0.05,1.04166666667,200.416666667,0.0,0.789125,720.0,10736.8046875,0.0
2014.0,6.0,27.0,3.0,23.1175,73.6115,18.7941666667,76.575,1.0,0.366666666667,3.01666666667,211.583333333,0.0,0.717625,720.0,10736.8046875,0.0
2014.0,6.0,27.0,4.0,21.4308333333,70.5755,19.3258333333,87.6833333333,1.0,0.858333333333,4.6,241.75,0.0,0.464625,720.0,10736.8046875,0.0
2014.0,6.0,27.0,5.0,21.4125,70.5425,19.1333333333,86.7333333333,6.91666666667,0.641666666667,3.84166666667,236.083333333,0.0,0.461875,720.0,10736.8046875,0.0
2014.0,6.0,27.0,6.0,21.6625,70.9925,19.1375,85.4416666667,29.9166666667,0.458333333333,3.20833333333,236.916666667,0.0,0.499375,720.0,10736.8046875,0.0
2014.0,6.0,27.0,7.0,21.9658333333,71.5385,19.1608333333,84.0166666667,98.4166666667,0.266666666667,2.675,222.416666667,0.0,0.544875,720.0,10736.8046875,0.0
2014.0,6.0,27.0,8.0,23.8291666667,74.8925,18.3816666667,71.9833333333,341.666666667,0.15,1.91666666667,233.833333333,0.0,0.824375,720.0,10736.8046875,0.0
2014.0,6.0,27.0,9.0,26.3658333333,79.4585,17.1066666667,56.8,639.583333333,0.291666666667,2.5,250.416666667,0.0,1.204875,720.0,10736.8046875,0.0
2014.0,6.0,27.0,10.0,28.2858333333,82.9145,17.1941666667,51.075,800.5,0.241666666667,1.99166666667,262.833333333,0.0,1.492875,720.0,10736.8046875,0.0
2014.0,6.0,27.0,11.0,27.5758333333,81.6365,18.0708333333,56.2,523.333333333,0.216666666667,2.1,236.0,0.0,1.386375,720.0,10736.8046875,0.0
2014.0,6.0,27.0,12.0,27.7891666667,82.0205,18.005,55.375,503.916666667,0.15,1.575,255.166666667,0.0,1.418375,720.0,10736.8046875,0.0
2014.0,6.0,27.0,13.0,28.6433333333,83.558,18.0458333333,52.7666666667,396.5,0.116666666667,1.40833333333,280.416666667,0.0,1.5465,720.0,10736.8046875,0.0
2014.0,6.0,27.0,14.0,30.5883333333,87.059,17.6016666667,46.1333333333,732.25,0.05,0.875,298.333333333,0.0,1.83825,720.0,10736.8046875,0.0
2014.0,6.0,27.0,15.0,28.7841666667,83.8115,17.4991666667,50.5166666667,300.416666667,0.0916666666667,0.741666666667,281.583333333,0.0,1.567625,720.0,10736.8046875,0.0
2014.0,6.0,27.0,16.0,29.795,85.631,16.8483333333,45.875,379.5,0.233333333333,2.21666666667,303.583333333,0.0,1.71925,720.0,10736.8046875,0.0
2014.0,6.0,27.0,17.0,29.0508333333,84.2915,16.5341666667,46.9666666667,282.166666667,0.2,1.86666666667,294.833333333,0.0,1.607625,720.0,10736.8046875,0.0
2014.0,6.0,27.0,18.0,27.995,82.391,15.7675,47.4416666667,200.083333333,0.658333333333,3.375,290.166666667,0.0,1.44925,720.0,10736.8046875,0.0
2014.0,6.0,27.0,19.0,25.685,78.233,13.7608333333,47.7166666667,71.25,0.75,3.825,317.083333333,0.0,1.10275,720.0,10736.8046875,0.0
2014.0,6.0,27.0,20.0,23.6216666667,74.519,13.23,52.0916666667,3.41666666667,0.2,2.175,327.5,0.0,0.79325,720.0,10736.8046875,0.0
2014.0,6.0,27.0,21.0,22.4308333333,72.3755,12.9366666667,54.925,1.0,0.15,1.71666666667,334.5,0.0,0.614625,720.0,10736.8046875,0.0
2014.0,6.0,27.0,22.0,21.7616666667,71.171,13.5041666667,59.3666666667,1.0,0.0166666666667,0.791666666667,302.416666667,0.0,0.51425,720.0,10736.8046875,0.0
2014.0,6.0,27.0,23.0,21.1091666667,69.9965,14.4416666667,65.65,1.0,0.0333333333333,0.566666666667,270.083333333,0.0,0.416375,720.0,10736.8046875,0.0
2014.0,6.0,28.0,0.0,20.7925,69.4265,14.8858333333,68.8666666667,1.0,0.0,0.0,327.166666667,0.0,0.368875,0.0,10736.8046875,0.0
2014.0,6.0,28.0,1.0,20.5166666667,68.93,15.0575,70.8166666667,1.0,0.0,0.0166666666667,299.75,0.0,0.3275,0.0,10736.8046875,0.0
2014.0,6.0,28.0,2.0,20.0558333333,68.1005,15.2375,73.7166666667,1.0,0.0,0.0,313.333333333,0.0,0.258375,0.0,10736.8046875,0.0
2014.0,6.0,28.0,3.0,19.8225,67.6805,15.1175,74.225,1.0,0.0,0.0,285.5,0.0,0.223375,0.0,10736.8046875,0.0
2014.0,6.0,28.0,4.0,19.9541666667,67.9175,14.6641666667,71.575,1.0,0.0,0.0,284.5,0.0,0.243125,0.0,10736.8046875,0.0
2014.0,6.0,28.0,5.0,19.89,67.802,15.6008333333,76.2666666667,17.3333333333,0.0,0.0,113.75,0.0,0.2335,0.0,10736.8046875,0.0
2014.0,6.0,28.0,6.0,21.9641666667,71.5355,15.4883333333,66.675,136.416666667,0.0,0.0,173.333333333,0.0,0.544625,0.0,10736.8046875,0.0
2014.0,6.0,28.0,7.0,24.1933333333,75.548,15.1225,57.025,304.5,0.0,0.1,176.666666667,0.0,0.879,0.0,10736.8046875,0.0
2014.0,6.0,28.0,8.0,26.9291666667,80.4725,13.7183333333,44.225,499.5,0.0,0.0166666666667,205.25,0.0,1.289375,0.0,10736.8046875,0.0
2014.0,6.0,28.0,9.0,28.8991666667,84.0185,12.0666666667,35.475,641.833333333,0.0,0.0916666666667,276.833333333,0.0,1.584875,0.0,10736.8046875,0.0
2014.0,6.0,28.0,10.0,30.7983333333,87.437,12.5775,32.8583333333,845.583333333,0.0,0.258333333333,199.083333333,0.0,1.86975,0.0,10736.8046875,0.0
2014.0,6.0,28.0,11.0,30.22,86.396,13.6733333333,36.4916666667,852.166666667,0.125,1.23333333333,117.583333333,0.0,1.783,0.0,10736.8046875,0.0
2014.0,6.0,28.0,12.0,31.1083333333,87.995,14.1333333333,35.7916666667,956.583333333,0.2,1.88333333333,57.8333333333,0.0,1.91625,0.0,10736.8046875,0.0
2014.0,6.0,28.0,13.0,29.6841666667,85.4315,15.0241666667,41.025,366.0,0.0333333333333,0.825,163.5,0.0,1.702625,0.0,10736.8046875,0.0
2014.0,6.0,28.0,14.0,31.1866666667,88.136,15.3066666667,38.4166666667,727.833333333,0.0833333333333,1.35,105.833333333,0.0,1.928,0.0,10736.8046875,0.0
2014.0,6.0,28.0,15.0,29.8958333333,85.8125,15.4116666667,41.5,258.583333333,0.0,0.125,155.416666667,0.0,1.734375,0.0,10736.8046875,0.0
2014.0,6.0,28.0,16.0,32.9458333333,91.3025,15.1433333333,34.4,459.083333333,0.0166666666667,0.258333333333,205.166666667,0.0,2.191875,0.0,10736.8046875,0.0
2014.0,6.0,28.0,17.0,31.5825,88.8485,14.6275,35.875,295.0,0.0,0.383333333333,249.5,0.0,1.987375,0.0,10736.8046875,0.0
2014.0,6.0,28.0,18.0,29.1583333333,84.485,15.4825,43.9833333333,167.416666667,0.608333333333,2.69166666667,309.833333333,0.0,1.62375,0.0,10736.8046875,0.0
2014.0,6.0,28.0,19.0,26.12,79.016,16.8641666667,56.6833333333,39.5833333333,0.458333333333,3.4,337.416666667,0.0,1.168,0.0,10736.8046875,0.0
2014.0,6.0,28.0,20.0,25.0641666667,77.1155,17.38,62.35,3.08333333333,0.05,0.916666666667,335.166666667,0.0,1.009625,0.0,10736.8046875,0.0
2014.0,6.0,28.0,21.0,24.1416666667,75.455,17.2808333333,65.4583333333,1.0,0.0166666666667,0.6,205.0,0.0,0.87125,0.0,10736.8046875,0.0
2014.0,6.0,28.0,22.0,23.2308333333,73.8155,16.58,66.1416666667,1.0,0.0833333333333,0.916666666667,166.583333333,0.0,0.734625,0.0,10736.8046875,0.0
2014.0,6.0,28.0,23.0,22.1758333333,71.9165,16.4566666667,70.0,1.0,0.0333333333333,0.975,276.0,0.0,0.576375,0.0,10736.8046875,0.0
2014.0,6.0,29.0,0.0,21.1866666667,70.136,16.7566666667,75.7583333333,1.0,0.0,0.283333333333,179.75,0.0,0.428,0.0,10736.8046875,0.0
2014.0,6.0,29.0,1.0,20.5525,68.9945,16.7483333333,78.725,1.0,0.0,0.05,44.0,0.0,0.332875,0.0,10736.8046875,0.0
2014.0,6.0,29.0,2.0,20.3033333333,68.546,16.945,80.95,1.0,0.0,0.05,225.583333333,0.0,0.2955,0.0,10736.8046875,0.0
2014.0,6.0,29.0,3.0,19.6825,67.4285,16.92,83.975,1.0,0.0,0.0,185.583333333,0.0,0.202375,0.0,10736.8046875,0.0
2014.0,6.0,29.0,4.0,19.8008333333,67.6415,17.0658333333,84.1416666667,1.0,0.0,0.0,210.75,0.0,0.220125,0.0,10736.8046875,0.0
2014.0,6.0,29.0,5.0,20.01,68.018,17.255,84.0416666667,12.5,0.0,0.0,36.5,0.0,0.2515,0.0,10736.8046875,0.0
2014.0,6.0,29.0,6.0,21.9458333333,71.5025,17.2533333333,74.6833333333,131.5,0.0,0.0,150.833333333,0.0,0.541875,0.0,10736.8046875,0.0
2014.0,6.0,29.0,7.0,24.255,75.659,17.13,64.6166666667,295.75,0.0,0.0,79.1666666667,0.0,0.88825,0.0,10736.8046875,0.0
2014.0,6.0,29.0,8.0,26.5066666667,79.712,16.9316666667,55.8083333333,446.25,0.0,0.0,137.25,0.0,1.226,0.0,10736.8046875,0.0
2014.0,6.0,29.0,9.0,29.2241666667,84.6035,16.0491666667,44.9916666667,625.416666667,0.0,0.0,237.0,0.0,1.633625,0.0,10736.8046875,0.0
2014.0,6.0,29.0,10.0,30.3708333333,86.6675,15.0141666667,39.4166666667,778.75,0.0666666666667,1.03333333333,282.5,0.0,1.805625,0.0,10736.8046875,0.0
2014.0,6.0,29.0,11.0,30.9033333333,87.626,14.9266666667,38.0083333333,914.916666667,0.116666666667,1.55833333333,109.416666667,0.0,1.8855,0.0,10736.8046875,0.0
2014.0,6.0,29.0,12.0,31.8733333333,89.372,15.195,36.6416666667,875.333333333,0.183333333333,1.85833333333,178.5,0.0,2.031,0.0,10736.8046875,0.0
2014.0,6.0,29.0,13.0,31.205,88.169,14.6108333333,36.7083333333,720.0,0.441666666667,3.26666666667,159.5,0.0,1.93075,0.0,10736.8046875,0.0
2014.0,6.0,29.0,14.0,31.9258333333,89.4665,14.4525,34.8083333333,824.833333333,0.508333333333,3.50833333333,179.75,0.0,2.038875,0.0,10736.8046875,53.2708333333
2014.0,6.0,29.0,15.0,31.0608333333,87.9095,15.6116666667,39.3416666667,599.916666667,0.65,3.94166666667,69.9166666667,0.0,1.909125,0.0,10736.8046875,52.6458333333
2014.0,6.0,29.0,16.0,30.9258333333,87.6665,16.8283333333,42.8166666667,673.583333333,1.48333333333,5.30833333333,59.0,0.0,1.888875,0.0,10736.8046875,54.3333333333
2014.0,6.0,29.0,17.0,28.5991666667,83.4785,17.9091666667,52.6,220.416666667,0.8,3.84166666667,220.666666667,0.0,1.539875,0.0,10736.8046875,53.3958333333
2014.0,6.0,29.0,18.0,28.675,83.615,17.1683333333,49.8416666667,236.583333333,0.408333333333,3.15,210.0,0.0,1.55125,0.0,10736.8046875,52.75
2014.0,6.0,29.0,19.0,26.5425,79.7765,16.7475,54.95,60.3333333333,0.166666666667,2.09166666667,17.1666666667,0.0,1.231375,0.0,10736.8046875,52.7708333333
2014.0,6.0,29.0,20.0,24.5241666667,76.1435,16.6933333333,61.6416666667,2.91666666667,0.0,0.35,110.416666667,0.0,0.928625,0.0,10736.8046875,52.5
2014.0,6.0,29.0,21.0,23.6516666667,74.573,15.9658333333,62.0166666667,1.0,0.0333333333333,1.03333333333,97.6666666667,0.0,0.79775,0.0,10736.8046875,52.3125
2014.0,6.0,29.0,22.0,22.6766666667,72.818,15.9458333333,65.7333333333,1.0,0.133333333333,1.675,65.0,0.0,0.6515,0.0,10736.8046875,50.5208333333
2014.0,6.0,29.0,23.0,21.6008333333,70.8815,16.3883333333,72.15,1.0,0.0333333333333,0.941666666667,72.5833333333,0.0,0.490125,0.0,10736.8046875,49.9166666667
2014.0,6.0,30.0,0.0,21.05,69.89,17.4275,79.75,1.0,0.0,0.133333333333,295.666666667,0.0,0.4075,720.0,10736.8046875,48.5625
2014.0,6.0,30.0,1.0,20.6683333333,69.203,18.3608333333,86.5166666667,1.0,0.0,0.0333333333333,218.75,0.0,0.35025,720.0,10736.8046875,49.0
2014.0,6.0,30.0,2.0,20.4375,68.7875,18.5216666667,88.65,1.0,0.0,0.0333333333333,54.6666666667,0.0,0.315625,720.0,10736.8046875,48.4583333333
2014.0,6.0,30.0,3.0,20.36,68.648,18.6125,89.575,1.0,0.0,0.0166666666667,173.75,0.0,0.304,720.0,10736.8046875,48.5625
2014.0,6.0,30.0,4.0,20.3733333333,68.672,18.8633333333,90.9083333333,1.0,0.0,0.391666666667,49.1666666667,0.0,0.306,720.0,10736.8046875,53.8541666667
2014.0,6.0,30.0,5.0,20.6633333333,69.194,18.9016666667,89.5166666667,6.75,0.0166666666667,0.375,12.0833333333,0.0,0.3495,720.0,10736.8046875,53.8958333333
2014.0,6.0,30.0,6.0,21.0633333333,69.914,18.9066666667,87.375,59.0833333333,0.0333333333333,0.558333333333,53.0,0.0,0.4095,720.0,10736.8046875,53.2916666667
2014.0,6.0,30.0,7.0,21.645,70.961,19.0416666667,85.025,148.166666667,0.0666666666667,1.21666666667,61.5833333333,0.0,0.49675,720.0,10736.8046875,52.0416666667
2014.0,6.0,30.0,8.0,24.0025,75.2045,19.3741666667,75.65,350.75,0.0333333333333,0.591666666667,47.0833333333,0.0,0.850375,720.0,10736.8046875,52.75
2014.0,6.0,30.0,9.0,26.5566666667,79.802,19.7991666667,66.65,475.333333333,0.15,1.38333333333,88.3333333333,0.0,1.2335,720.0,10736.8046875,55.5208333333
2014.0,6.0,30.0,10.0,28.155,82.679,18.5908333333,56.3833333333,659.416666667,0.341666666667,2.53333333333,141.75,0.0,1.47325,720.0,10736.8046875,56.7916666667
2014.0,6.0,30.0,11.0,31.0441666667,87.8795,17.9591666667,45.6666666667,855.666666667,0.133333333333,1.95833333333,211.166666667,0.0,1.906625,720.0,10736.8046875,57.9166666667
2014.0,6.0,30.0,12.0,31.4233333333,88.562,16.745,41.45,911.5,0.416666666667,3.10833333333,216.916666667,0.0,1.9635,720.0,10736.8046875,58.5833333333
2014.0,6.0,30.0,13.0,32.25,90.05,16.1283333333,38.025,945.166666667,0.541666666667,3.58333333333,232.5,0.0,2.0875,720.0,10736.8046875,58.25
2014.0,6.0,30.0,14.0,32.1025,89.7845,17.1808333333,41.0583333333,883.083333333,0.9,4.36666666667,44.9166666667,0.0,2.065375,720.0,10736.8046875,57.5416666667
2014.0,6.0,30.0,15.0,30.8833333333,87.59,17.7258333333,45.4833333333,608.083333333,1.75833333333,5.74166666667,64.5,0.0,1.8825,720.0,10736.8046875,57.5
2014.0,6.0,30.0,16.0,30.6808333333,87.2255,18.5983333333,48.5416666667,435.25,0.583333333333,3.775,53.0,0.0,1.852125,720.0,10736.8046875,59.8333333333
2014.0,6.0,30.0,17.0,30.86,87.548,18.6366666667,48.175,377.5,0.9,3.75833333333,63.25,0.0,1.879,720.0,10736.8046875,59.4583333333
2014.0,6.0,30.0,18.0,29.7841666667,85.6115,18.8666666667,51.9416666667,207.75,0.566666666667,3.75,59.8333333333,0.0,1.717625,720.0,10736.8046875,57.1458333333
2014.0,6.0,30.0,19.0,28.8541666667,83.9375,19.3958333333,56.6916666667,86.75,0.191666666667,1.725,54.5833333333,0.0,1.578125,720.0,10736.8046875,56.75
2014.0,6.0,30.0,20.0,27.0166666667,80.63,20.0383333333,65.6,4.5,0.0333333333333,1.25833333333,46.4166666667,0.0,1.3025,720.0,10736.8046875,54.5625
2014.0,6.0,30.0,21.0,25.7125,78.2825,20.1533333333,71.3166666667,1.0,0.116666666667,1.675,83.75,0.0,1.106875,720.0,10736.8046875,54.25
2014.0,6.0,30.0,22.0,24.6783333333,76.421,19.6325,73.4416666667,1.0,0.0666666666667,0.866666666667,96.0,0.0,0.95175,720.0,10736.8046875,52.0833333333
2014.0,6.0,30.0,23.0,23.8158333333,74.8685,20.1325,79.775,1.0,0.05,0.916666666667,48.6666666667,0.0,0.822375,720.0,10736.8046875,50.4375
2014.0,7.0,1.0,0.0,23.4108333333,74.1395,20.82,85.2666666667,1.0,0.0,0.558333333333,50.1666666667,0.0,0.761625,720.0,10736.8046875,49.7291666667
2014.0,7.0,1.0,1.0,23.2858333333,73.9145,21.1825,87.8333333333,1.0,0.0,0.475,32.6666666667,0.0,0.742875,720.0,10736.8046875,48.7083333333
2014.0,7.0,1.0,2.0,23.205,73.769,20.9708333333,87.125,1.0,0.0333333333333,1.125,76.6666666667,0.0,0.73075,720.0,10736.8046875,48.4375
2014.0,7.0,1.0,3.0,22.73,72.914,20.8175,88.825,1.0,0.05,0.983333333333,127.583333333,0.0,0.6595,720.0,10736.8046875,48.0416666667
2014.0,7.0,1.0,4.0,22.605,72.689,20.3716666667,87.075,1.0,0.0333333333333,1.025,23.5,0.0,0.64075,720.0,10736.8046875,53.25
2014.0,7.0,1.0,5.0,22.6108333333,72.6995,20.4133333333,87.2833333333,17.75,0.0166666666667,0.791666666667,19.75,0.0,0.641625,720.0,10736.8046875,52.2916666667
2014.0,7.0,1.0,6.0,23.2316666667,73.817,20.8891666667,86.5666666667,58.8333333333,0.0333333333333,1.025,82.9166666667,0.0,0.73475,720.0,10736.8046875,51.9791666667
2014.0,7.0,1.0,7.0,24.3183333333,75.773,21.4658333333,84.0333333333,151.5,0.0166666666667,0.608333333333,40.6666666667,0.0,0.89775,720.0,10736.8046875,51.375
2014.0,7.0,1.0,8.0,27.9291666667,82.2725,21.2891666667,67.3,450.583333333,0.166666666667,2.275,19.5833333333,0.0,1.439375,720.0,10736.8046875,53.1875
2014.0,7.0,1.0,9.0,29.3541666667,84.8375,21.1166666667,61.2583333333,612.0,0.383333333333,3.225,35.5,0.0,1.653125,720.0,10736.8046875,56.8125
2014.0,7.0,1.0,10.0,31.29,88.322,21.0391666667,54.6,752.416666667,0.908333333333,4.225,45.5,0.0,1.9435,720.0,10736.8046875,57.6041666667
2014.0,7.0,1.0,11.0,32.3108333333,90.1595,21.4,52.6666666667,838.75,0.925,4.79166666667,47.25,0.0,2.096625,720.0,10736.8046875,60.5
2014.0,7.0,1.0,12.0,31.7766666667,89.198,21.935,56.1166666667,557.5,0.733333333333,4.225,44.5833333333,0.0,2.0165,720.0,10736.8046875,29.5
2014.0,7.0,1.0,13.0,33.64,92.552,21.4616666667,49.0166666667,884.916666667,1.3,5.76666666667,48.75,0.0,2.296,720.0,10736.8046875,0.0
2014.0,7.0,1.0,14.0,34.4783333333,94.061,21.4041666667,46.6416666667,778.0,1.41666666667,5.84166666667,37.5,0.0,2.42175,720.0,10736.8046875,0.0
2014.0,7.0,1.0,15.0,34.5658333333,94.2185,21.4683333333,46.65,588.666666667,1.04166666667,5.01666666667,57.1666666667,0.0,2.434875,720.0,10736.8046875,0.0
2014.0,7.0,1.0,16.0,34.9975,94.9955,21.3258333333,45.1416666667,564.25,1.075,5.38333333333,64.75,0.0,2.499625,720.0,10736.8046875,0.0
2014.0,7.0,1.0,17.0,33.305,91.949,21.4591666667,49.9833333333,243.333333333,0.633333333333,3.85833333333,57.3333333333,0.0,2.24575,720.0,10736.8046875,0.0
2014.0,7.0,1.0,18.0,32.4608333333,90.4295,21.9308333333,54.15,203.833333333,0.866666666667,4.375,214.25,0.0,2.119125,720.0,10736.8046875,0.0
2014.0,7.0,1.0,19.0,29.8925,85.8065,22.3058333333,63.85,52.75,1.1,4.99166666667,342.333333333,0.0,1.733875,720.0,10736.8046875,0.0
2014.0,7.0,1.0,20.0,28.1991666667,82.7585,22.5725,71.475,3.0,1.14166666667,4.94166666667,343.833333333,0.0,1.479875,720.0,10736.8046875,0.0
2014.0,7.0,1.0,21.0,27.5725,81.6305,22.8108333333,75.2,1.0,0.166666666667,2.38333333333,258.5,0.0,1.385875,720.0,10736.8046875,0.0
2014.0,7.0,1.0,22.0,26.8983333333,80.417,22.82,78.2666666667,1.0,0.241666666667,2.81666666667,203.583333333,0.0,1.28475,720.0,10736.8046875,0.0
2014.0,7.0,1.0,23.0,26.5725,79.8305,22.8108333333,79.7333333333,1.0,0.15,2.35833333333,41.5833333333,0.0,1.235875,720.0,10736.8046875,0.0
2014.0,7.0,2.0,0.0,26.2191666667,79.1945,22.5358333333,80.0666666667,1.0,0.183333333333,2.38333333333,69.1666666667,0.0,1.182875,720.0,10736.8046875,36.8333333333
2014.0,7.0,2.0,1.0,25.6833333333,78.23,22.1925,80.9333333333,1.0,0.308333333333,2.59166666667,39.5833333333,0.0,1.1025,720.0,10736.8046875,49.6875
2014.0,7.0,2.0,2.0,25.1641666667,77.2955,22.1,83.0083333333,1.0,0.0666666666667,1.34166666667,70.0,0.0,1.024625,720.0,10736.8046875,49.4166666667
2014.0,7.0,2.0,3.0,24.8916666667,76.805,22.3925,85.875,1.0,0.0166666666667,1.53333333333,46.3333333333,0.0,0.98375,720.0,10736.8046875,48.9166666667
2014.0,7.0,2.0,4.0,24.3725,75.8705,22.3025,88.1,1.0,0.0,0.6,280.333333333,0.0,0.905875,720.0,10736.8046875,53.9166666667
2014.0,7.0,2.0,5.0,24.4966666667,76.094,22.6625,89.375,11.5,0.0,0.408333333333,203.833333333,0.0,0.9245,720.0,10736.8046875,53.4166666667
2014.0,7.0,2.0,6.0,26.135,79.043,23.0166666667,82.875,111.25,0.0666666666667,1.58333333333,74.4166666667,0.0,1.17025,720.0,10736.8046875,53.0833333333
2014.0,7.0,2.0,7.0,28.1958333333,82.7525,23.145,74.1,263.333333333,0.216666666667,2.15833333333,18.3333333333,0.0,1.479375,720.0,10736.8046875,52.4375
2014.0,7.0,2.0,8.0,29.9675,85.9415,22.8283333333,65.6083333333,437.083333333,0.233333333333,2.53333333333,35.1666666667,0.0,1.745125,720.0,10736.8046875,53.3333333333
2014.0,7.0,2.0,9.0,31.0675,87.9215,23.1583333333,62.825,590.916666667,0.258333333333,2.0,62.9166666667,0.0,1.910125,720.0,10736.8046875,56.375
2014.0,7.0,2.0,10.0,33.4775,92.2595,23.4083333333,55.7916666667,743.083333333,0.241666666667,2.175,263.916666667,0.0,2.271625,720.0,10736.8046875,58.2916666667
2014.0,7.0,2.0,11.0,34.225,93.605,23.7208333333,54.4916666667,771.5,0.416666666667,3.3,277.916666667,0.0,2.38375,720.0,10736.8046875,59.8125
2014.0,7.0,2.0,12.0,35.4275,95.7695,23.9841666667,51.725,931.75,0.716666666667,4.125,236.25,0.0,2.564125,720.0,10736.8046875,58.5
2014.0,7.0,2.0,13.0,36.1341666667,97.0415,23.9791666667,49.7583333333,926.083333333,1.05,4.83333333333,153.666666667,0.0,2.670125,720.0,10736.8046875,58.5208333333
2014.0,7.0,2.0,14.0,35.7866666667,96.416,24.2158333333,51.4833333333,620.083333333,1.29166666667,5.575,98.4166666667,0.0,2.618,720.0,10736.8046875,58.9375
2014.0,7.0,2.0,15.0,36.335,97.403,24.0691666667,49.5666666667,636.666666667,1.18333333333,5.3,49.5833333333,0.0,2.70025,720.0,10736.8046875,58.8333333333
2014.0,7.0,2.0,16.0,35.9291666667,96.6725,24.1958333333,51.025,441.75,1.2,5.73333333333,124.916666667,0.0,2.639375,720.0,10736.8046875,19.0833333333
2014.0,7.0,2.0,17.0,34.805,94.649,24.2175,54.3583333333,317.333333333,1.25,5.675,206.166666667,0.0,2.47075,720.0,10736.8046875,0.0
2014.0,7.0,2.0,18.0,33.3491666667,92.0285,24.6208333333,60.3583333333,91.25,0.35,2.56666666667,89.3333333333,0.0,2.252375,720.0,10736.8046875,0.0
2014.0,7.0,2.0,19.0,29.7541666667,85.5575,22.9833333333,67.1333333333,10.3333333333,1.26666666667,5.73333333333,91.9166666667,0.0,1.713125,720.0,10736.8046875,0.0
2014.0,7.0,2.0,20.0,24.0916666667,75.365,-30.4966666667,8.4,2.33333333333,0.4,2.83333333333,81.75,0.0,0.86375,720.0,10736.8046875,0.0
2014.0,7.0,2.0,21.0,23.6516666667,74.573,-35.5825,1.0,1.0,0.0,0.0916666666667,278.75,0.0,0.79775,720.0,10736.8046875,0.0
2014.0,7.0,2.0,22.0,23.1641666667,73.6955,-35.8733333333,1.0,1.0,0.05,0.866666666667,282.583333333,0.0,0.724625,720.0,10736.8046875,0.0
2014.0,7.0,2.0,23.0,23.4175,74.1515,-35.7216666667,1.0,1.0,0.0,0.0,310.666666667,0.0,0.762625,720.0,10736.8046875,0.0
2014.0,7.0,3.0,0.0,24.135,75.443,-16.4616666667,28.6666666667,1.0,0.0333333333333,0.366666666667,202.333333333,0.0,0.87025,720.0,10736.8046875,0.0
2014.0,7.0,3.0,1.0,23.9108333333,75.0395,22.6591666667,92.5583333333,1.0,0.0,0.558333333333,120.75,0.0,0.836625,720.0,10736.8046875,0.0
2014.0,7.0,3.0,2.0,22.8141666667,73.0655,10.34,52.575,1.0,0.191666666667,1.3,239.0,0.0,0.672125,720.0,10736.8046875,0.0
2014.0,7.0,3.0,3.0,23.0008333333,73.4015,-2.7775,44.3,1.0,0.05,0.733333333333,91.8333333333,0.0,0.700125,720.0,10736.8046875,0.0
2014.0,7.0,3.0,4.0,23.39,74.102,22.52,94.7083333333,1.0,0.0333333333333,0.55,147.833333333,0.0,0.7585,720.0,10736.8046875,0.0
2014.0,7.0,3.0,5.0,23.105,73.589,22.5116666667,96.2916666667,5.91666666667,0.275,2.00833333333,342.916666667,0.0,0.71575,720.0,10736.8046875,0.0
2014.0,7.0,3.0,6.0,23.7775,74.7995,22.0208333333,89.8166666667,103.416666667,0.116666666667,1.33333333333,105.583333333,0.0,0.816625,720.0,10736.8046875,0.0
2014.0,7.0,3.0,7.0,25.3058333333,77.5505,22.1341666667,82.5666666667,180.916666667,0.0833333333333,1.26666666667,66.8333333333,0.0,1.045875,720.0,10736.8046875,0.0
2014.0,7.0,3.0,8.0,26.2983333333,79.337,22.23,78.4,341.25,0.466666666667,2.175,77.25,0.0,1.19475,720.0,10736.8046875,0.0
2014.0,7.0,3.0,9.0,28.1383333333,82.649,22.6125,71.9916666667,595.333333333,0.825,3.35,45.5,0.0,1.47075,720.0,10736.8046875,0.0
2014.0,7.0,3.0,10.0,29.2858333333,84.7145,23.1916666667,69.7166666667,616.166666667,0.733333333333,3.11666666667,61.0833333333,0.0,1.642875,720.0,10736.8046875,0.0
2014.0,7.0,3.0,11.0,31.4375,88.5875,23.2108333333,61.7416666667,876.083333333,0.766666666667,3.49166666667,54.9166666667,0.0,1.965625,720.0,10736.8046875,0.0
2014.0,7.0,3.0,12.0,32.2641666667,90.0755,23.3316666667,59.3833333333,776.166666667,0.516666666667,3.46666666667,134.583333333,0.0,2.089625,720.0,10736.8046875,0.0
2014.0,7.0,3.0,13.0,32.5766666667,90.638,23.8133333333,60.0083333333,560.0,0.658333333333,3.58333333333,175.916666667,0.0,2.1365,720.0,10736.8046875,0.0
2014.0,7.0,3.0,14.0,32.5541666667,90.5975,24.1216666667,61.2,550.916666667,0.941666666667,4.28333333333,198.666666667,0.0,2.133125,720.0,10736.8046875,0.0
2014.0,7.0,3.0,15.0,34.0958333333,93.3725,24.1241666667,56.2333333333,663.666666667,0.9,4.26666666667,143.416666667,0.0,2.364375,720.0,10736.8046875,0.0
2014.0,7.0,3.0,16.0,34.1075,93.3935,24.3575,56.95,442.0,0.866666666667,4.38333333333,80.5,0.0,2.366125,720.0,10736.8046875,0.0
2014.0,7.0,3.0,17.0,32.1691666667,89.9045,24.6733333333,64.65,197.833333333,0.75,4.45,42.75,0.0,2.075375,720.0,10736.8046875,0.0
2014.0,7.0,3.0,18.0,28.5808333333,83.4455,9.51666666667,53.3416666667,25.75,2.4,8.61666666667,57.6666666667,0.0,1.537125,720.0,10736.8046875,0.0
2014.0,7.0,3.0,19.0,21.715,71.087,-24.1508333333,18.5416666667,21.6666666667,0.558333333333,2.49166666667,59.5,0.0,0.50725,720.0,10736.8046875,0.0
2014.0,7.0,3.0,20.0,23.0791666667,73.5425,20.915,87.55,1.75,0.391666666667,2.0,77.5833333333,0.0,0.711875,720.0,10736.8046875,0.0
2014.0,7.0,3.0,21.0,23.25,73.85,20.6316666667,85.1083333333,1.0,0.0166666666667,0.566666666667,125.333333333,0.0,0.7375,720.0,10736.8046875,0.0
2014.0,7.0,3.0,22.0,23.1841666667,73.7315,20.8383333333,86.5333333333,1.0,0.0,0.0,181.916666667,0.0,0.727625,720.0,10736.8046875,0.0
2014.0,7.0,3.0,23.0,23.2991666667,73.9385,20.9025,86.275,1.0,0.0,0.0,190.75,0.0,0.744875,720.0,10736.8046875,0.0
2014.0,7.0,4.0,0.0,22.1883333333,71.939,18.2091666667,78.275,1.0,0.0,0.0666666666667,318.916666667,0.0,0.57825,720.0,10736.8046875,0.0
2014.0,7.0,4.0,1.0,22.5291666667,72.5525,21.9125,96.1666666667,1.0,0.0,0.0,70.3333333333,0.0,0.629375,720.0,10736.8046875,0.0
2014.0,7.0,4.0,2.0,22.8408333333,73.1135,21.8325,93.8916666667,1.0,0.0333333333333,0.616666666667,126.083333333,0.0,0.676125,720.0,10736.8046875,0.0
2014.0,7.0,4.0,3.0,22.6375,72.7475,21.67,94.1,1.0,0.0166666666667,0.733333333333,137.75,0.0,0.645625,720.0,10736.8046875,0.0
2014.0,7.0,4.0,4.0,22.5616666667,72.611,21.495,93.5416666667,1.0,0.258333333333,2.2,134.5,0.0,0.63425,720.0,10736.8046875,0.0
2014.0,7.0,4.0,5.0,22.3158333333,72.1685,21.0108333333,92.175,5.25,0.458333333333,3.025,133.416666667,0.0,0.597375,720.0,10736.8046875,0.0
2014.0,7.0,4.0,6.0,22.135,71.843,19.7441666667,86.2416666667,62.0833333333,0.975,4.76666666667,159.25,0.0,0.57025,720.0,10736.8046875,0.0
2014.0,7.0,4.0,7.0,21.9858333333,71.5745,17.8383333333,77.2333333333,164.083333333,1.4,5.88333333333,156.166666667,0.0,0.547875,720.0,10736.8046875,0.0
2014.0,7.0,4.0,8.0,21.955,71.519,17.4016666667,75.3166666667,183.166666667,1.95833333333,6.80833333333,163.25,0.0,0.54325,720.0,10736.8046875,44.8958333333
2014.0,7.0,4.0,9.0,21.2875,70.3175,17.4133333333,78.4833333333,99.5,1.65833333333,6.95,160.75,0.0,0.443125,720.0,10736.8046875,49.875
2014.0,7.0,4.0,10.0,19.9333333333,67.88,18.3525,90.6166666667,178.5,0.825,4.675,143.666666667,0.0,0.24,720.0,10736.8046875,51.3958333333
2014.0,7.0,4.0,11.0,21.2266666667,70.208,17.8258333333,80.875,324.0,2.4,7.19166666667,163.666666667,0.0,0.434,720.0,10736.8046875,53.1041666667
2014.0,7.0,4.0,12.0,22.145,71.861,17.4083333333,74.4583333333,418.583333333,2.425,7.85,156.166666667,0.0,0.57175,720.0,10736.8046875,53.6458333333
2014.0,7.0,4.0,13.0,20.5791666667,69.0425,16.9775,79.7583333333,107.666666667,1.95,7.39166666667,135.833333333,0.0,0.336875,720.0,10736.8046875,53.3541666667
2014.0,7.0,4.0,14.0,22.8458333333,73.1225,16.13,66.1166666667,531.5,2.25,8.08333333333,155.25,0.0,0.676875,720.0,10736.8046875,52.9375
2014.0,7.0,4.0,15.0,25.3125,77.5625,14.8583333333,52.3833333333,689.166666667,1.86666666667,8.0,127.583333333,0.0,1.046875,720.0,10736.8046875,52.0833333333
2014.0,7.0,4.0,16.0,25.2866666667,77.516,13.4933333333,48.0583333333,447.416666667,2.88333333333,8.65,119.916666667,0.0,1.043,720.0,10736.8046875,52.0
2014.0,7.0,4.0,17.0,26.3175,79.3715,12.1925,41.525,484.083333333,1.825,7.56666666667,119.5,0.0,1.197625,720.0,10736.8046875,50.4583333333
2014.0,7.0,4.0,18.0,24.6341666667,76.3415,10.7558333333,41.6666666667,252.666666667,2.35,8.40833333333,109.166666667,0.0,0.945125,720.0,10736.8046875,50.5625
2014.0,7.0,4.0,19.0,23.3333333333,74.0,10.3525,43.9333333333,100.5,1.95,7.0,117.5,0.0,0.75,720.0,10736.8046875,50.7916666667
2014.0,7.0,4.0,20.0,21.3983333333,70.517,10.2616666667,49.0,3.58333333333,0.841666666667,5.49166666667,111.666666667,0.0,0.45975,720.0,10736.8046875,50.625
2014.0,7.0,4.0,21.0,20.7658333333,69.3785,10.1183333333,50.4666666667,1.0,0.675,4.0,106.583333333,0.0,0.364875,720.0,10736.8046875,50.3958333333
2014.0,7.0,4.0,22.0,19.9975,67.9955,10.3316666667,53.6666666667,1.0,0.15,2.50833333333,92.6666666667,0.0,0.249625,720.0,10736.8046875,47.8333333333
2014.0,7.0,4.0,23.0,19.5608333333,67.2095,9.99416666667,53.9083333333,1.0,0.258333333333,3.21666666667,91.75,0.0,0.184125,720.0,10736.8046875,46.6458333333
2014.0,7.0,5.0,0.0,19.2608333333,66.6695,9.70583333333,53.875,1.0,0.466666666667,4.28333333333,91.6666666667,0.0,0.139125,0.0,10736.8046875,22.1666666667
2014.0,7.0,5.0,1.0,18.7991666667,65.8385,9.53333333333,54.8083333333,1.0,0.4,4.1,93.5833333333,0.0,0.069875,0.0,10736.8046875,0.0
2014.0,7.0,5.0,2.0,18.3491666667,65.0285,9.68166666667,56.9416666667,1.0,0.375,3.775,88.75,0.010375,0.01275,0.0,10736.8046875,0.0
2014.0,7.0,5.0,3.0,17.8966666667,64.214,9.865,59.3083333333,1.0,0.425,3.71666666667,100.166666667,0.0655,0.0,0.0,10736.8046875,0.0
2014.0,7.0,5.0,4.0,17.4408333333,63.3935,10.1583333333,62.25,1.0,0.458333333333,3.31666666667,86.6666666667,0.133875,0.0,0.0,10736.8046875,0.0
2014.0,7.0,5.0,5.0,17.3858333333,63.2945,10.5133333333,63.975,13.5,0.508333333333,4.21666666667,90.5,0.142125,0.0,0.0,10736.8046875,45.125
2014.0,7.0,5.0,6.0,18.7208333333,65.6975,10.4291666667,58.5,140.583333333,0.491666666667,3.875,85.5,0.0025,0.060625,0.0,10736.8046875,49.3541666667
2014.0,7.0,5.0,7.0,20.4933333333,68.888,10.3908333333,52.2833333333,313.666666667,0.558333333333,4.15833333333,100.25,0.0,0.324,0.0,10736.8046875,48.25
2014.0,7.0,5.0,8.0,21.5358333333,70.7645,10.4608333333,49.2666666667,494.75,1.325,6.175,114.25,0.0,0.480375,0.0,10736.8046875,48.1041666667
2014.0,7.0,5.0,9.0,23.0441666667,73.4795,10.695,45.6666666667,665.583333333,1.16666666667,5.45,122.5,0.0,0.706625,0.0,10736.8046875,48.375
2014.0,7.0,5.0,10.0,24.9066666667,76.832,10.5991666667,40.575,811.833333333,0.9,5.3,115.833333333,0.0,0.986,0.0,10736.8046875,48.1458333333
2014.0,7.0,5.0,11.0,26.3175,79.3715,10.3841666667,36.7916666667,949.916666667,0.933333333333,5.375,133.666666667,0.0,1.197625,0.0,10736.8046875,48.7708333333
2014.0,7.0,5.0,12.0,27.7616666667,81.971,9.98083333333,32.9166666667,1002.16666667,0.883333333333,4.675,128.5,0.0,1.41425,0.0,10736.8046875,50.4791666667
2014.0,7.0,5.0,13.0,28.1758333333,82.7165,9.85333333333,31.85,991.083333333,0.55,3.2,114.083333333,0.0,1.476375,0.0,10736.8046875,50.7083333333
2014.0,7.0,5.0,14.0,28.6625,83.5925,10.1791666667,31.6666666667,908.083333333,0.566666666667,3.325,103.666666667,0.0,1.549375,0.0,10736.8046875,51.2708333333
2014.0,7.0,5.0,15.0,29.8333333333,85.7,10.44,30.1,772.75,0.458333333333,3.26666666667,76.0833333333,0.0,1.725,0.0,10736.8046875,51.2291666667
2014.0,7.0,5.0,16.0,29.5825,85.2485,10.2425,30.15,629.166666667,0.633333333333,3.65,82.6666666667,0.0,1.687375,0.0,10736.8046875,52.0625
2014.0,7.0,5.0,17.0,29.6008333333,85.2815,10.3475,30.3166666667,458.5,0.525,3.525,80.5,0.0,1.690125,0.0,10736.8046875,50.625
2014.0,7.0,5.0,18.0,28.2333333333,82.82,10.3316666667,32.7666666667,277.166666667,1.19166666667,5.08333333333,72.75,0.0,1.485,0.0,10736.8046875,51.0833333333
2014.0,7.0,5.0,19.0,26.6858333333,80.0345,10.1691666667,35.5333333333,97.0833333333,0.441666666667,3.1,69.5833333333,0.0,1.252875,0.0,10736.8046875,51.4166666667
2014.0,7.0,5.0,20.0,24.4983333333,76.097,11.1866666667,43.2166666667,2.91666666667,0.0833333333333,1.01666666667,67.6666666667,0.0,0.92475,0.0,10736.8046875,51.9166666667
2014.0,7.0,5.0,21.0,23.475,74.255,11.56,47.0916666667,1.0,0.0333333333333,1.00833333333,67.0833333333,0.0,0.77125,0.0,10736.8046875,50.8333333333
2014.0,7.0,5.0,22.0,22.46,72.428,11.8858333333,51.1666666667,1.0,0.0,0.408333333333,64.75,0.0,0.619,0.0,10736.8046875,47.5
2014.0,7.0,5.0,23.0,21.4941666667,70.6895,12.4883333333,56.475,1.0,0.0,0.341666666667,65.4166666667,0.0,0.474125,0.0,10736.8046875,47.2916666667
2014.0,7.0,6.0,0.0,20.655,69.179,13.2275,62.3916666667,1.0,0.0,0.466666666667,67.5,0.0,0.34825,0.0,10736.8046875,1.0
2014.0,7.0,6.0,1.0,20.0541666667,68.0975,13.88,67.5416666667,1.0,0.0,0.0666666666667,66.1666666667,0.0,0.258125,0.0,10736.8046875,0.0
2014.0,7.0,6.0,2.0,19.4841666667,67.0715,14.3341666667,72.0666666667,1.0,0.0,0.375,68.0,0.0,0.172625,0.0,10736.8046875,0.0
2014.0,7.0,6.0,3.0,19.0333333333,66.26,13.7558333333,71.3833333333,1.0,0.0,0.2,57.5833333333,0.0,0.105,0.0,10736.8046875,0.0
2014.0,7.0,6.0,4.0,18.4333333333,65.18,13.1808333333,71.3916666667,1.0,0.0,0.0666666666667,57.75,0.002875,0.017875,0.0,10736.8046875,0.0
2014.0,7.0,6.0,5.0,18.7808333333,65.8055,12.7925,68.15,25.0,0.0,0.341666666667,52.8333333333,0.00191666666667,0.0690416666667,0.0,10736.8046875,0.0
2014.0,7.0,6.0,6.0,20.1225,68.2205,12.685,62.3,144.25,0.0166666666667,0.5,55.5,0.0,0.268375,0.0,10736.8046875,0.0
2014.0,7.0,6.0,7.0,22.0191666667,71.6345,13.0508333333,56.7333333333,270.083333333,0.0666666666667,1.01666666667,53.75,0.0,0.552875,0.0,10736.8046875,0.0
2014.0,7.0,6.0,8.0,23.7716666667,74.789,12.7516666667,50.0583333333,468.333333333,0.741666666667,3.46666666667,62.6666666667,0.0,0.81575,0.0,10736.8046875,0.0
2014.0,7.0,6.0,9.0,26.065,78.917,13.355,45.425,658.416666667,0.625,3.575,59.5833333333,0.0,1.15975,0.0,10736.8046875,0.0
2014.0,7.0,6.0,10.0,28.0466666667,82.484,14.7408333333,44.225,761.416666667,0.316666666667,2.70833333333,32.5833333333,0.0,1.457,0.0,10736.8046875,0.0
2014.0,7.0,6.0,11.0,28.9741666667,84.1535,14.8891666667,42.3666666667,901.083333333,0.525,3.85,28.5,0.0,1.596125,0.0,10736.8046875,0.0
2014.0,7.0,6.0,12.0,30.0658333333,86.1185,13.6608333333,36.8333333333,1001.58333333,0.858333333333,4.70833333333,33.75,0.0,1.759875,0.0,10736.8046875,0.0
2014.0,7.0,6.0,13.0,30.0608333333,86.1095,13.4675,36.2916666667,984.666666667,1.19166666667,5.45833333333,35.0833333333,0.0,1.759125,0.0,10736.8046875,0.0
2014.0,7.0,6.0,14.0,30.9725,87.7505,14.1491666667,36.0333333333,854.75,0.916666666667,5.56666666667,34.8333333333,0.0,1.895875,0.0,10736.8046875,0.0
2014.0,7.0,6.0,15.0,29.8275,85.6895,14.0458333333,38.1666666667,586.25,0.841666666667,4.56666666667,38.0,0.0,1.724125,0.0,10736.8046875,0.0
2014.0,7.0,6.0,16.0,30.2216666667,86.399,14.5666666667,38.65,494.666666667,0.683333333333,4.75833333333,30.5,0.0,1.78325,0.0,10736.8046875,0.0
2014.0,7.0,6.0,17.0,28.8583333333,83.945,14.875,42.575,288.416666667,0.516666666667,3.63333333333,48.5,0.0,1.57875,0.0,10736.8046875,0.0
2014.0,7.0,6.0,18.0,29.9183333333,85.853,15.0591666667,40.5583333333,241.666666667,0.35,2.65,40.1666666667,0.0,1.73775,0.0,10736.8046875,0.0
2014.0,7.0,6.0,19.0,28.1425,82.6565,15.6916666667,46.9166666667,88.9166666667,0.141666666667,1.825,48.9166666667,0.0,1.471375,0.0,10736.8046875,0.0
2014.0,7.0,6.0,20.0,26.0175,78.8315,15.785,53.2333333333,2.08333333333,0.0166666666667,0.675,44.4166666667,0.0,1.152625,0.0,10736.8046875,0.0
2014.0,7.0,6.0,21.0,25.5633333333,78.014,16.695,57.9833333333,1.0,0.0666666666667,1.375,20.8333333333,0.0,1.0845,0.0,10736.8046875,0.0
2014.0,7.0,6.0,22.0,24.6041666667,76.2875,17.375,64.0833333333,1.0,0.0,0.758333333333,51.8333333333,0.0,0.940625,0.0,10736.8046875,0.0
2014.0,7.0,6.0,23.0,23.7866666667,74.816,17.6066666667,68.25,1.0,0.0833333333333,1.55,58.3333333333,0.0,0.818,0.0,10736.8046875,0.0
2014.0,7.0,7.0,0.0,23.4208333333,74.1575,17.5958333333,69.725,1.0,0.133333333333,2.04166666667,39.4166666667,0.0,0.763125,720.0,10736.8046875,36.6666666667
2014.0,7.0,7.0,1.0,22.94,73.292,17.9366666667,73.3333333333,1.0,0.2,2.35,16.1666666667,0.0,0.691,720.0,10736.8046875,48.4166666667
2014.0,7.0,7.0,2.0,23.0141666667,73.4255,18.5008333333,75.6333333333,1.0,0.283333333333,2.89166666667,14.9166666667,0.0,0.702125,720.0,10736.8046875,48.1458333333
2014.0,7.0,7.0,3.0,22.94,73.292,18.6233333333,76.5583333333,1.0,0.0333333333333,1.29166666667,47.0,0.0,0.691,720.0,10736.8046875,48.0625
2014.0,7.0,7.0,4.0,22.8175,73.0715,18.5883333333,76.9583333333,1.0,0.0166666666667,0.85,72.25,0.0,0.672625,720.0,10736.8046875,53.25
2014.0,7.0,7.0,5.0,22.7691666667,72.9845,18.5825,77.1666666667,2.66666666667,0.0333333333333,1.03333333333,55.5,0.0,0.665375,720.0,10736.8046875,51.6875
2014.0,7.0,7.0,6.0,23.0208333333,73.4375,18.6508333333,76.3166666667,53.4166666667,0.0166666666667,0.816666666667,55.0,0.0,0.703125,720.0,10736.8046875,51.5833333333
2014.0,7.0,7.0,7.0,24.5875,76.2575,18.4383333333,68.6916666667,270.333333333,0.291666666667,3.23333333333,54.3333333333,0.0,0.938125,720.0,10736.8046875,51.6666666667
2014.0,7.0,7.0,8.0,26.4966666667,79.694,18.7341666667,62.45,427.0,0.241666666667,2.53333333333,52.1666666667,0.0,1.2245,720.0,10736.8046875,52.625
2014.0,7.0,7.0,9.0,28.6608333333,83.5895,19.1491666667,56.525,510.166666667,0.0833333333333,2.025,36.1666666667,0.0,1.549125,720.0,10736.8046875,56.0
2014.0,7.0,7.0,10.0,30.3141666667,86.5655,18.7408333333,50.0416666667,747.916666667,0.683333333333,3.39166666667,46.6666666667,0.0,1.797125,720.0,10736.8046875,57.8125
2014.0,7.0,7.0,11.0,31.7991666667,89.2385,19.1733333333,47.2416666667,867.333333333,1.06666666667,4.65,46.8333333333,0.0,2.019875,720.0,10736.8046875,57.75
2014.0,7.0,7.0,12.0,33.5516666667,92.393,18.3791666667,40.7083333333,1000.16666667,1.19166666667,5.73333333333,41.5,0.0,2.28275,720.0,10736.8046875,58.2291666667
2014.0,7.0,7.0,13.0,33.74,92.732,18.3775,40.2833333333,937.333333333,1.75,6.725,44.5,0.0,2.311,720.0,10736.8046875,57.3958333333
2014.0,7.0,7.0,14.0,33.99,93.182,18.5666666667,40.1916666667,841.25,1.38333333333,6.96666666667,50.3333333333,0.0,2.3485,720.0,10736.8046875,57.4375
2014.0,7.0,7.0,15.0,33.77,92.786,18.6366666667,40.8666666667,716.666666667,2.01666666667,7.6,53.0833333333,0.0,2.3155,720.0,10736.8046875,57.4166666667
2014.0,7.0,7.0,16.0,33.8258333333,92.8865,18.1775,39.6,584.0,2.2,8.26666666667,47.9166666667,0.0,2.323875,720.0,10736.8046875,58.6041666667
2014.0,7.0,7.0,17.0,33.6458333333,92.5625,18.1675,39.95,424.0,1.20833333333,6.1,54.75,0.0,2.296875,720.0,10736.8046875,58.125
2014.0,7.0,7.0,18.0,32.8983333333,91.217,18.0383333333,41.3666666667,240.083333333,0.891666666667,5.85833333333,48.5833333333,0.0,2.18475,720.0,10736.8046875,56.0625
2014.0,7.0,7.0,19.0,30.8941666667,87.6095,18.95,49.05,76.8333333333,0.491666666667,4.13333333333,49.4166666667,0.0,1.884125,720.0,10736.8046875,56.125
2014.0,7.0,7.0,20.0,29.1916666667,84.545,19.4241666667,55.625,1.91666666667,0.108333333333,1.725,55.3333333333,0.0,1.62875,720.0,10736.8046875,57.4583333333
2014.0,7.0,7.0,21.0,28.53,83.354,19.9675,59.7916666667,1.0,0.0,0.541666666667,49.8333333333,0.0,1.5295,720.0,10736.8046875,55.125
2014.0,7.0,7.0,22.0,27.7691666667,81.9845,20.4408333333,64.3333333333,1.0,0.05,1.25,58.5,0.0,1.415375,720.0,10736.8046875,52.2083333333
2014.0,7.0,7.0,23.0,27.1683333333,80.903,20.4358333333,66.6083333333,1.0,0.1,1.86666666667,57.6666666667,0.0,1.32525,720.0,10736.8046875,50.6041666667
2014.0,7.0,8.0,0.0,26.6633333333,79.994,20.4141666667,68.5166666667,1.0,0.25,2.26666666667,58.9166666667,0.0,1.2495,720.0,10736.8046875,4.08333333333
2014.0,7.0,8.0,1.0,26.095,78.971,20.48,71.1416666667,1.0,0.0,0.833333333333,60.3333333333,0.0,1.16425,720.0,10736.8046875,0.0
2014.0,7.0,8.0,2.0,25.4833333333,77.87,20.4391666667,73.575,1.0,0.0166666666667,0.375,63.8333333333,0.0,1.0725,720.0,10736.8046875,0.0
2014.0,7.0,8.0,3.0,24.8533333333,76.736,20.5258333333,76.8,1.0,0.0,0.141666666667,43.8333333333,0.0,0.978,720.0,10736.8046875,0.0
2014.0,7.0,8.0,4.0,24.4666666667,76.04,20.7008333333,79.4333333333,1.0,0.0,0.2,60.3333333333,0.0,0.92,720.0,10736.8046875,0.0
2014.0,7.0,8.0,5.0,24.2341666667,75.6215,20.6933333333,80.5333333333,10.75,0.0,0.491666666667,30.75,0.0,0.885125,720.0,10736.8046875,0.0
2014.0,7.0,8.0,6.0,25.1608333333,77.2895,20.4491666667,75.0583333333,119.583333333,0.308333333333,3.06666666667,60.25,0.0,1.024125,720.0,10736.8046875,0.0
2014.0,7.0,8.0,7.0,27.1466666667,80.864,20.5675,67.2833333333,271.166666667,0.0833333333333,1.6,48.6666666667,0.0,1.322,720.0,10736.8046875,0.0
2014.0,7.0,8.0,8.0,29.1375,84.4475,20.3275,59.1083333333,414.583333333,0.158333333333,1.70833333333,42.5,0.0,1.620625,720.0,10736.8046875,4.66666666667
2014.0,7.0,8.0,9.0,31.3133333333,88.364,20.5025,52.85,560.083333333,0.0166666666667,0.625,26.6666666667,0.0,1.947,720.0,10736.8046875,48.0208333333
2014.0,7.0,8.0,10.0,33.355,92.039,20.3925,46.6666666667,732.5,0.0833333333333,1.31666666667,24.3333333333,0.0,2.25325,720.0,10736.8046875,57.8125
2014.0,7.0,8.0,11.0,34.0633333333,93.314,20.6266666667,45.525,851.0,0.333333333333,3.24166666667,20.25,0.0,2.3595,720.0,10736.8046875,59.1666666667
2014.0,7.0,8.0,12.0,34.8766666667,94.778,20.4058333333,42.9166666667,927.25,0.6,3.79166666667,36.4166666667,0.0,2.4815,720.0,10736.8046875,59.2083333333
2014.0,7.0,8.0,13.0,35.425,95.765,20.7208333333,42.4416666667,909.583333333,0.65,4.41666666667,62.1666666667,0.0,2.56375,720.0,10736.8046875,60.2291666667
2014.0,7.0,8.0,14.0,35.5666666667,96.02,21.0066666667,42.8416666667,837.333333333,0.991666666667,5.54166666667,35.1666666667,0.0,2.585,720.0,10736.8046875,58.9166666667
2014.0,7.0,8.0,15.0,35.0325,95.0585,21.0316666667,44.2,640.333333333,1.55,6.75833333333,44.0833333333,0.0,2.504875,720.0,10736.8046875,58.7916666667
2014.0,7.0,8.0,16.0,35.6858333333,96.2345,21.2416666667,43.1916666667,555.083333333,0.958333333333,5.56666666667,41.6666666667,0.0,2.602875,720.0,10736.8046875,59.0833333333
2014.0,7.0,8.0,17.0,34.5366666667,94.166,20.6825,44.4416666667,380.25,1.19166666667,6.40833333333,49.4166666667,0.0,2.4305,720.0,10736.8046875,58.2708333333
2014.0,7.0,8.0,18.0,32.52,90.536,21.01,50.8,105.666666667,0.883333333333,5.43333333333,41.3333333333,0.0,2.128,720.0,10736.8046875,56.8958333333
2014.0,7.0,8.0,19.0,31.8341666667,89.3015,21.8458333333,55.5333333333,53.9166666667,0.766666666667,5.09166666667,22.6666666667,0.0,2.025125,720.0,10736.8046875,56.0833333333
2014.0,7.0,8.0,20.0,24.945,76.901,-8.2325,30.7916666667,2.5,2.75833333333,9.125,41.9166666667,0.0,0.99175,720.0,10736.8046875,57.5
2014.0,7.0,8.0,21.0,21.4608333333,70.6295,-10.6716666667,37.9666666667,1.0,0.691666666667,3.925,64.1666666667,0.0,0.469125,720.0,10736.8046875,56.1041666667
2014.0,7.0,8.0,22.0,22.3758333333,72.2765,20.405,88.4833333333,1.0,0.15,1.51666666667,59.8333333333,0.0,0.606375,720.0,10736.8046875,53.6875
2014.0,7.0,8.0,23.0,22.2325,72.0185,20.4141666667,89.3083333333,1.0,0.333333333333,2.55833333333,54.0833333333,0.0,0.584875,720.0,10736.8046875,51.5625
2014.0,7.0,9.0,0.0,22.0825,71.7485,20.4725,90.45,1.0,0.291666666667,2.26666666667,63.3333333333,0.0,0.562375,720.0,10736.8046875,50.1458333333
2014.0,7.0,9.0,1.0,22.0675,71.7215,20.7483333333,92.0833333333,1.0,0.158333333333,1.59166666667,62.6666666667,0.0,0.560125,720.0,10736.8046875,50.7291666667
2014.0,7.0,9.0,2.0,21.8491666667,71.3285,20.78,93.4833333333,1.0,0.233333333333,2.09166666667,67.75,0.0,0.527375,720.0,10736.8046875,50.1041666667
2014.0,7.0,9.0,3.0,22.1041666667,71.7875,21.2466666667,94.725,1.0,0.283333333333,2.11666666667,67.5833333333,0.0,0.565625,720.0,10736.8046875,49.4583333333
2014.0,7.0,9.0,4.0,22.4308333333,72.3755,21.4458333333,94.0,1.0,0.166666666667,1.51666666667,76.8333333333,0.0,0.614625,720.0,10736.8046875,55.4791666667
2014.0,7.0,9.0,5.0,22.2666666667,72.08,21.2225,93.6583333333,7.83333333333,0.0,0.125,83.5833333333,0.0,0.59,720.0,10736.8046875,53.8541666667
2014.0,7.0,9.0,6.0,23.5841666667,74.4515,21.13,86.075,96.5,0.0,0.0833333333333,72.4166666667,0.0,0.787625,720.0,10736.8046875,54.0833333333
2014.0,7.0,9.0,7.0,25.5583333333,78.005,20.8233333333,75.0333333333,289.5,0.15,1.24166666667,69.9166666667,0.0,1.08375,720.0,10736.8046875,53.5208333333
2014.0,7.0,9.0,8.0,28.1691666667,82.7045,20.3141666667,62.55,521.416666667,0.0666666666667,0.775,62.75,0.0,1.475375,720.0,10736.8046875,54.4583333333
2014.0,7.0,9.0,9.0,29.3541666667,84.8375,20.0575,57.475,555.833333333,0.25,1.45,58.0,0.0,1.653125,720.0,10736.8046875,57.6458333333
2014.0,7.0,9.0,10.0,29.9058333333,85.8305,19.2991666667,53.1666666667,549.75,0.241666666667,2.1,129.083333333,0.0,1.735875,720.0,10736.8046875,58.2083333333
2014.0,7.0,9.0,11.0,31.2541666667,88.2575,18.3325,46.3333333333,738.333333333,0.375,2.51666666667,66.6666666667,0.0,1.938125,720.0,10736.8046875,59.6041666667
2014.0,7.0,9.0,12.0,31.4741666667,88.6535,19.1116666667,47.95,957.833333333,1.525,5.61666666667,60.1666666667,0.0,1.971125,720.0,10736.8046875,59.25
2014.0,7.0,9.0,13.0,33.0141666667,91.4255,19.94,46.4166666667,844.583333333,0.841666666667,4.45,30.6666666667,0.0,2.202125,720.0,10736.8046875,59.25
2014.0,7.0,9.0,14.0,31.9091666667,89.4365,20.0816666667,49.6666666667,741.916666667,0.825,4.6,42.8333333333,0.0,2.036375,720.0,10736.8046875,60.125
2014.0,7.0,9.0,15.0,33.1758333333,91.7165,19.6916666667,45.1666666667,767.75,1.25833333333,5.01666666667,49.75,0.0,2.226375,720.0,10736.8046875,59.7708333333
2014.0,7.0,9.0,16.0,31.4375,88.5875,20.5116666667,52.475,386.666666667,1.00833333333,4.89166666667,54.1666666667,0.0,1.965625,720.0,10736.8046875,59.5625
2014.0,7.0,9.0,17.0,29.3591666667,84.8465,20.0516666667,57.275,85.25,0.608333333333,3.89166666667,51.75,0.0,1.653875,720.0,10736.8046875,57.9791666667
2014.0,7.0,9.0,18.0,29.0216666667,84.239,19.7925,57.4666666667,100.666666667,1.0,5.00833333333,62.25,0.0,1.60325,720.0,10736.8046875,55.3958333333
2014.0,7.0,9.0,19.0,28.3925,83.1065,20.425,62.0333333333,57.5,0.375,2.98333333333,59.9166666667,0.0,1.508875,720.0,10736.8046875,57.1041666667
2014.0,7.0,9.0,20.0,27.3766666667,81.278,21.9083333333,72.025,7.58333333333,0.0333333333333,0.941666666667,59.6666666667,0.0,1.3565,720.0,10736.8046875,56.4375
2014.0,7.0,9.0,21.0,26.795,80.231,22.74,78.3666666667,1.0,0.0166666666667,0.458333333333,51.6666666667,0.0,1.26925,720.0,10736.8046875,55.0625
2014.0,7.0,9.0,22.0,26.1791666667,79.1225,22.6258333333,80.6916666667,1.0,0.133333333333,1.50833333333,48.0,0.0,1.176875,720.0,10736.8046875,52.0625
2014.0,7.0,9.0,23.0,25.2466666667,77.444,22.5058333333,84.675,1.0,0.166666666667,2.30833333333,62.1666666667,0.0,1.037,720.0,10736.8046875,50.0625
2014.0,7.0,10.0,0.0,25.0575,77.1035,22.6125,86.175,1.0,0.0,0.5,61.8333333333,0.0,1.008625,720.0,10736.8046875,50.1458333333
2014.0,7.0,10.0,1.0,24.9416666667,76.895,22.1583333333,84.425,1.0,0.05,0.816666666667,89.5833333333,0.0,0.99125,720.0,10736.8046875,49.1041666667
2014.0,7.0,10.0,2.0,24.5191666667,76.1345,21.7066666667,84.2166666667,1.0,0.0,0.125,78.25,0.0,0.927875,720.0,10736.8046875,49.125
2014.0,7.0,10.0,3.0,24.2225,75.6005,21.5541666667,84.9416666667,1.0,0.0,0.0,59.1666666667,0.0,0.883375,720.0,10736.8046875,48.5416666667
2014.0,7.0,10.0,4.0,24.3175,75.7715,21.0091666667,81.7666666667,1.0,0.0166666666667,0.358333333333,140.75,0.0,0.897625,720.0,10736.8046875,53.75
2014.0,7.0,10.0,5.0,23.9933333333,75.188,18.5325,71.45,6.41666666667,0.1,1.13333333333,215.583333333,0.0,0.849,720.0,10736.8046875,52.8958333333
2014.0,7.0,10.0,6.0,24.1741666667,75.5135,18.19,69.1916666667,85.5833333333,0.0666666666667,1.3,204.416666667,0.0,0.876125,720.0,10736.8046875,52.2083333333
2014.0,7.0,10.0,7.0,24.7916666667,76.625,17.6816666667,64.5666666667,187.166666667,0.25,2.1,206.333333333,0.0,0.96875,720.0,10736.8046875,52.125
2014.0,7.0,10.0,8.0,25.8916666667,78.605,17.3516666667,59.2666666667,282.833333333,0.325,2.45833333333,208.666666667,0.0,1.13375,720.0,10736.8046875,54.8125
2014.0,7.0,10.0,9.0,26.125,79.025,17.0458333333,57.3333333333,308.833333333,0.433333333333,2.65,229.333333333,0.0,1.16875,720.0,10736.8046875,55.3333333333
2014.0,7.0,10.0,10.0,26.57,79.826,17.34,56.9,380.333333333,0.558333333333,3.41666666667,231.0,0.0,1.2355,720.0,10736.8046875,58.25
2014.0,7.0,10.0,11.0,28.7491666667,83.7485,17.4683333333,50.6083333333,656.833333333,0.491666666667,3.46666666667,253.916666667,0.0,1.562375,720.0,10736.8046875,59.1458333333
2014.0,7.0,10.0,12.0,30.6191666667,87.1145,17.7683333333,46.2833333333,961.083333333,0.383333333333,2.60833333333,242.0,0.0,1.842875,720.0,10736.8046875,59.125
2014.0,7.0,10.0,13.0,31.8891666667,89.4005,18.0075,43.725,958.416666667,0.4,2.66666666667,238.333333333,0.0,2.033375,720.0,10736.8046875,58.5833333333
2014.0,7.0,10.0,14.0,31.7416666667,89.135,17.0483333333,41.5583333333,815.416666667,0.391666666667,2.75833333333,253.0,0.0,2.01125,720.0,10736.8046875,59.75
2014.0,7.0,10.0,15.0,31.8658333333,89.3585,16.895,40.7666666667,690.416666667,0.375,2.55,249.75,0.0,2.029875,720.0,10736.8046875,57.7916666667
2014.0,7.0,10.0,16.0,32.0183333333,89.633,17.1666666667,41.1666666667,533.083333333,0.308333333333,2.35,241.666666667,0.0,2.05275,720.0,10736.8046875,58.4583333333
2014.0,7.0,10.0,17.0,31.2008333333,88.1615,17.6816666667,44.6916666667,372.416666667,0.233333333333,2.625,258.666666667,0.0,1.930125,720.0,10736.8046875,59.9375
2014.0,7.0,10.0,18.0,29.1166666667,84.41,18.3208333333,52.1833333333,227.583333333,0.6,3.29166666667,289.75,0.0,1.6175,720.0,10736.8046875,56.1875
2014.0,7.0,10.0,19.0,26.4616666667,79.631,19.9625,67.6666666667,52.25,0.566666666667,3.60833333333,290.75,0.0,1.21925,720.0,10736.8046875,54.7708333333
2014.0,7.0,10.0,20.0,24.8091666667,76.6565,19.7725,73.4916666667,3.66666666667,0.391666666667,2.8,291.333333333,0.0,0.971375,720.0,10736.8046875,56.6458333333
2014.0,7.0,10.0,21.0,23.9708333333,75.1475,18.9925,73.6166666667,1.0,0.166666666667,1.93333333333,278.5,0.0,0.845625,720.0,10736.8046875,55.5833333333
2014.0,7.0,10.0,22.0,23.7366666667,74.726,18.79,73.7333333333,1.0,0.0333333333333,0.816666666667,255.25,0.0,0.8105,720.0,10736.8046875,52.875
2014.0,7.0,10.0,23.0,23.2466666667,73.844,18.7316666667,75.6666666667,1.0,0.0,0.0,284.916666667,0.0,0.737,720.0,10736.8046875,51.3541666667
2014.0,7.0,11.0,0.0,22.5225,72.5405,18.9508333333,80.2916666667,1.0,0.2,0.466666666667,299.916666667,0.0,0.628375,720.0,10736.8046875,50.1041666667
2014.0,7.0,11.0,1.0,21.68,71.024,18.9975,84.6166666667,1.0,0.0,0.191666666667,253.416666667,0.0,0.502,720.0,10736.8046875,50.0208333333
2014.0,7.0,11.0,2.0,22.4475,72.4055,19.1833333333,81.6916666667,1.0,0.0166666666667,0.55,216.0,0.0,0.617125,720.0,10736.8046875,50.25
2014.0,7.0,11.0,3.0,22.0608333333,71.7095,19.1033333333,83.2416666667,1.0,0.0,0.291666666667,169.833333333,0.0,0.559125,720.0,10736.8046875,49.7291666667
2014.0,7.0,11.0,4.0,21.2025,70.1645,19.025,87.2833333333,1.0,0.0,0.0333333333333,153.083333333,0.0,0.430375,720.0,10736.8046875,55.0625
2014.0,7.0,11.0,5.0,20.7266666667,69.308,18.8183333333,88.7083333333,8.83333333333,0.0,0.508333333333,178.25,0.0,0.359,720.0,10736.8046875,53.8333333333
2014.0,7.0,11.0,6.0,22.5558333333,72.6005,18.5975,78.3,107.416666667,0.0833333333333,0.916666666667,163.833333333,0.0,0.633375,720.0,10736.8046875,53.4166666667
2014.0,7.0,11.0,7.0,24.6025,76.2845,18.1858333333,67.475,270.0,0.208333333333,1.5,202.5,0.0,0.940375,720.0,10736.8046875,53.3958333333
2014.0,7.0,11.0,8.0,26.3908333333,79.5035,17.7108333333,58.8916666667,437.083333333,0.325,2.40833333333,200.166666667,0.0,1.208625,720.0,10736.8046875,54.4166666667
2014.0,7.0,11.0,9.0,27.5616666667,81.611,17.7091666667,54.9583333333,604.25,0.741666666667,3.75833333333,203.833333333,0.0,1.38425,720.0,10736.8046875,56.3541666667
2014.0,7.0,11.0,10.0,29.0591666667,84.3065,17.505,49.725,686.666666667,0.416666666667,3.25,219.25,0.0,1.608875,720.0,10736.8046875,59.875
2014.0,7.0,11.0,11.0,31.405,88.529,17.6,43.775,822.0,0.316666666667,2.46666666667,247.916666667,0.0,1.96075,720.0,10736.8046875,59.0625
2014.0,7.0,11.0,12.0,31.0366666667,87.866,17.3033333333,43.9333333333,625.583333333,0.258333333333,2.31666666667,260.333333333,0.0,1.9055,720.0,10736.8046875,59.3541666667
2014.0,7.0,11.0,13.0,31.8266666667,89.288,16.52,40.1166666667,755.916666667,0.3,2.25833333333,274.333333333,0.0,2.024,720.0,10736.8046875,58.5208333333
2014.0,7.0,11.0,14.0,32.8441666667,91.1195,16.0541666667,36.75,647.5,0.141666666667,1.23333333333,256.833333333,0.0,2.176625,720.0,10736.8046875,58.8333333333
2014.0,7.0,11.0,15.0,31.9916666667,89.585,15.3616666667,36.85,494.666666667,0.116666666667,1.19166666667,253.333333333,0.0,2.04875,720.0,10736.8046875,58.8333333333
2014.0,7.0,11.0,16.0,32.9625,91.3325,15.1891666667,34.7333333333,430.75,0.0666666666667,0.8,212.333333333,0.0,2.194375,720.0,10736.8046875,59.1041666667
2014.0,7.0,11.0,17.0,34.1,93.38,15.125,32.3,438.25,0.05,0.983333333333,263.0,0.0,2.365,720.0,10736.8046875,57.1041666667
2014.0,7.0,11.0,18.0,29.07,84.326,16.6608333333,47.3416666667,53.8333333333,0.583333333333,2.78333333333,310.0,0.0,1.6105,720.0,10736.8046875,55.2916666667
2014.0,7.0,11.0,19.0,27.0883333333,80.759,18.3766666667,58.9166666667,11.0833333333,0.666666666667,4.45833333333,254.333333333,0.0,1.31325,720.0,10736.8046875,54.9375
2014.0,7.0,11.0,20.0,25.7783333333,78.401,18.3225,63.4,1.41666666667,0.416666666667,2.91666666667,257.25,0.0,1.11675,720.0,10736.8046875,54.75
2014.0,7.0,11.0,21.0,25.0433333333,77.078,17.5575,63.1166666667,1.0,0.0833333333333,1.03333333333,330.25,0.0,1.0065,720.0,10736.8046875,53.875
2014.0,7.0,11.0,22.0,24.2891666667,75.7205,17.3508333333,65.175,1.0,0.0333333333333,0.775,318.166666667,0.0,0.893375,720.0,10736.8046875,51.0
2014.0,7.0,11.0,23.0,24.2191666667,75.5945,17.5083333333,66.0916666667,1.0,0.0,0.0,284.75,0.0,0.882875,720.0,10736.8046875,50.3958333333
2014.0,7.0,12.0,0.0,23.515,74.327,18.505,73.425,1.0,0.0,0.266666666667,58.75,0.0,0.77725,0.0,10736.8046875,50.1041666667
2014.0,7.0,12.0,1.0,22.7541666667,72.9575,17.5816666667,72.525,1.0,0.0,0.0,35.25,0.0,0.663125,0.0,10736.8046875,50.1458333333
2014.0,7.0,12.0,2.0,22.4508333333,72.4115,17.6925,74.3916666667,1.0,0.0,0.05,56.1666666667,0.0,0.617625,0.0,10736.8046875,49.8333333333
2014.0,7.0,12.0,3.0,22.0758333333,71.7365,17.815,76.7083333333,1.0,0.0,0.0,45.0,0.0,0.561375,0.0,10736.8046875,49.2708333333
2014.0,7.0,12.0,4.0,21.4691666667,70.6445,18.5675,83.4583333333,1.0,0.0,0.0583333333333,84.5,0.0,0.470375,0.0,10736.8046875,53.5625
2014.0,7.0,12.0,5.0,21.325,70.385,19.2125,87.6333333333,11.5,0.0,0.0333333333333,57.6666666667,0.0,0.44875,0.0,10736.8046875,52.4166666667
2014.0,7.0,12.0,6.0,22.1,71.78,19.3783333333,84.4583333333,98.6666666667,0.0,0.0833333333333,63.5833333333,0.0,0.565,0.0,10736.8046875,52.4166666667
2014.0,7.0,12.0,7.0,24.3366666667,75.806,19.3616666667,73.825,257.833333333,0.0166666666667,0.266666666667,60.3333333333,0.0,0.9005,0.0,10736.8046875,51.2916666667
2014.0,7.0,12.0,8.0,26.5308333333,79.7555,19.1008333333,63.8,439.416666667,0.0,0.375,55.1666666667,0.0,1.229625,0.0,10736.8046875,51.9375
2014.0,7.0,12.0,9.0,28.1025,82.5845,18.5991666667,56.3916666667,616.083333333,0.0166666666667,0.625,47.8333333333,0.0,1.465375,0.0,10736.8046875,52.4375
2014.0,7.0,12.0,10.0,29.22,84.596,18.5225,52.775,673.5,0.133333333333,1.33333333333,78.5833333333,0.0,1.633,0.0,10736.8046875,53.6666666667
2014.0,7.0,12.0,11.0,31.2891666667,88.3205,18.4583333333,46.6666666667,855.333333333,0.308333333333,1.86666666667,159.75,0.0,1.943375,0.0,10736.8046875,53.8333333333
2014.0,7.0,12.0,12.0,33.0266666667,91.448,17.9491666667,40.8833333333,749.083333333,0.25,2.15,278.666666667,0.0,2.204,0.0,10736.8046875,54.2291666667
2014.0,7.0,12.0,13.0,31.29,88.322,18.055,45.3666666667,467.166666667,0.516666666667,3.40833333333,189.75,0.0,1.9435,0.0,10736.8046875,55.5
2014.0,7.0,12.0,14.0,32.3391666667,90.2105,18.3075,43.5,555.166666667,0.625,3.65833333333,104.75,0.0,2.100875,0.0,10736.8046875,55.5833333333
2014.0,7.0,12.0,15.0,31.2275,88.2095,18.83,47.8166666667,475.5,0.958333333333,4.71666666667,340.333333333,0.0,1.934125,0.0,10736.8046875,55.9375
2014.0,7.0,12.0,16.0,33.2591666667,91.8665,17.1425,38.3333333333,588.416666667,0.85,4.55833333333,25.3333333333,0.0,2.238875,0.0,10736.8046875,55.6041666667
2014.0,7.0,12.0,17.0,31.7508333333,89.1515,16.2158333333,39.3666666667,357.75,0.933333333333,4.85833333333,183.416666667,0.0,2.012625,0.0,10736.8046875,55.7916666667
2014.0,7.0,12.0,18.0,29.7266666667,85.508,16.6016666667,45.2833333333,163.25,0.866666666667,4.56666666667,263.083333333,0.0,1.709,0.0,10736.8046875,54.5625
2014.0,7.0,12.0,19.0,28.0708333333,82.5275,16.8441666667,50.5416666667,65.75,0.858333333333,4.55,346.25,0.0,1.460625,0.0,10736.8046875,54.7083333333
2014.0,7.0,12.0,20.0,25.8483333333,78.527,18.24,62.8833333333,1.75,0.566666666667,3.475,338.75,0.0,1.12725,0.0,10736.8046875,54.1458333333
2014.0,7.0,12.0,21.0,24.4875,76.0775,19.0291666667,71.5666666667,1.0,0.475,3.125,336.083333333,0.0,0.923125,0.0,10736.8046875,53.3125
2014.0,7.0,12.0,22.0,23.5683333333,74.423,19.2358333333,76.6,1.0,0.475,3.14166666667,341.416666667,0.0,0.78525,0.0,10736.8046875,51.25
2014.0,7.0,12.0,23.0,23.0108333333,73.4195,19.8725,82.4,1.0,0.375,2.9,339.666666667,0.0,0.701625,0.0,10736.8046875,50.1875
2014.0,7.0,13.0,0.0,22.5125,72.5225,20.3975,87.725,1.0,0.2,2.25833333333,335.416666667,0.0,0.626875,0.0,10736.8046875,50.0208333333
2014.0,7.0,13.0,1.0,22.5108333333,72.5195,21.07,91.4166666667,1.0,0.375,3.53333333333,67.6666666667,0.0,0.626625,0.0,10736.8046875,49.9166666667
2014.0,7.0,13.0,2.0,22.4308333333,72.3755,21.1716666667,92.4416666667,1.0,0.216666666667,2.55833333333,44.0833333333,0.0,0.614625,0.0,10736.8046875,50.0
2014.0,7.0,13.0,3.0,22.3508333333,72.2315,21.0658333333,92.2916666667,1.0,0.233333333333,2.53333333333,20.5833333333,0.0,0.602625,0.0,10736.8046875,49.7916666667
2014.0,7.0,13.0,4.0,22.135,71.843,20.8491666667,92.2666666667,1.0,0.075,1.04166666667,23.6666666667,0.0,0.57025,0.0,10736.8046875,54.7083333333
2014.0,7.0,13.0,5.0,22.125,71.825,20.7233333333,91.6166666667,4.75,0.166666666667,2.04166666667,174.166666667,0.0,0.56875,0.0,10736.8046875,53.7708333333
2014.0,7.0,13.0,6.0,22.3616666667,72.251,20.845,90.9833333333,35.5,0.158333333333,2.11666666667,329.75,0.0,0.60425,0.0,10736.8046875,53.4583333333
2014.0,7.0,13.0,7.0,22.9241666667,73.2635,21.2591666667,90.2,30.4166666667,0.216666666667,2.36666666667,148.583333333,0.0,0.688625,0.0,10736.8046875,51.9166666667
2014.0,7.0,13.0,8.0,22.965,73.337,21.8908333333,93.5666666667,54.0,0.208333333333,2.425,64.3333333333,0.0,0.69475,0.0,10736.8046875,51.9791666667
2014.0,7.0,13.0,9.0,24.6775,76.4195,22.0325,85.1833333333,212.416666667,0.15,1.94166666667,68.5833333333,0.0,0.951625,0.0,10736.8046875,52.6041666667
2014.0,7.0,13.0,10.0,28.56,83.408,21.7358333333,66.7083333333,722.25,0.458333333333,3.35,254.083333333,0.0,1.534,0.0,10736.8046875,53.6458333333
2014.0,7.0,13.0,11.0,29.8991666667,85.8185,22.4816666667,64.4416666667,496.666666667,0.783333333333,4.81666666667,64.3333333333,0.0,1.734875,0.0,10736.8046875,52.75
2014.0,7.0,13.0,12.0,31.7833333333,89.21,22.385,57.575,657.916666667,0.733333333333,4.90833333333,37.9166666667,0.0,2.0175,0.0,10736.8046875,53.7708333333
2014.0,7.0,13.0,13.0,33.2875,91.9175,22.46,53.25,841.166666667,1.00833333333,4.99166666667,42.0833333333,0.0,2.243125,0.0,10736.8046875,54.1041666667
2014.0,7.0,13.0,14.0,32.695,90.851,22.4083333333,54.7916666667,473.083333333,0.95,5.425,42.1666666667,0.0,2.15425,0.0,10736.8046875,54.7916666667
2014.0,7.0,13.0,15.0,31.9325,89.4785,22.3091666667,56.8,322.166666667,0.383333333333,3.5,40.9166666667,0.0,2.039875,0.0,10736.8046875,54.4791666667
2014.0,7.0,13.0,16.0,32.4091666667,90.3365,22.3416666667,55.475,347.916666667,0.816666666667,4.96666666667,43.4166666667,0.0,2.111375,0.0,10736.8046875,54.4583333333
2014.0,7.0,13.0,17.0,31.4583333333,88.625,22.0141666667,57.3,225.75,0.9,4.575,61.3333333333,0.0,1.96875,0.0,10736.8046875,53.9375
2014.0,7.0,13.0,18.0,32.8833333333,91.19,21.8508333333,52.4916666667,289.916666667,0.516666666667,4.38333333333,70.75,0.0,2.1825,0.0,10736.8046875,53.2708333333
2014.0,7.0,13.0,19.0,30.3016666667,86.543,23.4733333333,66.8666666667,26.25,0.366666666667,3.63333333333,82.9166666667,0.0,1.79525,0.0,10736.8046875,54.2291666667
2014.0,7.0,13.0,20.0,29.4041666667,84.9275,23.8666666667,72.0666666667,1.16666666667,0.383333333333,3.56666666667,44.3333333333,0.0,1.660625,0.0,10736.8046875,54.0416666667
2014.0,7.0,13.0,21.0,28.7041666667,83.6675,23.565,73.675,1.0,0.516666666667,4.125,100.416666667,0.0,1.555625,0.0,10736.8046875,53.1666666667
2014.0,7.0,13.0,22.0,28.2391666667,82.8305,22.7566666667,72.0916666667,1.0,0.35,3.81666666667,78.8333333333,0.0,1.485875,0.0,10736.8046875,49.3541666667
2014.0,7.0,13.0,23.0,24.1016666667,75.383,-12.2266666667,30.7416666667,1.0,2.34166666667,6.69166666667,64.4166666667,0.0,0.86525,0.0,10736.8046875,49.3541666667
2014.0,7.0,14.0,0.0,21.7258333333,71.1065,-36.7358333333,1.0,1.0,0.175,1.76666666667,64.6666666667,0.0,0.508875,720.0,10736.8046875,48.875
2014.0,7.0,14.0,1.0,22.0966666667,71.774,-22.6308333333,21.7416666667,1.0,0.0,0.0,65.3333333333,0.0,0.5645,720.0,10736.8046875,48.9583333333
2014.0,7.0,14.0,2.0,22.57,72.626,21.8025,95.275,1.0,0.0833333333333,0.825,61.6666666667,0.0,0.6355,720.0,10736.8046875,48.6458333333
2014.0,7.0,14.0,3.0,22.4883333333,72.479,21.5741666667,94.4083333333,1.0,0.0666666666667,0.883333333333,59.4166666667,0.0,0.62325,720.0,10736.8046875,48.1041666667
2014.0,7.0,14.0,4.0,22.5383333333,72.569,21.6958333333,94.825,1.0,0.0,0.0833333333333,66.3333333333,0.0,0.63075,720.0,10736.8046875,54.0208333333
2014.0,7.0,14.0,5.0,22.6525,72.7745,21.6033333333,93.65,3.08333333333,0.0,0.108333333333,67.5,0.0,0.647875,720.0,10736.8046875,52.5416666667
2014.0,7.0,14.0,6.0,23.19,73.742,21.6075,90.6833333333,41.25,0.0,0.0,72.1666666667,0.0,0.7285,720.0,10736.8046875,52.6458333333
2014.0,7.0,14.0,7.0,24.0766666667,75.338,21.8416666667,87.2083333333,81.1666666667,0.0,0.0,64.1666666667,0.0,0.8615,720.0,10736.8046875,50.9166666667
2014.0,7.0,14.0,8.0,25.4358333333,77.7845,22.1433333333,81.975,202.5,0.0,0.0166666666667,129.75,0.0,1.065375,720.0,10736.8046875,52.625
2014.0,7.0,14.0,9.0,26.8866666667,80.396,22.4216666667,76.5666666667,327.083333333,0.1,1.23333333333,105.666666667,0.0,1.283,720.0,10736.8046875,54.25
2014.0,7.0,14.0,10.0,28.5475,83.3855,22.4891666667,70.2083333333,559.333333333,0.15,1.23333333333,80.4166666667,0.0,1.532125,720.0,10736.8046875,57.6458333333
2014.0,7.0,14.0,11.0,29.2033333333,84.566,22.8441666667,68.6833333333,492.083333333,0.291666666667,1.94166666667,67.6666666667,0.0,1.6305,720.0,10736.8046875,58.75
2014.0,7.0,14.0,12.0,31.0833333333,87.95,22.6691666667,61.0916666667,824.333333333,0.425,2.65833333333,67.3333333333,0.0,1.9125,720.0,10736.8046875,59.375
2014.0,7.0,14.0,13.0,31.4341666667,88.5815,22.3675,58.8083333333,532.5,0.625,3.06666666667,53.5,0.0,1.965125,720.0,10736.8046875,59.2083333333
2014.0,7.0,14.0,14.0,33.8541666667,92.9375,22.9508333333,53.1416666667,791.916666667,0.375,2.44166666667,118.833333333,0.0,2.328125,720.0,10736.8046875,58.75
2014.0,7.0,14.0,15.0,33.5041666667,92.3075,23.33,55.3916666667,509.0,0.541666666667,3.34166666667,309.0,0.0,2.275625,720.0,10736.8046875,59.4375
2014.0,7.0,14.0,16.0,31.98,89.564,22.8516666667,58.6166666667,237.75,0.358333333333,2.95,116.083333333,0.0,2.047,720.0,10736.8046875,59.0833333333
2014.0,7.0,14.0,17.0,30.0008333333,86.0015,23.4316666667,68.1083333333,93.75,0.391666666667,2.45833333333,53.0,0.0,1.750125,720.0,10736.8046875,58.7083333333
2014.0,7.0,14.0,18.0,27.7975,82.0355,14.1125,63.8,37.5833333333,0.341666666667,1.40833333333,76.4166666667,0.0,1.419625,720.0,10736.8046875,57.4166666667
2014.0,7.0,14.0,19.0,22.8958333333,73.2125,-36.0358333333,1.0,1.0,1.09166666667,4.25833333333,129.833333333,0.0,0.684375,720.0,10736.8046875,58.6875
2014.0,7.0,14.0,20.0,22.1725,71.9105,-36.4683333333,1.0,1.0,0.075,0.7,119.083333333,0.0,0.575875,720.0,10736.8046875,57.1041666667
2014.0,7.0,14.0,21.0,22.4708333333,72.4475,-36.29,1.0,1.0,0.0,0.0,180.75,0.0,0.620625,720.0,10736.8046875,56.0
2014.0,7.0,14.0,22.0,23.1383333333,73.649,-35.8883333333,1.0,1.0,0.0,0.0,309.166666667,0.0,0.72075,720.0,10736.8046875,51.7916666667
2014.0,7.0,14.0,23.0,23.4083333333,74.135,-16.0216666667,33.8416666667,1.0,0.0,0.0,230.333333333,0.0,0.76125,720.0,10736.8046875,50.3333333333
2014.0,7.0,15.0,0.0,23.4758333333,74.2565,23.4358333333,99.5666666667,1.0,0.0,0.0,49.5833333333,0.0,0.771375,720.0,10736.8046875,50.0208333333
2014.0,7.0,15.0,1.0,23.405,74.129,23.3333333333,99.3666666667,1.0,0.0,0.0,62.1666666667,0.0,0.76075,720.0,10736.8046875,50.125
2014.0,7.0,15.0,2.0,23.5833333333,74.45,23.3808333333,98.5916666667,1.0,0.0,0.0333333333333,49.9166666667,0.0,0.7875,720.0,10736.8046875,50.0208333333
2014.0,7.0,15.0,3.0,23.425,74.165,23.2358333333,98.675,1.0,0.0166666666667,0.216666666667,49.9166666667,0.0,0.76375,720.0,10736.8046875,49.9583333333
2014.0,7.0,15.0,4.0,23.3775,74.0795,23.1141666667,98.2333333333,1.0,0.0333333333333,0.575,100.5,0.0,0.756625,720.0,10736.8046875,55.625
2014.0,7.0,15.0,5.0,23.2808333333,73.9055,23.0933333333,98.675,2.83333333333,0.0166666666667,0.3,64.3333333333,0.0,0.742125,720.0,10736.8046875,53.6666666667
2014.0,7.0,15.0,6.0,23.8583333333,74.945,23.33,96.6916666667,34.5,0.0,0.0,49.1666666667,0.0,0.82875,720.0,10736.8046875,54.1041666667
2014.0,7.0,15.0,7.0,25.12,77.216,23.4441666667,90.325,130.083333333,0.0,0.15,264.666666667,0.0,1.018,720.0,10736.8046875,51.5416666667
2014.0,7.0,15.0,8.0,26.565,79.817,23.6608333333,83.9833333333,222.416666667,0.0166666666667,0.583333333333,298.75,0.0,1.23475,720.0,10736.8046875,45.3653846154
2014.0,7.0,15.0,9.0,27.3475,81.2255,24.1633333333,82.7,267.583333333,0.283333333333,2.05833333333,91.25,0.0,1.352125,720.0,10736.8046875,54.8541666667
2014.0,7.0,15.0,10.0,29.37,84.866,23.7275,71.9666666667,663.0,0.716666666667,3.46666666667,60.3333333333,0.0,1.6555,720.0,10736.8046875,58.2291666667
2014.0,7.0,15.0,11.0,31.0958333333,87.9725,23.8958333333,65.6166666667,633.833333333,0.916666666667,4.3,56.1666666667,0.0,1.914375,720.0,10736.8046875,60.2708333333
2014.0,7.0,15.0,12.0,31.2466666667,88.244,23.5825,63.8166666667,436.416666667,0.6,3.58333333333,78.75,0.0,1.937,720.0,10736.8046875,60.4791666667
2014.0,7.0,15.0,13.0,30.42,86.756,23.38,66.1333333333,327.25,0.566666666667,3.08333333333,67.5833333333,0.0,1.813,720.0,10736.8046875,59.5833333333
2014.0,7.0,15.0,14.0,32.3725,90.2705,23.0175,57.9916666667,712.083333333,0.4,2.90833333333,84.5,0.0,2.105875,720.0,10736.8046875,59.0625
2014.0,7.0,15.0,15.0,32.9758333333,91.3565,21.9183333333,52.4,566.583333333,0.5,3.14166666667,66.75,0.0,2.196375,720.0,10736.8046875,59.375
2014.0,7.0,15.0,16.0,29.825,85.685,21.635,61.675,70.0,0.275,2.18333333333,104.0,0.0,1.72375,720.0,10736.8046875,59.125
2014.0,7.0,15.0,17.0,22.4825,72.4685,22.1183333333,97.7666666667,3.08333333333,0.591666666667,4.28333333333,110.833333333,0.0,0.622375,720.0,10736.8046875,56.25
2014.0,7.0,15.0,18.0,22.4025,72.3245,21.42,94.2833333333,4.5,0.0166666666667,0.366666666667,247.416666667,0.0,0.610375,720.0,10736.8046875,55.4166666667
2014.0,7.0,15.0,19.0,22.035,71.663,17.0083333333,73.075,5.66666666667,0.0666666666667,0.858333333333,315.25,0.0,0.55525,720.0,10736.8046875,55.6458333333
2014.0,7.0,15.0,20.0,21.8708333333,71.3675,16.8,72.8416666667,1.08333333333,0.0,0.0,286.166666667,0.0,0.530625,720.0,10736.8046875,55.2291666667
2014.0,7.0,15.0,21.0,22.235,72.023,21.57,96.1916666667,1.0,0.0916666666667,0.583333333333,148.083333333,0.0,0.58525,720.0,10736.8046875,53.3333333333
2014.0,7.0,15.0,22.0,22.4466666667,72.404,22.4708333333,99.9666666667,1.0,0.0166666666667,1.1,73.6666666667,0.0,0.617,720.0,10736.8046875,51.6875
2014.0,7.0,15.0,23.0,22.235,72.023,22.2291666667,99.775,1.0,0.216666666667,1.68333333333,58.4166666667,0.0,0.58525,720.0,10736.8046875,49.7916666667
2014.0,7.0,16.0,0.0,22.505,72.509,22.3666666667,98.9833333333,1.0,0.158333333333,1.53333333333,58.8333333333,0.0,0.62575,720.0,10736.8046875,50.1875
2014.0,7.0,16.0,1.0,22.425,72.365,21.9433333333,96.9333333333,1.0,0.075,1.15,69.9166666667,0.0,0.61375,720.0,10736.8046875,49.6875
2014.0,7.0,16.0,2.0,22.435,72.383,21.8433333333,96.2833333333,1.0,0.05,0.666666666667,62.5,0.0,0.61525,720.0,10736.8046875,49.6041666667
2014.0,7.0,16.0,3.0,22.3508333333,72.2315,22.0125,97.775,1.0,0.0,0.225,65.1666666667,0.0,0.602625,720.0,10736.8046875,48.75
2014.0,7.0,16.0,4.0,22.2325,72.0185,21.4933333333,95.4333333333,1.0,0.0166666666667,0.141666666667,74.1666666667,0.0,0.584875,720.0,10736.8046875,54.7083333333
2014.0,7.0,16.0,5.0,22.16,71.888,21.4408333333,95.55,6.33333333333,0.0,0.0,98.75,0.0,0.574,720.0,10736.8046875,53.5
2014.0,7.0,16.0,6.0,22.2933333333,72.128,20.9325,91.8583333333,43.6666666667,0.366666666667,2.575,117.416666667,0.0,0.594,720.0,10736.8046875,53.5
2014.0,7.0,16.0,7.0,22.135,71.843,19.5416666667,85.15,110.75,1.0,4.45,164.416666667,0.0,0.57025,720.0,10736.8046875,51.6458333333
2014.0,7.0,16.0,8.0,22.5008333333,72.5015,16.9933333333,71.1916666667,172.916666667,0.733333333333,4.01666666667,174.583333333,0.0,0.625125,720.0,10736.8046875,53.2708333333
2014.0,7.0,16.0,9.0,22.6483333333,72.767,15.6458333333,64.5833333333,233.75,0.566666666667,3.2,171.666666667,0.0,0.64725,720.0,10736.8046875,55.5833333333
2014.0,7.0,16.0,10.0,25.8525,78.5345,15.23,52.2583333333,608.75,0.425,2.59166666667,181.166666667,0.0,1.127875,720.0,10736.8046875,56.4791666667
2014.0,7.0,16.0,11.0,27.9241666667,82.2635,15.0691666667,45.5333333333,857.0,0.65,3.65,149.25,0.0,1.438625,720.0,10736.8046875,58.0625
2014.0,7.0,16.0,12.0,29.0675,84.3215,14.5391666667,41.1833333333,891.416666667,0.666666666667,3.80833333333,154.25,0.0,1.610125,720.0,10736.8046875,59.6041666667
2014.0,7.0,16.0,13.0,28.6483333333,83.567,15.1683333333,43.9416666667,707.916666667,0.216666666667,2.34166666667,118.25,0.0,1.54725,720.0,10736.8046875,60.3333333333
2014.0,7.0,16.0,14.0,29.9125,85.8425,14.3166666667,38.6583333333,796.5,0.433333333333,3.01666666667,99.0,0.0,1.736875,720.0,10736.8046875,59.375
2014.0,7.0,16.0,15.0,29.0541666667,84.2975,14.3633333333,40.7583333333,486.666666667,0.4,2.90833333333,95.8333333333,0.0,1.608125,720.0,10736.8046875,57.7708333333
2014.0,7.0,16.0,16.0,28.3716666667,83.069,14.7575,43.4583333333,414.333333333,0.408333333333,2.90833333333,86.6666666667,0.0,1.50575,720.0,10736.8046875,59.3541666667
2014.0,7.0,16.0,17.0,28.045,82.481,15.0,45.025,344.083333333,0.758333333333,3.55,85.5,0.0,1.45675,720.0,10736.8046875,59.4583333333
2014.0,7.0,16.0,18.0,26.0641666667,78.9155,14.7033333333,49.525,156.583333333,0.408333333333,3.38333333333,97.3333333333,0.0,1.159625,720.0,10736.8046875,57.0625
2014.0,7.0,16.0,19.0,25.1583333333,77.285,13.9625,49.8166666667,55.25,0.141666666667,1.84166666667,96.5833333333,0.0,1.02375,720.0,10736.8046875,56.3541666667
2014.0,7.0,16.0,20.0,24.3416666667,75.815,14.0408333333,52.5916666667,5.91666666667,0.0333333333333,1.10833333333,97.0,0.0,0.90125,720.0,10736.8046875,55.7708333333
2014.0,7.0,16.0,21.0,23.595,74.471,14.2741666667,55.85,1.0,0.0,0.325,68.4166666667,0.0,0.78925,720.0,10736.8046875,54.6041666667
2014.0,7.0,16.0,22.0,22.7683333333,72.983,14.435,59.3,1.0,0.0,0.05,69.6666666667,0.0,0.66525,720.0,10736.8046875,51.4166666667
2014.0,7.0,16.0,23.0,22.1,71.78,14.41,61.65,1.0,0.0,0.375,81.3333333333,0.0,0.565,720.0,10736.8046875,50.3333333333
2014.0,7.0,17.0,0.0,21.3475,70.4255,14.3766666667,64.4083333333,1.0,0.0,0.583333333333,81.8333333333,0.0,0.452125,720.0,10736.8046875,50.6041666667
2014.0,7.0,17.0,1.0,20.8641666667,69.5555,14.2283333333,65.7166666667,1.0,0.0,0.366666666667,83.0833333333,0.0,0.379625,720.0,10736.8046875,50.0625
2014.0,7.0,17.0,2.0,20.3658333333,68.6585,13.93,66.4666666667,1.0,0.05,0.858333333333,88.3333333333,0.0,0.304875,720.0,10736.8046875,49.6875
2014.0,7.0,17.0,3.0,19.6491666667,67.3685,13.8508333333,69.1416666667,1.0,0.0166666666667,0.741666666667,101.333333333,0.0,0.197375,720.0,10736.8046875,49.125
2014.0,7.0,17.0,4.0,19.09,66.362,14.1391666667,72.925,1.0,0.0833333333333,1.05,104.833333333,0.0,0.1135,720.0,10736.8046875,55.9375
2014.0,7.0,17.0,5.0,18.7241666667,65.7035,14.28,75.2833333333,2.5,0.25,2.25833333333,116.833333333,0.0,0.058625,720.0,10736.8046875,57.0625
2014.0,7.0,17.0,6.0,20.1225,68.2205,14.2275,68.9333333333,109.0,0.216666666667,2.2,165.833333333,0.0,0.268375,720.0,10736.8046875,57.2291666667
2014.0,7.0,17.0,7.0,22.1616666667,71.891,14.325,61.125,281.333333333,0.408333333333,2.68333333333,156.166666667,0.0,0.57425,720.0,10736.8046875,57.0416666667
2014.0,7.0,17.0,8.0,24.0108333333,75.2195,14.3891666667,54.8833333333,457.0,0.325,2.43333333333,152.916666667,0.0,0.851625,720.0,10736.8046875,56.0416666667
2014.0,7.0,17.0,9.0,25.7683333333,78.383,14.58,50.05,618.583333333,0.183333333333,2.2,159.916666667,0.0,1.11525,720.0,10736.8046875,56.8541666667
2014.0,7.0,17.0,10.0,28.0825,82.5485,14.79,44.325,769.5,0.1,1.35,169.0,0.0,1.462375,720.0,10736.8046875,59.0625
2014.0,7.0,17.0,11.0,28.1808333333,82.7255,14.6366666667,43.775,758.333333333,0.241666666667,1.94166666667,151.5,0.0,1.477125,720.0,10736.8046875,58.7708333333
2014.0,7.0,17.0,12.0,28.6741666667,83.6135,13.9733333333,40.6916666667,980.75,0.516666666667,3.79166666667,102.75,0.0,1.551125,720.0,10736.8046875,60.6875
2014.0,7.0,17.0,13.0,29.1058333333,84.3905,13.2508333333,37.7833333333,893.416666667,0.65,3.55,103.333333333,0.0,1.615875,720.0,10736.8046875,61.0625
2014.0,7.0,17.0,14.0,28.7683333333,83.783,13.2375,38.5416666667,804.416666667,0.833333333333,4.05833333333,77.1666666667,0.0,1.56525,720.0,10736.8046875,59.5
2014.0,7.0,17.0,15.0,28.7875,83.8175,12.0841666667,35.6916666667,654.083333333,1.075,4.80833333333,84.3333333333,0.0,1.568125,720.0,10736.8046875,60.0833333333
2014.0,7.0,17.0,16.0,28.5208333333,83.3375,11.6241666667,35.1333333333,595.583333333,1.3,5.03333333333,82.0,0.0,1.528125,720.0,10736.8046875,60.4166666667
2014.0,7.0,17.0,17.0,28.0983333333,82.577,12.0583333333,37.05,384.916666667,0.891666666667,4.725,85.0833333333,0.0,1.46475,720.0,10736.8046875,57.7916666667
2014.0,7.0,17.0,18.0,27.5983333333,81.677,11.5258333333,36.8083333333,263.666666667,0.858333333333,4.675,86.0,0.0,1.38975,720.0,10736.8046875,58.5833333333
2014.0,7.0,17.0,19.0,25.6775,78.2195,12.2916666667,43.4333333333,82.3333333333,0.308333333333,3.1,91.75,0.0,1.101625,720.0,10736.8046875,56.375
2014.0,7.0,17.0,20.0,23.8275,74.8895,12.7825,49.975,2.58333333333,0.05,1.25,89.3333333333,0.0,0.824125,720.0,10736.8046875,55.1458333333
2014.0,7.0,17.0,21.0,23.1216666667,73.619,13.1091666667,53.2583333333,1.0,0.0,0.341666666667,104.916666667,0.0,0.71825,720.0,10736.8046875,53.4166666667
2014.0,7.0,17.0,22.0,22.4033333333,72.326,13.195,55.9333333333,1.0,0.0,0.158333333333,92.25,0.0,0.6105,720.0,10736.8046875,51.1041666667
2014.0,7.0,17.0,23.0,21.9766666667,71.558,13.0233333333,56.7666666667,1.0,0.0,0.0833333333333,103.166666667,0.0,0.5465,720.0,10736.8046875,49.5416666667
2014.0,7.0,18.0,0.0,21.37,70.466,13.015,58.875,1.0,0.0,0.191666666667,107.416666667,0.0,0.4555,720.0,10736.8046875,49.1875
2014.0,7.0,18.0,1.0,20.4733333333,68.852,12.7491666667,61.1416666667,1.0,0.0,0.233333333333,118.75,0.0,0.321,720.0,10736.8046875,49.0833333333
2014.0,7.0,18.0,2.0,19.6233333333,67.322,12.7233333333,64.375,1.0,0.0666666666667,1.11666666667,142.083333333,0.0,0.1935,720.0,10736.8046875,49.4166666667
2014.0,7.0,18.0,3.0,18.8966666667,66.014,13.0941666667,68.975,1.0,0.0,0.166666666667,205.583333333,0.0,0.0845,720.0,10736.8046875,48.4583333333
2014.0,7.0,18.0,4.0,18.4091666667,65.1365,13.4741666667,72.8833333333,1.0,0.0166666666667,0.55,189.0,0.00816666666667,0.0195416666667,720.0,10736.8046875,53.5416666667
2014.0,7.0,18.0,5.0,18.1125,64.6025,13.6483333333,75.1,6.25,0.0333333333333,0.683333333333,177.666666667,0.0355833333333,0.00245833333333,720.0,10736.8046875,52.5833333333
2014.0,7.0,18.0,6.0,19.5033333333,67.106,13.6583333333,68.9166666667,104.0,0.0,0.7,164.0,0.0,0.1755,720.0,10736.8046875,51.3541666667
2014.0,7.0,18.0,7.0,22.4558333333,72.4205,13.5491666667,57.1666666667,275.5,0.0,0.116666666667,202.083333333,0.0,0.618375,720.0,10736.8046875,51.0208333333
2014.0,7.0,18.0,8.0,25.3591666667,77.6465,12.3675,44.525,447.916666667,0.133333333333,1.44166666667,207.833333333,0.0,1.053875,720.0,10736.8046875,51.625
2014.0,7.0,18.0,9.0,26.8258333333,80.2865,10.5366666667,36.0916666667,615.333333333,0.408333333333,2.64166666667,217.916666667,0.0,1.273875,720.0,10736.8046875,53.9166666667
2014.0,7.0,18.0,10.0,28.6891666667,83.6405,10.3233333333,31.9083333333,793.333333333,0.183333333333,2.08333333333,205.083333333,0.0,1.553375,720.0,10736.8046875,56.8958333333
2014.0,7.0,18.0,11.0,29.7025,85.4645,10.4216666667,30.35,885.916666667,0.316666666667,2.2,145.666666667,0.0,1.705375,720.0,10736.8046875,58.0625
2014.0,7.0,18.0,12.0,29.2475,84.6455,10.4058333333,31.075,740.333333333,0.133333333333,1.68333333333,145.916666667,0.0,1.637125,720.0,10736.8046875,59.5625
2014.0,7.0,18.0,13.0,30.2766666667,86.498,10.25,28.9833333333,811.666666667,0.216666666667,1.85833333333,167.583333333,0.0,1.7915,720.0,10736.8046875,57.0833333333
2014.0,7.0,18.0,14.0,31.4741666667,88.6535,11.2716666667,29.0083333333,833.25,0.133333333333,1.83333333333,221.0,0.0,1.971125,720.0,10736.8046875,58.4375
2014.0,7.0,18.0,15.0,30.8533333333,87.536,11.2241666667,30.15,579.666666667,0.283333333333,2.16666666667,169.666666667,0.0,1.878,720.0,10736.8046875,58.8333333333
2014.0,7.0,18.0,16.0,29.3941666667,84.9095,11.5308333333,33.2416666667,473.916666667,0.383333333333,2.94166666667,164.083333333,0.0,1.659125,720.0,10736.8046875,59.8125
2014.0,7.0,18.0,17.0,29.6733333333,85.412,12.1433333333,34.1166666667,366.166666667,0.191666666667,2.29166666667,156.083333333,0.0,1.701,720.0,10736.8046875,58.0
2014.0,7.0,18.0,18.0,28.4916666667,83.285,12.5741666667,37.5083333333,220.25,0.233333333333,2.14166666667,148.333333333,0.0,1.52375,720.0,10736.8046875,56.125
2014.0,7.0,18.0,19.0,26.1533333333,79.076,13.0091666667,44.1666666667,49.3333333333,0.183333333333,1.91666666667,150.75,0.0,1.173,720.0,10736.8046875,56.6666666667
2014.0,7.0,18.0,20.0,25.5016666667,77.903,12.7416666667,45.0916666667,1.33333333333,0.0333333333333,0.766666666667,175.75,0.0,1.07525,720.0,10736.8046875,54.6666666667
2014.0,7.0,18.0,21.0,24.0458333333,75.2825,15.4016666667,58.55,1.0,0.158333333333,1.875,311.416666667,0.0,0.856875,720.0,10736.8046875,54.8541666667
2014.0,7.0,18.0,22.0,22.7041666667,72.8675,15.1758333333,62.4666666667,1.0,0.0833333333333,1.00833333333,301.083333333,0.0,0.655625,720.0,10736.8046875,52.2916666667
2014.0,7.0,18.0,23.0,22.2758333333,72.0965,13.595,57.8583333333,1.0,0.0,0.0166666666667,324.5,0.0,0.591375,720.0,10736.8046875,50.9375
2014.0,7.0,19.0,0.0,21.9041666667,71.4275,13.8275,60.0916666667,1.0,0.0,0.0166666666667,113.25,0.0,0.535625,0.0,10736.8046875,50.5
2014.0,7.0,19.0,1.0,21.88,71.384,13.7008333333,59.675,1.0,0.0,0.0666666666667,49.4166666667,0.0,0.532,0.0,10736.8046875,49.9583333333
2014.0,7.0,19.0,2.0,22.0491666667,71.6885,13.3025,57.5583333333,1.0,0.0,0.0,277.916666667,0.0,0.557375,0.0,10736.8046875,49.6458333333
2014.0,7.0,19.0,3.0,21.9066666667,71.432,11.9325,53.1166666667,1.0,0.0,0.0,297.666666667,0.0,0.536,0.0,10736.8046875,48.9166666667
2014.0,7.0,19.0,4.0,21.8983333333,71.417,12.2925,54.4666666667,1.0,0.0,0.0,233.0,0.0,0.53475,0.0,10736.8046875,54.1458333333
2014.0,7.0,19.0,5.0,21.635,70.943,14.2391666667,62.7416666667,1.75,0.0,0.0,183.083333333,0.0,0.49525,0.0,10736.8046875,53.1666666667
2014.0,7.0,19.0,6.0,21.6191666667,70.9145,14.8625,65.3666666667,31.8333333333,0.0,0.05,144.666666667,0.0,0.492875,0.0,10736.8046875,53.0416666667
2014.0,7.0,19.0,7.0,22.9058333333,73.2305,15.0975,61.5166666667,132.916666667,0.0,0.05,214.166666667,0.0,0.685875,0.0,10736.8046875,51.2916666667
2014.0,7.0,19.0,8.0,24.3891666667,75.9005,13.945,52.1583333333,225.666666667,0.05,0.833333333333,216.666666667,0.0,0.908375,0.0,10736.8046875,51.3333333333
2014.0,7.0,19.0,9.0,24.9558333333,76.9205,11.8216666667,43.8916666667,256.666666667,0.0333333333333,0.783333333333,241.0,0.0,0.993375,0.0,10736.8046875,52.5
2014.0,7.0,19.0,10.0,25.0175,77.0315,12.1658333333,44.7166666667,320.666666667,0.241666666667,2.15833333333,252.75,0.0,1.002625,0.0,10736.8046875,52.7083333333
2014.0,7.0,19.0,11.0,26.1475,79.0655,12.62,43.0583333333,443.0,0.133333333333,1.75,230.75,0.0,1.172125,0.0,10736.8046875,54.0625
2014.0,7.0,19.0,12.0,27.725,81.905,13.1141666667,40.6166666667,617.0,0.2,1.75833333333,239.25,0.0,1.40875,0.0,10736.8046875,54.3125
2014.0,7.0,19.0,13.0,28.2408333333,82.8335,14.0341666667,41.8,651.25,0.275,2.21666666667,249.083333333,0.0,1.486125,0.0,10736.8046875,55.4583333333
2014.0,7.0,19.0,14.0,27.695,81.851,14.8958333333,45.6083333333,476.833333333,0.366666666667,2.80833333333,293.25,0.0,1.40425,0.0,10736.8046875,55.5
2014.0,7.0,19.0,15.0,27.5491666667,81.5885,14.515,44.9333333333,448.583333333,0.416666666667,2.86666666667,283.0,0.0,1.382375,0.0,10736.8046875,54.3541666667
2014.0,7.0,19.0,16.0,27.5133333333,81.524,14.75,45.7166666667,462.666666667,0.525,3.275,283.416666667,0.0,1.377,0.0,10736.8046875,55.1666666667
2014.0,7.0,19.0,17.0,26.4966666667,79.694,14.4833333333,47.6416666667,256.916666667,0.316666666667,2.74166666667,286.583333333,0.0,1.2245,0.0,10736.8046875,54.5
2014.0,7.0,19.0,18.0,25.7225,78.3005,14.8625,51.1916666667,196.083333333,0.516666666667,2.91666666667,253.0,0.0,1.108375,0.0,10736.8046875,54.2708333333
2014.0,7.0,19.0,19.0,23.9375,75.0875,15.6308333333,59.675,37.0,0.316666666667,2.64166666667,245.083333333,0.0,0.840625,0.0,10736.8046875,55.9375
2014.0,7.0,19.0,20.0,23.1383333333,73.649,15.5083333333,62.1333333333,1.25,0.25,2.3,252.0,0.0,0.72075,0.0,10736.8046875,54.2916666667
2014.0,7.0,19.0,21.0,22.5691666667,72.6245,16.4583333333,68.325,1.0,0.275,1.925,240.333333333,0.0,0.635375,0.0,10736.8046875,53.25
2014.0,7.0,19.0,22.0,22.2533333333,72.056,16.7141666667,70.775,1.0,0.216666666667,1.9,252.916666667,0.0,0.588,0.0,10736.8046875,51.1458333333
2014.0,7.0,19.0,23.0,21.8433333333,71.318,16.8033333333,72.975,1.0,0.166666666667,2.09166666667,238.25,0.0,0.5265,0.0,10736.8046875,50.0
2014.0,7.0,20.0,0.0,21.5116666667,70.721,17.2775,76.7666666667,1.0,0.166666666667,1.96666666667,227.083333333,0.0,0.47675,0.0,10736.8046875,49.4375
2014.0,7.0,20.0,1.0,21.22,70.196,17.3941666667,78.7,1.0,0.283333333333,2.60833333333,217.0,0.0,0.433,0.0,10736.8046875,49.8541666667
2014.0,7.0,20.0,2.0,21.0233333333,69.842,17.3708333333,79.55,1.0,0.2,1.825,202.5,0.0,0.4035,0.0,10736.8046875,49.5208333333
2014.0,7.0,20.0,3.0,20.6666666667,69.2,17.52,82.0666666667,1.0,0.233333333333,2.09166666667,203.416666667,0.0,0.35,0.0,10736.8046875,49.4791666667
2014.0,7.0,20.0,4.0,20.5541666667,68.9975,17.38,81.9166666667,1.0,0.2,2.275,199.166666667,0.0,0.333125,0.0,10736.8046875,54.6875
2014.0,7.0,20.0,5.0,20.395,68.711,17.095,81.2416666667,2.58333333333,0.241666666667,2.225,192.416666667,0.0,0.30925,0.0,10736.8046875,53.6458333333
2014.0,7.0,20.0,6.0,20.5775,69.0395,16.4166666667,76.9833333333,43.4166666667,0.341666666667,2.925,189.916666667,0.0,0.336625,0.0,10736.8046875,52.8541666667
2014.0,7.0,20.0,7.0,21.0041666667,69.8075,15.7025,71.625,109.083333333,0.458333333333,3.44166666667,194.0,0.0,0.400625,0.0,10736.8046875,50.4375
2014.0,7.0,20.0,8.0,22.425,72.365,15.9783333333,66.8666666667,246.5,0.266666666667,2.625,205.416666667,0.0,0.61375,0.0,10736.8046875,50.8333333333
2014.0,7.0,20.0,9.0,24.0041666667,75.2075,16.645,63.4416666667,422.916666667,0.4,2.76666666667,203.75,0.0,0.850625,0.0,10736.8046875,51.0208333333
2014.0,7.0,20.0,10.0,25.3466666667,77.624,16.2075,57.05,594.083333333,0.65,3.63333333333,228.416666667,0.0,1.052,0.0,10736.8046875,52.3958333333
2014.0,7.0,20.0,11.0,27.1716666667,80.909,16.3825,51.7666666667,892.916666667,0.958333333333,4.50833333333,245.166666667,0.0,1.32575,0.0,10736.8046875,53.25
2014.0,7.0,20.0,12.0,27.9825,82.3685,16.6408333333,50.1666666667,815.75,0.708333333333,4.11666666667,244.583333333,0.0,1.447375,0.0,10736.8046875,54.3333333333
2014.0,7.0,20.0,13.0,28.79,83.822,17.1691666667,49.55,768.166666667,0.783333333333,4.55,240.666666667,0.0,1.5685,0.0,10736.8046875,54.4375
2014.0,7.0,20.0,14.0,28.6341666667,83.5415,16.9975,49.5,593.416666667,0.55,3.75833333333,237.166666667,0.0,1.545125,0.0,10736.8046875,54.0416666667
2014.0,7.0,20.0,15.0,28.5525,83.3945,16.4216666667,47.8833333333,570.166666667,0.55,3.39166666667,261.416666667,0.0,1.532875,0.0,10736.8046875,54.1041666667
2014.0,7.0,20.0,16.0,28.9758333333,84.1565,16.0566666667,45.675,510.583333333,0.316666666667,2.60833333333,252.916666667,0.0,1.596375,0.0,10736.8046875,54.8541666667
2014.0,7.0,20.0,17.0,29.075,84.335,16.1391666667,45.6333333333,390.166666667,0.133333333333,1.86666666667,261.75,0.0,1.61125,0.0,10736.8046875,55.625
2014.0,7.0,20.0,18.0,27.8991666667,82.2185,15.7366666667,47.55,227.25,0.3,2.45833333333,245.666666667,0.0,1.434875,0.0,10736.8046875,55.7708333333
2014.0,7.0,20.0,19.0,25.3533333333,77.636,16.0266666667,56.35,57.3333333333,0.183333333333,2.15,253.0,0.0,1.053,0.0,10736.8046875,54.6458333333
2014.0,7.0,20.0,20.0,23.8491666667,74.9285,16.6016666667,63.8333333333,1.75,0.0,0.283333333333,274.916666667,0.0,0.827375,0.0,10736.8046875,53.1666666667
2014.0,7.0,20.0,21.0,23.1508333333,73.6715,16.695,66.9583333333,1.0,0.0,0.216666666667,282.0,0.0,0.722625,0.0,10736.8046875,52.1875
2014.0,7.0,20.0,22.0,22.225,72.005,16.7116666667,70.9083333333,1.0,0.0333333333333,1.1,291.166666667,0.0,0.58375,0.0,10736.8046875,50.5
2014.0,7.0,20.0,23.0,21.34,70.412,16.905,75.75,1.0,0.0,0.466666666667,274.083333333,0.0,0.451,0.0,10736.8046875,49.6875
2014.0,7.0,21.0,0.0,20.7975,69.4355,16.7433333333,77.5166666667,1.0,0.0,0.0166666666667,297.583333333,0.0,0.369625,720.0,10736.8046875,49.5
2014.0,7.0,21.0,1.0,20.0858333333,68.1545,16.7908333333,81.2333333333,1.0,0.0,0.0,277.916666667,0.0,0.262875,720.0,10736.8046875,49.5625
2014.0,7.0,21.0,2.0,19.9583333333,67.925,17.0258333333,83.1083333333,1.0,0.0,0.125,135.333333333,0.0,0.24375,720.0,10736.8046875,49.5416666667
2014.0,7.0,21.0,3.0,19.4966666667,67.094,17.0108333333,85.45,1.0,0.0,0.0166666666667,55.75,0.0,0.1745,720.0,10736.8046875,48.8541666667
2014.0,7.0,21.0,4.0,19.8641666667,67.7555,16.9825,83.3666666667,1.0,0.0,0.0,216.583333333,0.0,0.229625,720.0,10736.8046875,54.125
2014.0,7.0,21.0,5.0,19.7,67.46,17.1958333333,85.3583333333,4.25,0.0,0.0,197.75,0.0,0.205,720.0,10736.8046875,53.5625
2014.0,7.0,21.0,6.0,20.9333333333,69.68,17.3116666667,79.7416666667,77.0,0.0,0.0,196.5,0.0,0.39,720.0,10736.8046875,52.2916666667
2014.0,7.0,21.0,7.0,23.3808333333,74.0855,17.3141666667,68.7666666667,225.916666667,0.0,0.0,142.0,0.0,0.757125,720.0,10736.8046875,51.9791666667
2014.0,7.0,21.0,8.0,25.7066666667,78.272,17.0516666667,58.9,396.166666667,0.0,0.05,177.916666667,0.0,1.106,720.0,10736.8046875,53.4166666667
2014.0,7.0,21.0,9.0,27.4866666667,81.476,16.1108333333,49.925,566.916666667,0.05,0.85,211.083333333,0.0,1.373,720.0,10736.8046875,55.8125
2014.0,7.0,21.0,10.0,29.01,84.218,14.8883333333,42.3166666667,713.5,0.05,1.30833333333,247.916666667,0.0,1.6015,720.0,10736.8046875,59.9791666667
2014.0,7.0,21.0,11.0,30.75,87.35,14.945,38.3583333333,844.0,0.0166666666667,0.833333333333,260.166666667,0.0,1.8625,720.0,10736.8046875,59.3541666667
2014.0,7.0,21.0,12.0,31.2908333333,88.3235,15.0491666667,37.475,853.0,0.116666666667,1.46666666667,252.0,0.0,1.943625,720.0,10736.8046875,59.5
2014.0,7.0,21.0,13.0,31.8116666667,89.261,15.4,37.2166666667,786.0,0.1,1.14166666667,163.333333333,0.0,2.02175,720.0,10736.8046875,59.5208333333
2014.0,7.0,21.0,14.0,33.3041666667,91.9475,15.5533333333,34.55,798.75,0.116666666667,1.24166666667,150.5,0.0,2.245625,720.0,10736.8046875,58.5625
2014.0,7.0,21.0,15.0,31.6708333333,89.0075,16.1383333333,39.575,457.583333333,0.116666666667,1.55833333333,190.083333333,0.0,2.000625,720.0,10736.8046875,58.3958333333
2014.0,7.0,21.0,16.0,28.6866666667,83.636,16.64,48.1,135.666666667,0.05,0.783333333333,47.0833333333,0.0,1.553,720.0,10736.8046875,57.4375
2014.0,7.0,21.0,17.0,29.4666666667,85.04,18.0091666667,50.3166666667,238.25,0.275,1.85,285.416666667,0.0,1.67,720.0,10736.8046875,58.75
2014.0,7.0,21.0,18.0,27.9341666667,82.2815,19.5883333333,60.4416666667,147.166666667,0.383333333333,2.325,115.666666667,0.0,1.440125,720.0,10736.8046875,56.6875
2014.0,7.0,21.0,19.0,26.2633333333,79.274,19.4741666667,66.2583333333,51.5,0.291666666667,2.66666666667,132.25,0.0,1.1895,720.0,10736.8046875,55.875
2014.0,7.0,21.0,20.0,24.4933333333,76.088,18.5025,69.2083333333,1.91666666667,0.375,2.425,178.333333333,0.0,0.924,720.0,10736.8046875,55.4791666667
2014.0,7.0,21.0,21.0,23.5525,74.3945,17.6083333333,69.225,1.0,0.1,1.73333333333,309.75,0.0,0.782875,720.0,10736.8046875,53.75
2014.0,7.0,21.0,22.0,22.875,73.175,16.7391666667,68.275,1.0,0.0333333333333,0.933333333333,73.25,0.0,0.68125,720.0,10736.8046875,49.8333333333
2014.0,7.0,21.0,23.0,22.3775,72.2795,16.8908333333,71.0666666667,1.0,0.0166666666667,0.958333333333,67.5,0.0,0.606625,720.0,10736.8046875,48.8125
2014.0,7.0,22.0,0.0,21.7433333333,71.138,17.2925,75.7416666667,1.0,0.0,0.175,49.9166666667,0.0,0.5115,720.0,10736.8046875,48.125
2014.0,7.0,22.0,1.0,21.52,70.736,17.23,76.475,1.0,0.0166666666667,0.716666666667,57.6666666667,0.0,0.478,720.0,10736.8046875,48.4166666667
2014.0,7.0,22.0,2.0,21.3733333333,70.472,17.59,78.95,1.0,0.0166666666667,0.483333333333,55.1666666667,0.0,0.456,720.0,10736.8046875,48.5833333333
2014.0,7.0,22.0,3.0,21.1008333333,69.9815,17.9008333333,81.85,1.0,0.0,0.0,67.25,0.0,0.415125,720.0,10736.8046875,48.5625
2014.0,7.0,22.0,4.0,21.005,69.809,17.915,82.4,1.0,0.0,0.0,63.75,0.0,0.40075,720.0,10736.8046875,53.1041666667
2014.0,7.0,22.0,5.0,20.9525,69.7145,17.75,81.8083333333,4.66666666667,0.0,0.0,70.75,0.0,0.392875,720.0,10736.8046875,52.6458333333
2014.0,7.0,22.0,6.0,22.1008333333,71.7815,18.3725,79.3333333333,76.1666666667,0.0,0.0,64.0833333333,0.0,0.565125,720.0,10736.8046875,52.7916666667
2014.0,7.0,22.0,7.0,24.1625,75.4925,18.6708333333,71.375,226.916666667,0.0,0.0833333333333,60.6666666667,0.0,0.874375,720.0,10736.8046875,51.5625
2014.0,7.0,22.0,8.0,26.4141666667,79.5455,19.34,65.1,405.333333333,0.0,0.183333333333,57.5,0.0,1.212125,720.0,10736.8046875,54.625
2014.0,7.0,22.0,9.0,28.0791666667,82.5425,20.2066666667,62.375,576.833333333,0.133333333333,1.325,51.0,0.0,1.461875,720.0,10736.8046875,55.6666666667
2014.0,7.0,22.0,10.0,30.2933333333,86.528,20.0758333333,54.45,769.916666667,0.341666666667,2.425,19.9166666667,0.0,1.794,720.0,10736.8046875,58.4166666667
2014.0,7.0,22.0,11.0,31.1216666667,88.019,19.7233333333,50.8583333333,869.25,0.7,3.58333333333,63.9166666667,0.0,1.91825,720.0,10736.8046875,58.625
2014.0,7.0,22.0,12.0,31.1991666667,88.1585,19.8675,51.05,778.0,0.983333333333,4.06666666667,91.3333333333,0.0,1.929875,720.0,10736.8046875,58.4791666667
2014.0,7.0,22.0,13.0,32.35,90.23,19.8691666667,47.9083333333,744.083333333,0.691666666667,3.53333333333,90.6666666667,0.0,2.1025,720.0,10736.8046875,60.875
2014.0,7.0,22.0,14.0,32.52,90.536,19.9141666667,47.4916666667,777.416666667,0.741666666667,4.08333333333,71.8333333333,0.0,2.128,720.0,10736.8046875,63.1041666667
2014.0,7.0,22.0,15.0,31.9216666667,89.459,20.3058333333,50.3333333333,672.25,1.29166666667,4.95,56.0,0.0,2.03825,720.0,10736.8046875,62.1458333333
2014.0,7.0,22.0,16.0,32.5525,90.5945,19.8591666667,47.275,611.333333333,0.916666666667,4.35833333333,51.25,0.0,2.132875,720.0,10736.8046875,63.625
2014.0,7.0,22.0,17.0,31.4016666667,88.523,19.9741666667,50.725,415.083333333,1.45833333333,5.375,54.1666666667,0.0,1.96025,720.0,10736.8046875,62.25
2014.0,7.0,22.0,18.0,30.1208333333,86.2175,19.8241666667,54.0583333333,217.916666667,0.808333333333,4.175,43.5833333333,0.0,1.768125,720.0,10736.8046875,61.0625
2014.0,7.0,22.0,19.0,27.9916666667,82.385,19.1175,58.5333333333,59.4166666667,0.375,3.2,27.6666666667,0.0,1.44875,720.0,10736.8046875,58.6666666667
2014.0,7.0,22.0,20.0,26.1766666667,79.118,18.5841666667,62.9416666667,2.0,0.108333333333,1.71666666667,102.583333333,0.0,1.1765,720.0,10736.8046875,57.7916666667
2014.0,7.0,22.0,21.0,25.1833333333,77.33,17.9,63.9583333333,1.0,0.141666666667,1.73333333333,97.8333333333,0.0,1.0275,720.0,10736.8046875,56.375
2014.0,7.0,22.0,22.0,24.2783333333,75.701,16.5641666667,62.0416666667,1.0,0.116666666667,2.09166666667,18.75,0.0,0.89175,720.0,10736.8046875,52.9375
2014.0,7.0,22.0,23.0,23.3816666667,74.087,16.5166666667,65.3083333333,1.0,0.0666666666667,1.11666666667,79.0833333333,0.0,0.75725,720.0,10736.8046875,50.7916666667
2014.0,7.0,23.0,0.0,22.7616666667,72.971,18.0766666667,74.825,1.0,0.0,0.141666666667,63.0833333333,0.0,0.66425,720.0,10736.8046875,50.8125
2014.0,7.0,23.0,1.0,22.565,72.617,19.0275,80.3166666667,1.0,0.0166666666667,0.325,49.9166666667,0.0,0.63475,720.0,10736.8046875,50.5625
2014.0,7.0,23.0,2.0,22.4358333333,72.3845,19.2808333333,82.225,1.0,0.0166666666667,0.475,54.8333333333,0.0,0.615375,720.0,10736.8046875,50.5
2014.0,7.0,23.0,3.0,22.2625,72.0725,19.465,84.075,1.0,0.0166666666667,0.25,47.4166666667,0.0,0.589375,720.0,10736.8046875,50.5208333333
2014.0,7.0,23.0,4.0,21.9875,71.5775,19.54,85.8833333333,1.0,0.0166666666667,0.775,59.9166666667,0.0,0.548125,720.0,10736.8046875,56.1666666667
2014.0,7.0,23.0,5.0,22.1575,71.8835,20.03,87.6083333333,3.66666666667,0.0,0.733333333333,111.166666667,0.0,0.573625,720.0,10736.8046875,55.4166666667
2014.0,7.0,23.0,6.0,23.2166666667,73.79,20.4158333333,84.1666666667,84.6666666667,0.0166666666667,0.816666666667,58.6666666667,0.0,0.7325,720.0,10736.8046875,55.0208333333
2014.0,7.0,23.0,7.0,24.3075,75.7535,20.83,81.0416666667,175.166666667,0.1,1.08333333333,46.75,0.0,0.896125,720.0,10736.8046875,49.625
2014.0,7.0,23.0,8.0,26.5658333333,79.8185,21.4441666667,73.7666666667,312.416666667,0.0,0.358333333333,49.5,0.0,1.234875,720.0,10736.8046875,55.2916666667
2014.0,7.0,23.0,9.0,29.3416666667,84.815,21.9375,64.4583333333,575.25,0.2,2.125,26.4166666667,0.0,1.65125,720.0,10736.8046875,57.0625
2014.0,7.0,23.0,10.0,31.1866666667,88.136,22.0191666667,58.3333333333,709.083333333,0.416666666667,2.7,63.5,0.0,1.928,720.0,10736.8046875,60.1041666667
2014.0,7.0,23.0,11.0,31.7225,89.1005,22.5908333333,58.5,766.666666667,0.583333333333,4.15,40.25,0.0,2.008375,720.0,10736.8046875,60.8125
2014.0,7.0,23.0,12.0,32.8791666667,91.1825,22.7075,55.2333333333,919.583333333,0.991666666667,4.575,36.9166666667,0.0,2.181875,720.0,10736.8046875,60.5833333333
2014.0,7.0,23.0,13.0,33.2258333333,91.8065,22.8241666667,54.6,839.916666667,1.50833333333,5.86666666667,49.0,0.0,2.233875,720.0,10736.8046875,61.3958333333
2014.0,7.0,23.0,14.0,34.7366666667,94.526,22.7741666667,50.0416666667,788.833333333,0.808333333333,4.875,69.9166666667,0.0,2.4605,720.0,10736.8046875,62.2291666667
2014.0,7.0,23.0,15.0,34.3133333333,93.764,22.2366666667,49.525,671.833333333,1.23333333333,4.95,45.0833333333,0.0,2.397,720.0,10736.8046875,62.5625
2014.0,7.0,23.0,16.0,34.3133333333,93.764,22.2375,49.5166666667,577.75,0.85,4.93333333333,34.6666666667,0.0,2.397,720.0,10736.8046875,62.8958333333
2014.0,7.0,23.0,17.0,33.7766666667,92.798,22.5808333333,52.225,352.583333333,0.8,5.225,58.0833333333,0.0,2.3165,720.0,10736.8046875,61.4375
2014.0,7.0,23.0,18.0,30.9008333333,87.6215,23.3058333333,64.0083333333,74.5,0.425,3.48333333333,34.0833333333,0.0,1.885125,720.0,10736.8046875,60.375
2014.0,7.0,23.0,19.0,29.2958333333,84.7325,23.5291666667,71.1333333333,6.25,0.275,2.51666666667,72.1666666667,0.0,1.644375,720.0,10736.8046875,60.0208333333
2014.0,7.0,23.0,20.0,23.3566666667,74.042,22.4166666667,94.35,1.0,0.1,1.36666666667,72.1666666667,0.0,0.7535,720.0,10736.8046875,58.9375
2014.0,7.0,23.0,21.0,22.2491666667,72.0485,21.9308333333,97.9166666667,1.0,0.0,0.0,96.1666666667,0.0,0.587375,720.0,10736.8046875,57.9166666667
2014.0,7.0,23.0,22.0,22.7525,72.9545,22.0041666667,95.3916666667,1.0,0.0166666666667,0.541666666667,86.1666666667,0.0,0.662875,720.0,10736.8046875,54.4791666667
2014.0,7.0,23.0,23.0,22.5916666667,72.665,21.41,92.875,1.0,0.0,0.25,69.8333333333,0.0,0.63875,720.0,10736.8046875,52.9791666667
2014.0,7.0,24.0,0.0,22.8133333333,73.064,21.4858333333,92.0666666667,1.0,0.0166666666667,0.225,158.833333333,0.0,0.672,720.0,10736.8046875,52.1666666667
2014.0,7.0,24.0,1.0,22.8983333333,73.217,21.6233333333,92.375,1.0,0.0,0.158333333333,156.833333333,0.0,0.68475,720.0,10736.8046875,52.375
2014.0,7.0,24.0,2.0,23.0208333333,73.4375,21.3525,90.1833333333,1.0,0.0833333333333,1.23333333333,159.333333333,0.0,0.703125,720.0,10736.8046875,51.75
2014.0,7.0,24.0,3.0,22.3325,72.1985,20.5391666667,89.4583333333,1.0,0.291666666667,2.71666666667,121.916666667,0.0,0.599875,720.0,10736.8046875,52.0208333333
2014.0,7.0,24.0,4.0,21.84,71.312,19.885,88.525,1.0,0.258333333333,2.34166666667,120.25,0.0,0.526,720.0,10736.8046875,56.8333333333
2014.0,7.0,24.0,5.0,21.52,70.736,19.1183333333,86.075,1.91666666667,0.575,3.51666666667,124.083333333,0.0,0.478,720.0,10736.8046875,57.2708333333
2014.0,7.0,24.0,6.0,21.7233333333,71.102,18.5591666667,82.1416666667,58.25,0.425,3.15,127.583333333,0.0,0.5085,720.0,10736.8046875,57.4791666667
2014.0,7.0,24.0,7.0,22.2725,72.0905,18.0958333333,77.15,145.166666667,0.591666666667,3.80833333333,129.75,0.0,0.590875,720.0,10736.8046875,58.75
2014.0,7.0,24.0,8.0,22.9025,73.2245,17.5325,71.6666666667,244.416666667,0.816666666667,4.61666666667,137.333333333,0.0,0.685375,720.0,10736.8046875,59.75
2014.0,7.0,24.0,9.0,23.6766666667,74.618,17.3341666667,67.5666666667,327.5,0.866666666667,4.80833333333,162.0,0.0,0.8015,720.0,10736.8046875,62.125
2014.0,7.0,24.0,10.0,24.365,75.857,16.8583333333,62.9166666667,384.333333333,0.675,3.89166666667,139.916666667,0.0,0.90475,720.0,10736.8046875,63.3541666667
2014.0,7.0,24.0,11.0,25.2966666667,77.534,17.0341666667,60.1666666667,431.75,0.375,2.575,123.25,0.0,1.0445,720.0,10736.8046875,63.0
2014.0,7.0,24.0,12.0,26.5241666667,79.7435,16.6025,54.55,597.333333333,0.558333333333,3.36666666667,124.916666667,0.0,1.228625,720.0,10736.8046875,63.1875
2014.0,7.0,24.0,13.0,27.8416666667,82.115,15.2316666667,46.2666666667,849.166666667,0.958333333333,4.58333333333,159.75,0.0,1.42625,720.0,10736.8046875,63.2291666667
2014.0,7.0,24.0,14.0,29.8666666667,85.76,15.495,41.9416666667,884.583333333,0.625,3.34166666667,178.416666667,0.0,1.73,720.0,10736.8046875,61.8541666667
2014.0,7.0,24.0,15.0,31.0066666667,87.812,15.1725,38.45,755.916666667,0.491666666667,2.90833333333,179.083333333,0.0,1.901,720.0,10736.8046875,57.2692307692
2014.0,7.0,24.0,16.0,29.15,84.47,14.5141666667,40.9833333333,398.166666667,0.725,3.975,161.833333333,0.0,1.6225,720.0,10736.8046875,63.3333333333
2014.0,7.0,24.0,17.0,28.6991666667,83.6585,13.81,40.2333333333,304.166666667,0.675,3.78333333333,147.666666667,0.0,1.554875,720.0,10736.8046875,62.1875
2014.0,7.0,24.0,18.0,26.4616666667,79.631,13.7716666667,45.5583333333,86.25,0.458333333333,3.11666666667,148.083333333,0.0,1.21925,720.0,10736.8046875,58.6666666667
2014.0,7.0,24.0,19.0,25.3233333333,77.582,13.8691666667,49.0416666667,36.0833333333,0.85,4.075,129.083333333,0.0,1.0485,720.0,10736.8046875,57.6458333333
2014.0,7.0,24.0,20.0,24.255,75.659,13.8216666667,52.1083333333,3.0,0.391666666667,2.78333333333,130.5,0.0,0.88825,720.0,10736.8046875,55.0416666667
2014.0,7.0,24.0,21.0,23.3141666667,73.9655,13.7391666667,54.8416666667,1.0,0.4,3.11666666667,159.083333333,0.0,0.747125,720.0,10736.8046875,56.2291666667
2014.0,7.0,24.0,22.0,22.4591666667,72.4265,13.515,56.925,1.0,0.308333333333,2.3,158.083333333,0.0,0.618875,720.0,10736.8046875,53.7708333333
2014.0,7.0,24.0,23.0,21.5316666667,70.757,13.1425,58.775,1.0,0.35,2.69166666667,164.0,0.0,0.47975,720.0,10736.8046875,51.9583333333
2014.0,7.0,25.0,0.0,20.6783333333,69.221,12.9091666667,61.0333333333,1.0,0.391666666667,2.75833333333,149.333333333,0.0,0.35175,720.0,10736.8046875,50.9583333333
2014.0,7.0,25.0,1.0,19.8758333333,67.7765,12.9183333333,64.1416666667,1.0,0.133333333333,1.93333333333,120.916666667,0.0,0.231375,720.0,10736.8046875,51.1875
2014.0,7.0,25.0,2.0,19.0475,66.2855,12.7783333333,66.9166666667,1.0,0.116666666667,1.80833333333,115.416666667,0.0,0.107125,720.0,10736.8046875,50.8541666667
2014.0,7.0,25.0,3.0,18.4425,65.1965,12.4816666667,68.175,1.0,0.191666666667,2.05,126.916666667,0.010875,0.02725,720.0,10736.8046875,50.4583333333
2014.0,7.0,25.0,4.0,17.5883333333,63.659,12.2683333333,70.9166666667,1.0,0.191666666667,2.0,161.916666667,0.11175,0.0,720.0,10736.8046875,56.0833333333
2014.0,7.0,25.0,5.0,17.0841666667,62.7515,12.1258333333,72.5333333333,3.83333333333,0.133333333333,1.65833333333,158.083333333,0.187375,0.0,720.0,10736.8046875,54.8333333333
2014.0,7.0,25.0,6.0,18.525,65.345,11.9483333333,65.5583333333,97.5833333333,0.0166666666667,0.891666666667,156.583333333,0.0299166666667,0.0586666666667,720.0,10736.8046875,54.3958333333
2014.0,7.0,25.0,7.0,20.5041666667,68.9075,11.8158333333,57.4666666667,270.333333333,0.116666666667,1.95833333333,144.083333333,0.0,0.325625,720.0,10736.8046875,53.7916666667
2014.0,7.0,25.0,8.0,22.5358333333,72.5645,12.2091666667,52.1,450.0,0.15,2.075,145.75,0.0,0.630375,720.0,10736.8046875,55.2291666667
2014.0,7.0,25.0,9.0,24.8466666667,76.724,12.5533333333,46.4083333333,617.833333333,0.133333333333,1.81666666667,175.083333333,0.0,0.977,720.0,10736.8046875,57.9166666667
2014.0,7.0,25.0,10.0,26.4608333333,79.6295,13.5491666667,45.0,761.75,0.0833333333333,1.24166666667,168.583333333,0.0,1.219125,720.0,10736.8046875,59.8958333333
2014.0,7.0,25.0,11.0,27.615,81.707,13.7908333333,42.8833333333,669.916666667,0.0166666666667,0.808333333333,139.5,0.0,1.39225,720.0,10736.8046875,61.2916666667
2014.0,7.0,25.0,12.0,29.4416666667,84.995,13.1608333333,36.95,894.75,0.0666666666667,1.25,141.0,0.0,1.66625,720.0,10736.8046875,60.8541666667
2014.0,7.0,25.0,13.0,29.5858333333,85.2545,13.1441666667,36.65,673.5,0.0666666666667,1.35833333333,134.833333333,0.0,1.687875,720.0,10736.8046875,61.1041666667
2014.0,7.0,25.0,14.0,32.1791666667,89.9225,13.1316666667,31.5833333333,990.5,0.3,1.96666666667,57.0833333333,0.0,2.076875,720.0,10736.8046875,45.3958333333
2014.0,7.0,25.0,15.0,29.2625,84.6725,13.2583333333,37.5166666667,448.0,0.358333333333,2.16666666667,114.416666667,0.0,1.639375,720.0,10736.8046875,61.6666666667
2014.0,7.0,25.0,16.0,30.8258333333,87.4865,12.4675,32.5416666667,599.75,0.241666666667,2.05,177.5,0.0,1.873875,720.0,10736.8046875,61.4375
2014.0,7.0,25.0,17.0,30.8941666667,87.6095,12.4566666667,32.4583333333,422.666666667,0.275,2.0,95.6666666667,0.0,1.884125,720.0,10736.8046875,61.4166666667
2014.0,7.0,25.0,18.0,29.6775,85.4195,12.7308333333,35.35,253.583333333,0.4,2.40833333333,93.75,0.0,1.701625,720.0,10736.8046875,60.2291666667
2014.0,7.0,25.0,19.0,26.6633333333,79.994,13.53,44.5,64.75,0.641666666667,3.45,56.25,0.0,1.2495,720.0,10736.8046875,58.0
2014.0,7.0,25.0,20.0,24.765,76.577,13.8091666667,50.5,1.41666666667,0.391666666667,2.875,60.5,0.0,0.96475,720.0,10736.8046875,56.6875
2014.0,7.0,25.0,21.0,23.6341666667,74.5415,12.8091666667,50.625,1.0,0.0,0.233333333333,59.4166666667,0.0,0.795125,720.0,10736.8046875,56.3333333333
2014.0,7.0,25.0,22.0,22.8075,73.0535,13.6741666667,56.5333333333,1.0,0.0,0.241666666667,58.75,0.0,0.671125,720.0,10736.8046875,53.7708333333
2014.0,7.0,25.0,23.0,21.755,71.159,14.9283333333,65.1,1.0,0.0,0.0166666666667,231.416666667,0.0,0.51325,720.0,10736.8046875,51.7708333333
2014.0,7.0,26.0,0.0,21.1516666667,70.073,14.7766666667,66.8916666667,1.0,0.0,0.0,266.666666667,0.0,0.42275,0.0,10736.8046875,51.6458333333
2014.0,7.0,26.0,1.0,20.7116666667,69.281,14.8325,68.975,1.0,0.0,0.05,42.0833333333,0.0,0.35675,0.0,10736.8046875,50.7291666667
2014.0,7.0,26.0,2.0,20.4683333333,68.843,15.8291666667,74.6416666667,1.0,0.0166666666667,0.55,60.3333333333,0.0,0.32025,0.0,10736.8046875,50.3541666667
2014.0,7.0,26.0,3.0,20.4808333333,68.8655,15.7966666667,74.4166666667,1.0,0.0,0.575,58.5,0.0,0.322125,0.0,10736.8046875,49.8958333333
2014.0,7.0,26.0,4.0,20.4141666667,68.7455,15.5866666667,73.725,1.0,0.0,0.0666666666667,53.9166666667,0.0,0.312125,0.0,10736.8046875,56.6875
2014.0,7.0,26.0,5.0,20.6866666667,69.236,15.7091666667,73.075,3.0,0.0,0.0,54.1666666667,0.0,0.353,0.0,10736.8046875,54.4583333333
2014.0,7.0,26.0,6.0,21.3808333333,70.4855,16.0366666667,71.5083333333,25.9166666667,0.0,0.0333333333333,173.333333333,0.0,0.457125,0.0,10736.8046875,53.4166666667
2014.0,7.0,26.0,7.0,22.2958333333,72.1325,16.7675,70.8666666667,94.3333333333,0.0166666666667,0.3,245.083333333,0.0,0.594375,0.0,10736.8046875,8.8125
2014.0,7.0,26.0,8.0,23.0891666667,73.5605,17.5033333333,70.7666666667,164.25,0.05,1.09166666667,58.25,0.0,0.713375,0.0,10736.8046875,4.39583333333
2014.0,7.0,26.0,9.0,20.5266666667,68.948,17.7233333333,84.275,62.75,0.1,0.875,151.833333333,0.0,0.329,0.0,10736.8046875,52.2916666667
2014.0,7.0,26.0,10.0,21.6075,70.8935,12.21,59.4916666667,197.5,0.0,0.0166666666667,203.5,0.0,0.491125,0.0,10736.8046875,52.4166666667
2014.0,7.0,26.0,11.0,25.98,78.764,19.3133333333,66.6833333333,447.333333333,0.0,0.166666666667,299.916666667,0.0,1.147,0.0,10736.8046875,54.5833333333
2014.0,7.0,26.0,12.0,24.9783333333,76.961,19.7683333333,72.8583333333,228.416666667,0.0166666666667,0.65,68.5,0.0,0.99675,0.0,10736.8046875,56.0
2014.0,7.0,26.0,13.0,24.615,76.307,20.445,78.125,266.5,0.125,1.44166666667,67.9166666667,0.0,0.94225,0.0,10736.8046875,55.2708333333
2014.0,7.0,26.0,14.0,27.6016666667,81.683,20.2883333333,64.6666666667,624.25,0.0833333333333,1.14166666667,328.333333333,0.0,1.39025,0.0,10736.8046875,56.1875
2014.0,7.0,26.0,15.0,27.3033333333,81.146,20.6875,67.2083333333,383.416666667,0.183333333333,2.08333333333,326.416666667,0.0,1.3455,0.0,10736.8046875,55.6458333333
2014.0,7.0,26.0,16.0,28.6808333333,83.6255,20.0083333333,59.65,496.0,0.225,2.00833333333,259.25,0.0,1.552125,0.0,10736.8046875,56.3125
2014.0,7.0,26.0,17.0,28.1783333333,82.721,20.5166666667,63.3916666667,293.5,0.3,2.58333333333,330.416666667,0.0,1.47675,0.0,10736.8046875,56.7291666667
2014.0,7.0,26.0,18.0,27.5866666667,81.656,20.5891666667,65.7083333333,181.916666667,0.291666666667,2.03333333333,331.083333333,0.0,1.388,0.0,10736.8046875,57.8125
2014.0,7.0,26.0,19.0,26.6091666667,79.8965,20.455,69.0916666667,75.0833333333,0.15,1.475,309.666666667,0.0,1.241375,0.0,10736.8046875,57.4375
2014.0,7.0,26.0,20.0,24.8441666667,76.7195,20.8858333333,78.5666666667,1.33333333333,0.183333333333,2.14166666667,333.916666667,0.0,0.976625,0.0,10736.8046875,56.9791666667
2014.0,7.0,26.0,21.0,24.0858333333,75.3545,21.3041666667,84.3583333333,1.0,0.15,1.98333333333,327.083333333,0.0,0.862875,0.0,10736.8046875,55.1458333333
2014.0,7.0,26.0,22.0,23.4291666667,74.1725,21.4341666667,88.4333333333,1.0,0.1,1.325,194.75,0.0,0.764375,0.0,10736.8046875,52.4791666667
2014.0,7.0,26.0,23.0,23.0908333333,73.5635,21.4041666667,90.0916666667,1.0,0.0,0.275,203.416666667,0.0,0.713625,0.0,10736.8046875,51.5625
2014.0,7.0,27.0,0.0,22.5175,72.5315,20.995,90.9666666667,1.0,0.0333333333333,0.725,319.666666667,0.0,0.627625,0.0,10736.8046875,51.6041666667
2014.0,7.0,27.0,1.0,22.3775,72.2795,21.0725,92.1833333333,1.0,0.0166666666667,0.341666666667,236.333333333,0.0,0.606625,0.0,10736.8046875,51.0625
2014.0,7.0,27.0,2.0,22.395,72.311,20.9408333333,91.3416666667,1.0,0.0,0.383333333333,268.583333333,0.0,0.60925,0.0,10736.8046875,50.7916666667
2014.0,7.0,27.0,3.0,22.4725,72.4505,21.18,92.25,1.0,0.0,0.466666666667,53.4166666667,0.0,0.620875,0.0,10736.8046875,50.1666666667
2014.0,7.0,27.0,4.0,21.8125,71.2625,21.2983333333,96.8,1.0,0.0,0.408333333333,220.25,0.0,0.521875,0.0,10736.8046875,55.5416666667
2014.0,7.0,27.0,5.0,21.7291666667,71.1125,21.4675,98.2416666667,1.33333333333,0.0,0.0166666666667,108.583333333,0.0,0.509375,0.0,10736.8046875,54.5625
2014.0,7.0,27.0,6.0,22.4833333333,72.47,21.3133333333,92.9583333333,15.0,0.0166666666667,0.5,95.0833333333,0.0,0.6225,0.0,10736.8046875,54.0416666667
2014.0,7.0,27.0,7.0,23.2133333333,73.784,21.9033333333,92.2,64.5833333333,0.0166666666667,0.466666666667,92.1666666667,0.0,0.732,0.0,10736.8046875,52.2916666667
2014.0,7.0,27.0,8.0,24.7675,76.5815,22.2,85.6083333333,267.75,0.341666666667,2.15833333333,52.5,0.0,0.965125,0.0,10736.8046875,52.9166666667
2014.0,7.0,27.0,9.0,27.81,82.058,21.5833333333,69.1333333333,536.833333333,1.16666666667,4.70833333333,57.0833333333,0.0,1.4215,0.0,10736.8046875,52.7083333333
2014.0,7.0,27.0,10.0,27.86,82.148,20.2958333333,63.4916666667,476.5,1.375,5.175,66.5,0.0,1.429,0.0,10736.8046875,53.1875
2014.0,7.0,27.0,11.0,28.6275,83.5295,19.9725,59.5416666667,552.083333333,0.866666666667,3.60833333333,65.6666666667,0.0,1.544125,0.0,10736.8046875,53.6875
2014.0,7.0,27.0,12.0,31.1208333333,88.0175,20.0716666667,52.0,866.583333333,0.591666666667,3.35833333333,70.9166666667,0.0,1.918125,0.0,10736.8046875,55.375
2014.0,7.0,27.0,13.0,32.4408333333,90.3935,20.8191666667,50.4166666667,721.416666667,1.01666666667,4.54166666667,68.5,0.0,2.116125,0.0,10736.8046875,55.9791666667
2014.0,7.0,27.0,14.0,33.1741666667,91.7135,20.7066666667,48.1416666667,788.583333333,1.10833333333,4.68333333333,61.4166666667,0.0,2.226125,0.0,10736.8046875,55.875
2014.0,7.0,27.0,15.0,33.645,92.561,20.57,46.4916666667,741.083333333,1.1,4.70833333333,64.5,0.0,2.29675,0.0,10736.8046875,56.2083333333
2014.0,7.0,27.0,16.0,32.67,90.806,21.4516666667,51.8166666667,447.5,0.641666666667,4.15833333333,46.9166666667,0.0,2.1505,0.0,10736.8046875,56.5208333333
2014.0,7.0,27.0,17.0,31.9333333333,89.48,21.9116666667,55.525,350.0,0.9,4.375,77.75,0.0,2.04,0.0,10736.8046875,56.1041666667
2014.0,7.0,27.0,18.0,30.2958333333,86.5325,22.7058333333,64.025,177.416666667,0.541666666667,3.63333333333,93.75,0.0,1.794375,0.0,10736.8046875,55.5416666667
2014.0,7.0,27.0,19.0,27.8683333333,82.163,23.1066666667,75.2666666667,10.5,0.45,3.34166666667,53.5,0.0,1.43025,0.0,10736.8046875,54.9791666667
2014.0,7.0,27.0,20.0,27.0375,80.6675,23.0391666667,78.6666666667,1.0,0.35,3.15,156.333333333,0.0,1.305625,0.0,10736.8046875,55.1041666667
2014.0,7.0,27.0,21.0,26.4716666667,79.649,22.7783333333,80.05,1.0,0.516666666667,3.96666666667,16.5,0.0,1.22075,0.0,10736.8046875,53.5625
2014.0,7.0,27.0,22.0,25.3841666667,77.6915,22.6716666667,84.8666666667,1.0,0.25,2.675,205.416666667,0.0,1.057625,0.0,10736.8046875,52.0833333333
2014.0,7.0,27.0,23.0,23.435,74.183,3.9325,56.725,1.0,0.35,2.375,115.666666667,0.0,0.76525,0.0,10736.8046875,51.25
2014.0,7.0,28.0,0.0,20.2958333333,68.5325,-37.6,1.0,1.0,0.0833333333333,1.45,196.75,0.0,0.294375,720.0,10736.8046875,51.2916666667
2014.0,7.0,28.0,1.0,20.5258333333,68.9465,-37.46,1.0,1.0,0.15,1.84166666667,53.4166666667,0.0,0.328875,720.0,10736.8046875,50.9791666667
2014.0,7.0,28.0,2.0,19.9875,67.9775,-37.7841666667,1.0,1.0,0.05,0.425,287.166666667,0.0,0.248125,720.0,10736.8046875,50.7708333333
2014.0,7.0,28.0,3.0,19.655,67.379,-37.9841666667,1.0,1.0,0.0,0.0,335.75,0.0,0.19825,720.0,10736.8046875,50.4375
2014.0,7.0,28.0,4.0,20.2025,68.3645,-9.6475,45.5583333333,1.0,0.0,0.0,62.6666666667,0.0,0.280375,720.0,10736.8046875,56.5833333333
2014.0,7.0,28.0,5.0,20.5,68.9,20.0708333333,97.225,1.66666666667,0.0,0.508333333333,48.75,0.0,0.325,720.0,10736.8046875,55.0
2014.0,7.0,28.0,6.0,20.815,69.467,20.1633333333,95.9,38.5833333333,0.0166666666667,0.708333333333,68.75,0.0,0.37225,720.0,10736.8046875,55.2708333333
2014.0,7.0,28.0,7.0,22.2333333333,72.02,20.4925,89.95,171.833333333,0.1,1.08333333333,72.4166666667,0.0,0.585,720.0,10736.8046875,53.375
2014.0,7.0,28.0,8.0,24.7916666667,76.625,20.105,75.175,387.083333333,0.816666666667,3.825,70.6666666667,0.0,0.96875,720.0,10736.8046875,56.25
2014.0,7.0,28.0,9.0,25.3708333333,77.6675,20.0441666667,72.3416666667,448.833333333,1.825,6.15833333333,72.0833333333,0.0,1.055625,720.0,10736.8046875,59.0
2014.0,7.0,28.0,10.0,26.3475,79.4255,19.6125,66.575,400.083333333,1.33333333333,5.68333333333,75.3333333333,0.0,1.202125,720.0,10736.8046875,60.375
2014.0,7.0,28.0,11.0,26.2675,79.2815,18.065,60.6666666667,368.166666667,1.71666666667,6.45,73.4166666667,0.0,1.190125,720.0,10736.8046875,59.7916666667
2014.0,7.0,28.0,12.0,27.5991666667,81.6785,17.2733333333,53.4083333333,885.916666667,2.45,7.73333333333,66.8333333333,0.0,1.389875,720.0,10736.8046875,60.6041666667
2014.0,7.0,28.0,13.0,28.1966666667,82.754,16.4808333333,49.0333333333,855.0,2.60833333333,8.30833333333,70.4166666667,0.0,1.4795,720.0,10736.8046875,60.6458333333
2014.0,7.0,28.0,14.0,28.6916666667,83.645,16.0725,46.4166666667,741.916666667,2.66666666667,7.975,67.25,0.0,1.55375,720.0,10736.8046875,59.3541666667
2014.0,7.0,28.0,15.0,28.4041666667,83.1275,15.9025,46.6916666667,535.083333333,3.05,8.89166666667,65.6666666667,0.0,1.510625,720.0,10736.8046875,60.125
2014.0,7.0,28.0,16.0,27.8008333333,82.0415,15.6241666667,47.5583333333,421.0,3.2,9.13333333333,62.5,0.0,1.420125,720.0,10736.8046875,61.4166666667
2014.0,7.0,28.0,17.0,28.1408333333,82.6535,15.8783333333,47.35,333.666666667,2.41666666667,7.225,67.25,0.0,1.471125,720.0,10736.8046875,60.0
2014.0,7.0,28.0,18.0,27.455,81.419,15.4708333333,48.0083333333,218.666666667,2.66666666667,7.96666666667,69.0,0.0,1.36825,720.0,10736.8046875,59.3541666667
2014.0,7.0,28.0,19.0,24.3741666667,75.8735,16.1775,60.4833333333,27.5833333333,1.25833333333,6.9,91.25,0.0,0.906125,720.0,10736.8046875,58.5625
2014.0,7.0,28.0,20.0,22.4816666667,72.467,16.3691666667,68.3083333333,1.0,0.791666666667,4.63333333333,104.166666667,0.0,0.62225,720.0,10736.8046875,57.8125
2014.0,7.0,28.0,21.0,21.7625,71.1725,16.5525,72.1833333333,1.0,0.575,4.03333333333,115.083333333,0.0,0.514375,720.0,10736.8046875,58.25
2014.0,7.0,28.0,22.0,21.1383333333,70.049,16.5591666667,75.05,1.0,0.341666666667,2.99166666667,97.4166666667,0.0,0.42075,720.0,10736.8046875,54.2708333333
2014.0,7.0,28.0,23.0,20.445,68.801,16.5066666667,78.0416666667,1.0,0.25,3.23333333333,106.916666667,0.0,0.31675,720.0,10736.8046875,52.6041666667
2014.0,7.0,29.0,0.0,19.7116666667,67.481,15.2766666667,75.4916666667,1.0,0.35,3.16666666667,104.666666667,0.0,0.20675,720.0,10736.8046875,51.9375
2014.0,7.0,29.0,1.0,19.1208333333,66.4175,14.6325,75.1416666667,1.0,0.133333333333,1.94166666667,117.5,0.0,0.118125,720.0,10736.8046875,52.0625
2014.0,7.0,29.0,2.0,18.49,65.282,14.3133333333,76.5583333333,1.0,0.0166666666667,1.225,92.6666666667,0.000916666666667,0.0244166666667,720.0,10736.8046875,51.6041666667
2014.0,7.0,29.0,3.0,17.995,64.391,14.15,78.15,1.0,0.0833333333333,2.1,88.3333333333,0.0514583333333,0.000708333333333,720.0,10736.8046875,51.0833333333
2014.0,7.0,29.0,4.0,17.61,63.698,13.9675,79.1333333333,1.0,0.05,1.94166666667,92.75,0.1085,0.0,720.0,10736.8046875,56.5833333333
2014.0,7.0,29.0,5.0,17.1716666667,62.909,13.7833333333,80.3833333333,3.66666666667,0.0333333333333,1.11666666667,102.75,0.17425,0.0,720.0,10736.8046875,55.0
2014.0,7.0,29.0,6.0,17.8783333333,64.181,13.6133333333,76.0583333333,78.6666666667,0.0,0.791666666667,91.8333333333,0.0755416666667,0.00729166666667,720.0,10736.8046875,54.8541666667
2014.0,7.0,29.0,7.0,19.4408333333,66.9935,13.2058333333,67.225,225.416666667,0.116666666667,1.91666666667,120.833333333,0.0,0.166125,720.0,10736.8046875,53.8958333333
2014.0,7.0,29.0,8.0,20.8608333333,69.5495,12.9175,60.4083333333,378.0,0.258333333333,2.51666666667,108.75,0.0,0.379125,720.0,10736.8046875,55.0208333333
2014.0,7.0,29.0,9.0,21.9275,71.4695,12.7841666667,56.0833333333,520.083333333,0.35,2.80833333333,119.666666667,0.0,0.539125,720.0,10736.8046875,56.4166666667
2014.0,7.0,29.0,10.0,23.6183333333,74.513,12.8733333333,51.0083333333,691.75,0.291666666667,2.40833333333,129.916666667,0.0,0.79275,720.0,10736.8046875,58.4583333333
2014.0,7.0,29.0,11.0,24.5933333333,76.268,12.455,46.75,779.833333333,0.575,3.49166666667,125.25,0.0,0.939,720.0,10736.8046875,60.5833333333
2014.0,7.0,29.0,12.0,24.8366666667,76.706,12.2875,45.5916666667,645.5,0.2,2.34166666667,128.5,0.0,0.9755,720.0,10736.8046875,60.1041666667
2014.0,7.0,29.0,13.0,25.0658333333,77.1185,11.5766666667,42.8833333333,452.916666667,0.15,1.81666666667,97.9166666667,0.0,1.009875,720.0,10736.8046875,60.5416666667
2014.0,7.0,29.0,14.0,24.47,76.046,11.7958333333,45.1083333333,364.75,0.141666666667,1.61666666667,89.25,0.0,0.9205,720.0,10736.8046875,59.3541666667
2014.0,7.0,29.0,15.0,24.5741666667,76.2335,12.6483333333,47.375,342.0,0.1,1.26666666667,94.25,0.0,0.936125,720.0,10736.8046875,60.5625
2014.0,7.0,29.0,16.0,23.8475,74.9255,13.0191666667,50.675,224.083333333,0.175,1.875,125.25,0.0,0.827125,720.0,10736.8046875,60.5833333333
2014.0,7.0,29.0,17.0,23.4475,74.2055,12.7108333333,50.875,165.166666667,0.05,0.733333333333,102.083333333,0.0,0.767125,720.0,10736.8046875,58.4375
2014.0,7.0,29.0,18.0,22.8575,73.1435,12.955,53.6,66.5833333333,0.0,0.216666666667,114.583333333,0.0,0.678625,720.0,10736.8046875,58.0416666667
2014.0,7.0,29.0,19.0,22.1758333333,71.9165,13.28,57.025,6.83333333333,0.0,0.158333333333,111.416666667,0.0,0.576375,720.0,10736.8046875,58.0
2014.0,7.0,29.0,20.0,21.8108333333,71.2595,13.565,59.4083333333,1.0,0.0,0.133333333333,100.583333333,0.0,0.521625,720.0,10736.8046875,57.4791666667
2014.0,7.0,29.0,21.0,21.3275,70.3895,13.7025,61.7333333333,1.0,0.0,0.166666666667,103.916666667,0.0,0.449125,720.0,10736.8046875,56.9166666667
2014.0,7.0,29.0,22.0,20.77,69.386,14.045,65.3166666667,1.0,0.0,0.325,130.5,0.0,0.3655,720.0,10736.8046875,52.7083333333
2014.0,7.0,29.0,23.0,20.2925,68.5265,12.9958333333,62.825,1.0,0.0166666666667,0.825,141.166666667,0.0,0.293875,720.0,10736.8046875,51.2708333333
2014.0,7.0,30.0,0.0,19.5075,67.1135,13.0,65.9916666667,1.0,0.0,0.366666666667,147.166666667,0.0,0.176125,720.0,10736.8046875,50.9583333333
2014.0,7.0,30.0,1.0,18.2125,64.7825,13.4325,73.6,1.0,0.0,0.0166666666667,167.833333333,0.0294166666667,0.0112916666667,720.0,10736.8046875,50.5833333333
2014.0,7.0,30.0,2.0,17.7533333333,63.956,13.4,75.5833333333,1.0,0.0,0.316666666667,136.75,0.087,0.0,720.0,10736.8046875,50.1666666667
2014.0,7.0,30.0,3.0,17.3991666667,63.3185,12.7541666667,74.1,1.0,0.0333333333333,0.841666666667,126.166666667,0.140125,0.0,720.0,10736.8046875,50.3333333333
2014.0,7.0,30.0,4.0,17.1858333333,62.9345,12.515,73.9333333333,1.0,0.183333333333,2.15833333333,134.5,0.172125,0.0,720.0,10736.8046875,54.4791666667
2014.0,7.0,30.0,5.0,16.3933333333,61.508,12.2541666667,76.4333333333,2.41666666667,0.0166666666667,0.275,149.916666667,0.291,0.0,720.0,10736.8046875,53.5416666667
2014.0,7.0,30.0,6.0,16.9858333333,62.5745,12.0758333333,72.7916666667,57.3333333333,0.0666666666667,1.25,127.25,0.202125,0.0,720.0,10736.8046875,54.3541666667
2014.0,7.0,30.0,7.0,19.5275,67.1495,11.8891666667,61.3916666667,221.75,0.0,0.391666666667,145.083333333,0.00895833333333,0.188083333333,720.0,10736.8046875,53.1875
2014.0,7.0,30.0,8.0,22.6858333333,72.8345,12.1641666667,51.475,412.0,0.0,0.0833333333333,180.416666667,0.0,0.652875,720.0,10736.8046875,54.1041666667
2014.0,7.0,30.0,9.0,24.9166666667,76.85,11.8775,44.1583333333,580.916666667,0.0166666666667,0.425,208.666666667,0.0,0.9875,720.0,10736.8046875,57.0208333333
2014.0,7.0,30.0,10.0,25.9608333333,78.7295,11.2483333333,39.9166666667,729.833333333,0.0,0.616666666667,175.25,0.0,1.144125,720.0,10736.8046875,59.5
2014.0,7.0,30.0,11.0,26.9233333333,80.462,10.6358333333,36.1166666667,820.416666667,0.1,1.65833333333,117.166666667,0.0,1.2885,720.0,10736.8046875,59.5625
2014.0,7.0,30.0,12.0,27.1883333333,80.939,10.2616666667,34.8,773.083333333,0.183333333333,2.15,105.75,0.0,1.32825,720.0,10736.8046875,59.2291666667
2014.0,7.0,30.0,13.0,27.0075,80.6135,11.46,37.9583333333,671.083333333,0.683333333333,3.35,80.0833333333,0.0,1.301125,720.0,10736.8046875,59.375
2014.0,7.0,30.0,14.0,27.3475,81.2255,12.0858333333,38.8916666667,646.083333333,0.391666666667,2.95833333333,88.1666666667,0.0,1.352125,720.0,10736.8046875,58.5208333333
2014.0,7.0,30.0,15.0,27.8875,82.1975,11.4791666667,36.1166666667,568.0,0.408333333333,2.95833333333,60.5833333333,0.0,1.433125,720.0,10736.8046875,57.0
2014.0,7.0,30.0,16.0,27.2016666667,80.963,11.3908333333,37.4166666667,504.5,0.775,3.875,60.6666666667,0.0,1.33025,720.0,10736.8046875,58.2708333333
2014.0,7.0,30.0,17.0,25.9766666667,78.758,12.0525,41.9333333333,237.75,0.275,2.28333333333,52.5,0.0,1.1465,720.0,10736.8046875,57.2083333333
2014.0,7.0,30.0,18.0,26.3475,79.4255,12.8366666667,43.1916666667,208.333333333,0.375,2.775,45.6666666667,0.0,1.202125,720.0,10736.8046875,56.8125
2014.0,7.0,30.0,19.0,23.9558333333,75.1205,13.1558333333,50.825,46.8333333333,0.241666666667,2.35,58.75,0.0,0.843375,720.0,10736.8046875,55.4791666667
2014.0,7.0,30.0,20.0,22.8266666667,73.088,13.01,53.875,1.08333333333,0.233333333333,1.875,59.8333333333,0.0,0.674,720.0,10736.8046875,55.0416666667
2014.0,7.0,30.0,21.0,22.11,71.798,13.7033333333,58.8583333333,1.0,0.05,1.16666666667,57.9166666667,0.0,0.5665,720.0,10736.8046875,54.625
2014.0,7.0,30.0,22.0,21.5483333333,70.787,14.3358333333,63.4666666667,1.0,0.0,0.183333333333,56.75,0.0,0.48225,720.0,10736.8046875,52.7708333333
2014.0,7.0,30.0,23.0,20.7625,69.3725,14.8825,68.9916666667,1.0,0.0,0.0,57.9166666667,0.0,0.364375,720.0,10736.8046875,50.7083333333
2014.0,7.0,31.0,0.0,20.2166666667,68.39,14.8141666667,71.025,1.0,0.0,0.0,66.3333333333,0.0,0.2825,720.0,10736.8046875,50.8333333333
2014.0,7.0,31.0,1.0,19.7708333333,67.5875,13.7525,68.1666666667,1.0,0.0,0.0,62.3333333333,0.0,0.215625,720.0,10736.8046875,50.25
2014.0,7.0,31.0,2.0,19.6333333333,67.34,14.5116666667,72.3,1.0,0.0,0.0,253.333333333,0.0,0.195,720.0,10736.8046875,49.8333333333
2014.0,7.0,31.0,3.0,18.9708333333,66.1475,14.98,77.55,1.0,0.0,0.0,105.583333333,0.0,0.095625,720.0,10736.8046875,49.4166666667
2014.0,7.0,31.0,4.0,18.6766666667,65.618,14.2641666667,75.4416666667,1.0,0.0,0.191666666667,56.0833333333,0.0,0.0515,720.0,10736.8046875,54.5833333333
2014.0,7.0,31.0,5.0,18.615,65.507,14.4725,76.75,2.75,0.0,0.141666666667,78.25,0.0,0.04225,720.0,10736.8046875,53.2291666667
2014.0,7.0,31.0,6.0,19.7241666667,67.5035,15.06,74.3916666667,49.8333333333,0.0166666666667,0.4,82.6666666667,0.0,0.208625,720.0,10736.8046875,53.7083333333
2014.0,7.0,31.0,7.0,21.0233333333,69.842,15.54,70.8916666667,143.75,0.05,1.16666666667,127.083333333,0.0,0.4035,720.0,10736.8046875,52.8958333333
2014.0,7.0,31.0,8.0,23.645,74.561,15.365,59.7833333333,384.25,0.166666666667,1.94166666667,44.6666666667,0.0,0.79675,720.0,10736.8046875,53.6875
2014.0,7.0,31.0,9.0,25.9933333333,78.788,16.615,56.3166666667,565.25,0.183333333333,2.10833333333,55.0833333333,0.0,1.149,720.0,10736.8046875,55.9791666667
2014.0,7.0,31.0,10.0,26.7041666667,80.0675,16.7666666667,54.5416666667,619.583333333,0.683333333333,3.46666666667,41.25,0.0,1.255625,720.0,10736.8046875,59.0416666667
2014.0,7.0,31.0,11.0,27.8066666667,82.052,16.7191666667,50.925,827.333333333,0.991666666667,5.00833333333,98.4166666667,0.0,1.421,720.0,10736.8046875,58.7291666667
2014.0,7.0,31.0,12.0,29.2366666667,84.626,16.89,47.3916666667,803.916666667,0.95,4.975,61.0,0.0,1.6355,720.0,10736.8046875,60.3125
2014.0,7.0,31.0,13.0,30.5208333333,86.9375,16.885,44.0,945.333333333,0.925,4.90833333333,68.8333333333,0.0,1.828125,720.0,10736.8046875,59.3541666667
2014.0,7.0,31.0,14.0,29.4966666667,85.094,16.8058333333,46.475,551.333333333,1.43333333333,5.95,52.0,0.0,1.6745,720.0,10736.8046875,61.2708333333
2014.0,7.0,31.0,15.0,31.2241666667,88.2035,15.9208333333,39.7416666667,710.0,0.841666666667,4.91666666667,30.0833333333,0.0,1.933625,720.0,10736.8046875,59.9791666667
2014.0,7.0,31.0,16.0,30.8675,87.5615,16.03,40.925,563.75,0.616666666667,4.075,30.75,0.0,1.880125,720.0,10736.8046875,59.6666666667
2014.0,7.0,31.0,17.0,30.6291666667,87.1325,15.65,40.425,379.083333333,0.441666666667,3.13333333333,64.5833333333,0.0,1.844375,720.0,10736.8046875,59.9375
2014.0,7.0,31.0,18.0,29.3433333333,84.818,16.2041666667,45.0666666667,161.916666667,0.116666666667,1.88333333333,35.75,0.0,1.6515,720.0,10736.8046875,58.2291666667
2014.0,7.0,31.0,19.0,27.54,81.572,17.2125,53.4166666667,56.5833333333,0.1,1.74166666667,36.0833333333,0.0,1.381,720.0,10736.8046875,57.6041666667
2014.0,7.0,31.0,20.0,25.9525,78.7145,18.5791666667,63.7833333333,1.83333333333,0.133333333333,2.0,197.333333333,0.0,1.142875,720.0,10736.8046875,57.75
2014.0,7.0,31.0,21.0,24.9566666667,76.922,19.0466666667,69.6666666667,1.0,0.0666666666667,1.31666666667,326.583333333,0.0,0.9935,720.0,10736.8046875,56.7916666667
2014.0,7.0,31.0,22.0,24.1941666667,75.5495,19.4691666667,74.8416666667,1.0,0.0166666666667,0.466666666667,323.5,0.0,0.879125,720.0,10736.8046875,54.5
2014.0,7.0,31.0,23.0,23.5075,74.3135,19.9225,80.2083333333,1.0,0.0,0.0,151.916666667,0.0,0.776125,720.0,10736.8046875,52.5833333333
2014.0,8.0,1.0,0.0,23.1075,73.5935,19.7616666667,81.35,1.0,0.0,0.0,321.416666667,0.0,0.716125,720.0,10736.8046875,52.4791666667
2014.0,8.0,1.0,1.0,22.9091666667,73.2365,19.8858333333,82.9666666667,1.0,0.0,0.583333333333,319.583333333,0.0,0.686375,720.0,10736.8046875,47.4375
2014.0,8.0,1.0,2.0,22.3083333333,72.155,20.0733333333,87.05,1.0,0.0166666666667,0.716666666667,323.916666667,0.0,0.59625,720.0,10736.8046875,51.625
2014.0,8.0,1.0,3.0,21.9291666667,71.4725,20.2758333333,90.2,1.0,0.0,0.408333333333,331.583333333,0.0,0.539375,720.0,10736.8046875,50.875
2014.0,8.0,1.0,4.0,22.0441666667,71.6795,20.0133333333,88.125,1.0,0.0,0.575,316.416666667,0.0,0.556625,720.0,10736.8046875,56.6041666667
2014.0,8.0,1.0,5.0,21.8091666667,71.2565,19.9275,88.925,2.41666666667,0.0166666666667,0.383333333333,300.333333333,0.0,0.521375,720.0,10736.8046875,55.5208333333
2014.0,8.0,1.0,6.0,22.4933333333,72.488,20.1625,86.55,41.9166666667,0.0666666666667,0.958333333333,19.4166666667,0.0,0.624,720.0,10736.8046875,55.3125
2014.0,8.0,1.0,7.0,23.4191666667,74.1545,20.2325,82.2166666667,137.166666667,0.0,0.475,194.416666667,0.0,0.762875,720.0,10736.8046875,49.9791666667
2014.0,8.0,1.0,8.0,24.36,75.848,20.3941666667,78.4666666667,253.416666667,0.116666666667,1.30833333333,50.5833333333,0.0,0.904,720.0,10736.8046875,50.3958333333
2014.0,8.0,1.0,9.0,27.0983333333,80.777,20.4241666667,66.9583333333,532.583333333,0.183333333333,1.45,55.8333333333,0.0,1.31475,720.0,10736.8046875,57.1458333333
2014.0,8.0,1.0,10.0,28.9566666667,84.122,20.8808333333,61.7416666667,490.25,0.0166666666667,0.583333333333,111.25,0.0,1.5935,720.0,10736.8046875,58.5625
2014.0,8.0,1.0,11.0,27.3225,81.1805,20.8425,67.6833333333,319.5,0.216666666667,1.925,69.5833333333,0.0,1.348375,720.0,10736.8046875,59.5625
2014.0,8.0,1.0,12.0,27.8216666667,82.079,20.7741666667,65.475,381.166666667,0.258333333333,2.09166666667,58.5,0.0,1.42325,720.0,10736.8046875,59.6041666667
2014.0,8.0,1.0,13.0,28.5508333333,83.3915,20.8066666667,62.8833333333,370.25,0.341666666667,2.65,46.6666666667,0.0,1.532625,720.0,10736.8046875,60.0416666667
2014.0,8.0,1.0,14.0,26.9691666667,80.5445,20.595,68.1083333333,178.75,0.75,3.575,298.583333333,0.0,1.295375,720.0,10736.8046875,60.1666666667
2014.0,8.0,1.0,15.0,20.9508333333,69.7115,19.8233333333,93.3833333333,86.6666666667,1.25,5.5,340.666666667,0.0,0.392625,720.0,10736.8046875,59.8125
2014.0,8.0,1.0,16.0,20.0025,68.0045,-3.73916666667,33.6333333333,113.416666667,0.2,1.775,338.5,0.0,0.250375,720.0,10736.8046875,58.9791666667
2014.0,8.0,1.0,17.0,21.0425,69.8765,-18.375,29.6166666667,83.5833333333,0.0,0.0,278.583333333,0.0,0.406375,720.0,10736.8046875,57.8958333333
2014.0,8.0,1.0,18.0,23.1291666667,73.6325,19.4683333333,79.7833333333,91.1666666667,0.0,0.0,295.083333333,0.0,0.719375,720.0,10736.8046875,4.72916666667
2014.0,8.0,1.0,19.0,22.8266666667,73.088,20.2266666667,85.1666666667,27.8333333333,0.0,0.0166666666667,290.833333333,0.0,0.674,720.0,10736.8046875,0.0
2014.0,8.0,1.0,20.0,22.6266666667,72.728,20.2675,86.4083333333,1.0,0.0166666666667,0.608333333333,295.083333333,0.0,0.644,720.0,10736.8046875,0.0
2014.0,8.0,1.0,21.0,22.6475,72.7655,20.0966666667,85.4,1.0,0.0,0.158333333333,302.916666667,0.0,0.647125,720.0,10736.8046875,0.0
2014.0,8.0,1.0,22.0,22.5966666667,72.674,19.6458333333,83.3166666667,1.0,0.0,0.0916666666667,300.083333333,0.0,0.6395,720.0,10736.8046875,0.0
2014.0,8.0,1.0,23.0,22.3808333333,72.2855,19.4625,83.4583333333,1.0,0.0166666666667,0.383333333333,282.5,0.0,0.607125,720.0,10736.8046875,0.0
2014.0,8.0,2.0,0.0,22.07,71.726,19.5416666667,85.4666666667,1.0,0.0,0.05,276.083333333,0.0,0.5605,0.0,10736.8046875,0.0
2014.0,8.0,2.0,1.0,21.2883333333,70.319,19.5833333333,89.9166666667,1.0,0.0,0.0,276.75,0.0,0.44325,0.0,10736.8046875,0.0
2014.0,8.0,2.0,2.0,20.5041666667,68.9075,19.89,96.125,1.0,0.0,0.0,244.916666667,0.0,0.325625,0.0,10736.8046875,38.2291666667
2014.0,8.0,2.0,3.0,19.8316666667,67.697,1.37083333333,43.15,1.0,0.0,0.0,210.083333333,0.0,0.22475,0.0,10736.8046875,50.9166666667
2014.0,8.0,2.0,4.0,19.3608333333,66.8495,-38.1625,1.0,1.0,0.0,0.341666666667,218.916666667,0.0,0.154125,0.0,10736.8046875,56.2708333333
2014.0,8.0,2.0,5.0,19.1833333333,66.53,-38.2683333333,1.0,1.0,0.2,1.95833333333,220.25,0.0,0.1275,0.0,10736.8046875,55.2291666667
2014.0,8.0,2.0,6.0,18.7375,65.7275,-38.5366666667,1.0,12.8333333333,0.441666666667,2.825,208.833333333,0.0,0.060625,0.0,10736.8046875,54.3541666667
2014.0,8.0,2.0,7.0,19.1558333333,66.4805,-10.9958333333,43.1583333333,56.25,1.10833333333,4.73333333333,209.416666667,0.0,0.123375,0.0,10736.8046875,52.6041666667
2014.0,8.0,2.0,8.0,19.9666666667,67.94,17.3241666667,84.6916666667,119.666666667,0.658333333333,3.88333333333,209.416666667,0.0,0.245,0.0,10736.8046875,52.5625
2014.0,8.0,2.0,9.0,21.9375,71.4875,17.6966666667,76.7916666667,288.75,0.683333333333,3.65833333333,202.666666667,0.0,0.540625,0.0,10736.8046875,52.0833333333
2014.0,8.0,2.0,10.0,23.245,73.841,18.1291666667,72.9583333333,457.416666667,1.06666666667,4.64166666667,198.833333333,0.0,0.73675,0.0,10736.8046875,54.0416666667
2014.0,8.0,2.0,11.0,23.3683333333,74.063,18.4141666667,73.675,293.666666667,0.833333333333,4.225,204.5,0.0,0.75525,0.0,10736.8046875,54.8958333333
2014.0,8.0,2.0,12.0,23.1866666667,73.736,18.6758333333,75.7083333333,171.833333333,0.4,3.05,206.25,0.0,0.728,0.0,10736.8046875,53.375
2014.0,8.0,2.0,13.0,23.4841666667,74.2715,18.5608333333,73.8416666667,187.416666667,0.0666666666667,0.958333333333,236.25,0.0,0.772625,0.0,10736.8046875,55.5
2014.0,8.0,2.0,14.0,24.8,76.64,18.8083333333,69.3333333333,318.0,0.283333333333,2.29166666667,211.75,0.0,0.97,0.0,10736.8046875,56.0833333333
2014.0,8.0,2.0,15.0,24.8908333333,76.8035,18.7183333333,68.5583333333,276.916666667,0.283333333333,2.46666666667,232.416666667,0.0,0.983625,0.0,10736.8046875,55.75
2014.0,8.0,2.0,16.0,24.2991666667,75.7385,18.6833333333,70.8166666667,280.166666667,0.3,2.43333333333,234.333333333,0.0,0.894875,0.0,10736.8046875,55.8125
2014.0,8.0,2.0,17.0,24.32,75.776,18.48,69.8833333333,230.333333333,0.208333333333,1.8,245.083333333,0.0,0.898,0.0,10736.8046875,55.6458333333
2014.0,8.0,2.0,18.0,23.93,75.074,18.1175,69.8916666667,143.166666667,0.116666666667,1.11666666667,248.666666667,0.0,0.8395,0.0,10736.8046875,55.375
2014.0,8.0,2.0,19.0,22.8091666667,73.0565,18.5491666667,76.8583333333,41.75,0.0,0.45,254.583333333,0.0,0.671375,0.0,10736.8046875,55.8125
2014.0,8.0,2.0,20.0,21.9083333333,71.435,18.8208333333,82.5416666667,1.08333333333,0.0333333333333,1.075,285.0,0.0,0.53625,0.0,10736.8046875,55.5625
2014.0,8.0,2.0,21.0,21.2525,70.2545,18.6583333333,85.0333333333,1.0,0.075,0.866666666667,286.083333333,0.0,0.437875,0.0,10736.8046875,54.2083333333
2014.0,8.0,2.0,22.0,20.7175,69.2915,18.8158333333,88.7416666667,1.0,0.0,0.358333333333,275.083333333,0.0,0.357625,0.0,10736.8046875,53.875
2014.0,8.0,2.0,23.0,20.3783333333,68.681,18.5225,88.9666666667,1.0,0.0666666666667,0.758333333333,292.75,0.0,0.30675,0.0,10736.8046875,51.7916666667
2014.0,8.0,3.0,0.0,19.1933333333,66.548,18.355,94.8,1.0,0.0,0.0333333333333,286.166666667,0.0,0.129,0.0,10736.8046875,51.2708333333
2014.0,8.0,3.0,1.0,18.9166666667,66.05,18.6391666667,98.1333333333,1.0,0.0,0.0333333333333,293.916666667,0.0,0.0875,0.0,10736.8046875,50.7916666667
2014.0,8.0,3.0,2.0,19.33,66.794,18.4325,94.4166666667,1.0,0.0,0.0166666666667,290.0,0.0,0.1495,0.0,10736.8046875,50.4583333333
2014.0,8.0,3.0,3.0,18.9575,66.1235,18.6016666667,97.6666666667,1.0,0.0,0.0166666666667,246.833333333,0.0,0.093625,0.0,10736.8046875,51.0833333333
2014.0,8.0,3.0,4.0,18.7375,65.7275,13.8625,76.1583333333,1.0,0.0166666666667,0.25,222.333333333,0.0,0.060625,0.0,10736.8046875,55.2708333333
2014.0,8.0,3.0,5.0,18.6525,65.5745,-30.3758333333,4.06666666667,1.0,0.0,0.175,213.25,0.0,0.047875,0.0,10736.8046875,54.2708333333
2014.0,8.0,3.0,6.0,18.8025,65.8445,-38.5,1.0,12.3333333333,0.0,0.0666666666667,224.833333333,0.0,0.070375,0.0,10736.8046875,53.5208333333
2014.0,8.0,3.0,7.0,19.27,66.686,-38.2158333333,1.0,85.0,0.0,0.366666666667,223.333333333,0.0,0.1405,0.0,10736.8046875,52.0625
2014.0,8.0,3.0,8.0,21.5191666667,70.7345,13.8983333333,76.1583333333,227.0,0.291666666667,1.98333333333,238.166666667,0.0,0.477875,0.0,10736.8046875,51.9166666667
2014.0,8.0,3.0,9.0,22.1958333333,71.9525,18.1516666667,77.775,267.25,0.45,2.76666666667,244.25,0.0,0.579375,0.0,10736.8046875,51.8958333333
2014.0,8.0,3.0,10.0,23.1916666667,73.745,18.355,74.3,334.5,0.241666666667,2.125,234.0,0.0,0.72875,0.0,10736.8046875,52.875
2014.0,8.0,3.0,11.0,25.1791666667,77.3225,18.4533333333,66.375,470.416666667,0.358333333333,2.41666666667,244.166666667,0.0,1.026875,0.0,10736.8046875,52.3541666667
2014.0,8.0,3.0,12.0,25.0016666667,77.003,18.5783333333,67.4833333333,314.333333333,0.1,1.13333333333,276.416666667,0.0,1.00025,0.0,10736.8046875,53.3125
2014.0,8.0,3.0,13.0,24.2941666667,75.7295,18.7808333333,71.3083333333,151.833333333,0.0333333333333,1.08333333333,289.666666667,0.0,0.894125,0.0,10736.8046875,53.7708333333
2014.0,8.0,3.0,14.0,24.3483333333,75.827,18.8841666667,71.5083333333,168.833333333,0.05,0.8,302.083333333,0.0,0.90225,0.0,10736.8046875,52.6041666667
2014.0,8.0,3.0,15.0,24.8491666667,76.7285,19.165,70.7166666667,117.166666667,0.0,0.0,222.583333333,0.0,0.977375,0.0,10736.8046875,53.0416666667
2014.0,8.0,3.0,16.0,23.1516666667,73.673,19.6666666667,80.8166666667,44.4166666667,0.0,0.125,62.5,0.0,0.72275,0.0,10736.8046875,53.8333333333
2014.0,8.0,3.0,17.0,22.7933333333,73.028,20.0175,84.2583333333,88.4166666667,0.0166666666667,0.366666666667,145.0,0.0,0.669,0.0,10736.8046875,53.5625
2014.0,8.0,3.0,18.0,23.2183333333,73.793,20.5858333333,85.2583333333,135.333333333,0.0,0.35,157.666666667,0.0,0.73275,0.0,10736.8046875,53.6666666667
2014.0,8.0,3.0,19.0,22.4808333333,72.4655,20.2358333333,87.0083333333,17.1666666667,0.0,0.0666666666667,193.583333333,0.0,0.622125,0.0,10736.8046875,54.2916666667
2014.0,8.0,3.0,20.0,22.2641666667,72.0755,19.7091666667,85.3333333333,1.0,0.0,0.0,288.916666667,0.0,0.589625,0.0,10736.8046875,51.9791666667
2014.0,8.0,3.0,21.0,22.5733333333,72.632,20.02,85.375,1.0,0.0166666666667,0.158333333333,225.416666667,0.0,0.636,0.0,10736.8046875,53.75
2014.0,8.0,3.0,22.0,22.3258333333,72.1865,20.1508333333,87.375,1.0,0.0,0.183333333333,89.0833333333,0.0,0.598875,0.0,10736.8046875,51.1458333333
2014.0,8.0,3.0,23.0,21.8775,71.3795,20.6216666667,92.4416666667,1.0,0.116666666667,1.28333333333,322.333333333,0.0,0.531625,0.0,10736.8046875,50.5208333333
2014.0,8.0,4.0,0.0,21.6525,70.9745,20.5758333333,93.4416666667,1.0,0.0,0.766666666667,317.25,0.0,0.497875,720.0,10736.8046875,50.8125
2014.0,8.0,4.0,1.0,21.5366666667,70.766,20.5183333333,93.775,1.0,0.05,0.666666666667,310.333333333,0.0,0.4805,720.0,10736.8046875,50.2291666667
2014.0,8.0,4.0,2.0,21.3691666667,70.4645,20.5783333333,95.0916666667,1.0,0.0,0.0333333333333,119.583333333,0.0,0.455375,720.0,10736.8046875,50.5416666667
2014.0,8.0,4.0,3.0,21.3825,70.4885,20.5941666667,95.1083333333,1.0,0.0,0.0,45.8333333333,0.0,0.457375,720.0,10736.8046875,49.9583333333
2014.0,8.0,4.0,4.0,21.4333333333,70.58,20.6625,95.2083333333,1.0,0.0,0.0,50.0833333333,0.0,0.465,720.0,10736.8046875,55.7083333333
2014.0,8.0,4.0,5.0,21.5325,70.7585,20.6375,94.4916666667,1.33333333333,0.0,0.0,74.9166666667,0.0,0.479875,720.0,10736.8046875,54.125
2014.0,8.0,4.0,6.0,21.7575,71.1635,20.4975,92.4083333333,15.25,0.0,0.441666666667,88.9166666667,0.0,0.513625,720.0,10736.8046875,53.9375
2014.0,8.0,4.0,7.0,22.9716666667,73.349,20.1375,84.1416666667,145.0,0.0,0.475,89.5,0.0,0.69575,720.0,10736.8046875,54.2291666667
2014.0,8.0,4.0,8.0,24.8283333333,76.691,18.78,69.1583333333,371.333333333,0.15,1.975,91.0,0.0,0.97425,720.0,10736.8046875,55.7916666667
2014.0,8.0,4.0,9.0,26.1433333333,79.058,18.6633333333,63.4333333333,581.666666667,0.116666666667,1.7,87.0833333333,0.0,1.1715,720.0,10736.8046875,58.1458333333
2014.0,8.0,4.0,10.0,27.4241666667,81.3635,18.4025,58.025,645.916666667,0.116666666667,1.18333333333,138.5,0.0,1.363625,720.0,10736.8046875,59.7291666667
2014.0,8.0,4.0,11.0,28.5608333333,83.4095,18.2175,53.6916666667,827.916666667,0.375,2.075,118.666666667,0.0,1.534125,720.0,10736.8046875,59.3958333333
2014.0,8.0,4.0,12.0,28.5291666667,83.3525,18.67,55.2166666667,881.5,0.408333333333,2.775,102.416666667,0.0,1.529375,720.0,10736.8046875,59.2083333333
2014.0,8.0,4.0,13.0,29.5583333333,85.205,18.4308333333,51.3,615.75,0.183333333333,2.025,94.6666666667,0.0,1.68375,720.0,10736.8046875,59.7083333333
2014.0,8.0,4.0,14.0,31.0583333333,87.905,18.0658333333,46.0666666667,837.416666667,0.258333333333,2.29166666667,103.166666667,0.0,1.90875,720.0,10736.8046875,59.375
2014.0,8.0,4.0,15.0,30.0133333333,86.024,17.6816666667,47.7583333333,557.833333333,0.425,2.65,63.0,0.0,1.752,720.0,10736.8046875,59.6041666667
2014.0,8.0,4.0,16.0,30.9291666667,87.6725,17.215,43.925,569.0,0.283333333333,1.84166666667,68.5,0.0,1.889375,720.0,10736.8046875,60.5208333333
2014.0,8.0,4.0,17.0,30.575,87.035,16.1833333333,41.9333333333,391.916666667,0.35,2.16666666667,74.5833333333,0.0,1.83625,720.0,10736.8046875,59.9166666667
2014.0,8.0,4.0,18.0,29.7175,85.4915,16.6008333333,45.3583333333,198.916666667,0.05,0.983333333333,90.0,0.0,1.707625,720.0,10736.8046875,59.5833333333
2014.0,8.0,4.0,19.0,26.7416666667,80.135,17.4691666667,56.825,20.25,0.0666666666667,0.941666666667,80.5833333333,0.0,1.26125,720.0,10736.8046875,59.4583333333
2014.0,8.0,4.0,20.0,25.6008333333,78.0815,18.09,63.1416666667,1.08333333333,0.0,0.125,69.25,0.0,1.090125,720.0,10736.8046875,58.2291666667
2014.0,8.0,4.0,21.0,24.8725,76.7705,18.4525,67.4666666667,1.0,0.0,0.0333333333333,65.9166666667,0.0,0.980875,720.0,10736.8046875,57.625
2014.0,8.0,4.0,22.0,24.035,75.263,19.4016666667,75.3083333333,1.0,0.0333333333333,0.466666666667,55.6666666667,0.0,0.85525,720.0,10736.8046875,54.6875
2014.0,8.0,4.0,23.0,23.2091666667,73.7765,19.8533333333,81.3166666667,1.0,0.0,0.0333333333333,56.25,0.0,0.731375,720.0,10736.8046875,53.7083333333
2014.0,8.0,5.0,0.0,22.4541666667,72.4175,20.0566666667,86.1916666667,1.0,0.0,0.05,53.5,0.0,0.618125,720.0,10736.8046875,53.75
2014.0,8.0,5.0,1.0,21.9275,71.4695,20.0691666667,89.0666666667,1.0,0.0,0.0666666666667,53.1666666667,0.0,0.539125,720.0,10736.8046875,53.625
2014.0,8.0,5.0,2.0,21.8408333333,71.3135,20.09,89.6583333333,1.0,0.0,0.0833333333333,59.8333333333,0.0,0.526125,720.0,10736.8046875,52.4791666667
2014.0,8.0,5.0,3.0,21.4075,70.5335,19.9975,91.5333333333,1.0,0.0,0.0,57.5833333333,0.0,0.461125,720.0,10736.8046875,52.4791666667
2014.0,8.0,5.0,4.0,21.2958333333,70.3325,19.1366666667,87.3916666667,1.0,0.0,0.0,64.75,0.0,0.444375,720.0,10736.8046875,58.0416666667
2014.0,8.0,5.0,5.0,20.715,69.287,18.4891666667,86.9583333333,1.33333333333,0.0,0.0,66.25,0.0,0.35725,720.0,10736.8046875,57.1875
2014.0,8.0,5.0,6.0,21.8525,71.3345,18.3258333333,80.425,67.75,0.0,0.0,72.4166666667,0.0,0.527875,720.0,10736.8046875,57.1875
2014.0,8.0,5.0,7.0,24.2391666667,75.6305,18.05,68.4083333333,221.75,0.0333333333333,0.316666666667,87.0,0.0,0.885875,720.0,10736.8046875,56.375
2014.0,8.0,5.0,8.0,27.04,80.672,18.055,58.0166666667,406.666666667,0.0333333333333,0.466666666667,132.666666667,0.0,1.306,720.0,10736.8046875,56.0
2014.0,8.0,5.0,9.0,29.0116666667,84.221,17.9375,51.3,564.833333333,0.0666666666667,1.09166666667,183.25,0.0,1.60175,720.0,10736.8046875,56.6666666667
2014.0,8.0,5.0,10.0,30.2258333333,86.4065,17.3125,46.125,679.75,0.1,1.1,189.583333333,0.0,1.783875,720.0,10736.8046875,60.2291666667
2014.0,8.0,5.0,11.0,32.9416666667,91.295,16.5225,37.6333333333,872.083333333,0.15,1.65833333333,202.916666667,0.0,2.19125,720.0,10736.8046875,61.0
2014.0,8.0,5.0,12.0,32.9391666667,91.2905,16.4925,37.4833333333,834.916666667,0.2,1.85,159.916666667,0.0,2.190875,720.0,10736.8046875,62.0416666667
2014.0,8.0,5.0,13.0,33.4316666667,92.177,16.4758333333,36.5,846.916666667,0.3,1.83333333333,164.666666667,0.0,2.26475,720.0,10736.8046875,61.4791666667
2014.0,8.0,5.0,14.0,33.095,91.571,16.2258333333,36.5583333333,615.083333333,0.225,1.31666666667,216.583333333,0.0,2.21425,720.0,10736.8046875,60.9583333333
2014.0,8.0,5.0,15.0,32.8483333333,91.127,16.035,36.7166666667,451.083333333,0.05,0.558333333333,150.25,0.0,2.17725,720.0,10736.8046875,61.0208333333
2014.0,8.0,5.0,16.0,33.8858333333,92.9945,16.105,34.7,462.333333333,0.0,0.35,175.75,0.0,2.332875,720.0,10736.8046875,60.9583333333
2014.0,8.0,5.0,17.0,33.7333333333,92.72,15.785,34.4333333333,337.25,0.05,0.8,225.583333333,0.0,2.31,720.0,10736.8046875,60.0833333333
2014.0,8.0,5.0,18.0,31.2708333333,88.2875,16.2766666667,40.6166666667,153.916666667,0.166666666667,1.59166666667,95.5833333333,0.0,1.940625,720.0,10736.8046875,59.2916666667
2014.0,8.0,5.0,19.0,29.6191666667,85.3145,16.7316666667,45.8916666667,38.9166666667,0.116666666667,1.19166666667,67.1666666667,0.0,1.692875,720.0,10736.8046875,58.9791666667
2014.0,8.0,5.0,20.0,28.1958333333,82.7525,18.1675,54.5083333333,1.0,0.15,1.6,89.3333333333,0.0,1.479375,720.0,10736.8046875,58.5208333333
2014.0,8.0,5.0,21.0,26.8983333333,80.417,18.595,60.3833333333,1.0,0.0,0.541666666667,80.5,0.0,1.28475,720.0,10736.8046875,57.1875
2014.0,8.0,5.0,22.0,25.3191666667,77.5745,19.765,71.3333333333,1.0,0.0666666666667,0.775,129.5,0.0,1.047875,720.0,10736.8046875,54.625
2014.0,8.0,5.0,23.0,24.2916666667,75.725,18.09,68.2583333333,1.0,0.266666666667,2.28333333333,161.083333333,0.0,0.89375,720.0,10736.8046875,53.8333333333
2014.0,8.0,6.0,0.0,23.45,74.21,16.8408333333,66.3666666667,1.0,0.183333333333,1.675,160.25,0.0,0.7675,720.0,10736.8046875,53.0208333333
2014.0,8.0,6.0,1.0,22.8058333333,73.0505,16.4525,67.325,1.0,0.0,0.0166666666667,185.083333333,0.0,0.670875,720.0,10736.8046875,53.1666666667
2014.0,8.0,6.0,2.0,22.4425,72.3965,16.3583333333,68.4166666667,1.0,0.0,0.141666666667,151.666666667,0.0,0.616375,720.0,10736.8046875,52.6041666667
2014.0,8.0,6.0,3.0,21.7766666667,71.198,16.0358333333,69.7833333333,1.0,0.0,0.266666666667,109.833333333,0.0,0.5165,720.0,10736.8046875,52.7916666667
2014.0,8.0,6.0,4.0,21.2066666667,70.172,16.0825,72.4833333333,1.0,0.0333333333333,0.975,92.3333333333,0.0,0.431,720.0,10736.8046875,58.0625
2014.0,8.0,6.0,5.0,20.3033333333,68.546,16.1491666667,76.95,1.83333333333,0.0,0.183333333333,111.583333333,0.0,0.2955,720.0,10736.8046875,56.5
2014.0,8.0,6.0,6.0,21.0016666667,69.803,16.1658333333,73.8416666667,76.5833333333,0.0333333333333,0.575,107.583333333,0.0,0.40025,720.0,10736.8046875,56.7708333333
2014.0,8.0,6.0,7.0,22.2858333333,72.1145,16.0683333333,67.8666666667,190.916666667,0.275,2.05833333333,125.75,0.0,0.592875,720.0,10736.8046875,56.6458333333
2014.0,8.0,6.0,8.0,22.5541666667,72.5975,16.1983333333,67.3083333333,259.416666667,0.641666666667,3.725,118.25,0.0,0.633125,720.0,10736.8046875,56.4375
2014.0,8.0,6.0,9.0,23.4233333333,74.162,16.2783333333,64.2,399.25,0.658333333333,3.18333333333,122.916666667,0.0,0.7635,720.0,10736.8046875,58.8958333333
2014.0,8.0,6.0,10.0,24.5483333333,76.187,16.5925,61.1833333333,432.583333333,0.208333333333,2.25833333333,118.583333333,0.0,0.93225,720.0,10736.8046875,62.25
2014.0,8.0,6.0,11.0,23.6733333333,74.612,17.0283333333,66.35,254.333333333,0.133333333333,1.65,116.833333333,0.0,0.801,720.0,10736.8046875,62.1666666667
2014.0,8.0,6.0,12.0,22.3716666667,72.269,18.0833333333,76.9916666667,184.583333333,0.1,1.5,110.333333333,0.0,0.60575,720.0,10736.8046875,61.1041666667
2014.0,8.0,6.0,13.0,22.7275,72.9095,18.2733333333,76.1416666667,223.5,0.1,1.8,77.0833333333,0.0,0.659125,720.0,10736.8046875,62.5833333333
2014.0,8.0,6.0,14.0,23.9983333333,75.197,18.305,70.4583333333,379.333333333,0.1,1.65833333333,69.9166666667,0.0,0.84975,720.0,10736.8046875,60.125
2014.0,8.0,6.0,15.0,26.9883333333,80.579,18.1883333333,58.7,529.75,0.241666666667,2.69166666667,88.1666666667,0.0,1.29825,720.0,10736.8046875,61.2916666667
2014.0,8.0,6.0,16.0,27.9616666667,82.331,17.9158333333,54.4583333333,561.833333333,0.15,1.70833333333,90.4166666667,0.0,1.44425,720.0,10736.8046875,60.2083333333
2014.0,8.0,6.0,17.0,28.6558333333,83.5805,17.3775,50.575,355.833333333,0.258333333333,2.11666666667,93.1666666667,0.0,1.548375,720.0,10736.8046875,60.3125
2014.0,8.0,6.0,18.0,28.2508333333,82.8515,16.7291666667,49.6166666667,178.166666667,0.225,2.08333333333,100.916666667,0.0,1.487625,720.0,10736.8046875,58.9166666667
2014.0,8.0,6.0,19.0,25.9283333333,78.671,17.2741666667,58.95,37.9166666667,0.0833333333333,1.05,71.25,0.0,1.13925,720.0,10736.8046875,58.1666666667
2014.0,8.0,6.0,20.0,24.5733333333,76.232,17.5016666667,64.6833333333,1.0,0.0,0.125,67.5,0.0,0.936,720.0,10736.8046875,58.7291666667
2014.0,8.0,6.0,21.0,23.5158333333,74.3285,17.9341666667,70.8583333333,1.0,0.0,0.075,62.5833333333,0.0,0.777375,720.0,10736.8046875,57.375
2014.0,8.0,6.0,22.0,22.8541666667,73.1375,17.8191666667,73.1833333333,1.0,0.0,0.0666666666667,116.416666667,0.0,0.678125,720.0,10736.8046875,54.0
2014.0,8.0,6.0,23.0,22.6441666667,72.7595,17.3616666667,72.0083333333,1.0,0.0,0.0,68.25,0.0,0.646625,720.0,10736.8046875,53.1041666667
2014.0,8.0,7.0,0.0,22.4025,72.3245,17.3383333333,72.975,1.0,0.0,0.0,81.1666666667,0.0,0.610375,720.0,10736.8046875,52.7291666667
2014.0,8.0,7.0,1.0,21.6675,71.0015,17.1441666667,75.3833333333,1.0,0.0166666666667,0.733333333333,121.416666667,0.0,0.500125,720.0,10736.8046875,52.5416666667
2014.0,8.0,7.0,2.0,20.8991666667,69.6185,16.6183333333,76.425,1.0,0.133333333333,1.28333333333,133.333333333,0.0,0.384875,720.0,10736.8046875,51.8541666667
2014.0,8.0,7.0,3.0,20.3783333333,68.681,15.4108333333,73.075,1.0,0.05,0.791666666667,143.583333333,0.0,0.30675,720.0,10736.8046875,52.1458333333
2014.0,8.0,7.0,4.0,19.7208333333,67.4975,14.2691666667,70.7166666667,1.0,0.0333333333333,1.01666666667,147.166666667,0.0,0.208125,720.0,10736.8046875,56.5416666667
2014.0,8.0,7.0,5.0,19.1741666667,66.5135,13.3258333333,68.8083333333,1.66666666667,0.0833333333333,1.61666666667,137.0,0.0,0.126125,720.0,10736.8046875,54.9583333333
2014.0,8.0,7.0,6.0,19.5675,67.2215,13.1616666667,66.4916666667,59.0,0.0166666666667,0.566666666667,147.916666667,0.0,0.185125,720.0,10736.8046875,55.3333333333
2014.0,8.0,7.0,7.0,21.3408333333,70.4135,12.4666666667,56.95,223.0,0.25,2.56666666667,133.333333333,0.0,0.451125,720.0,10736.8046875,53.5
2014.0,8.0,7.0,8.0,23.6441666667,74.5595,12.2483333333,48.8166666667,409.416666667,0.375,2.825,166.416666667,0.0,0.796625,720.0,10736.8046875,55.5208333333
2014.0,8.0,7.0,9.0,25.2716666667,77.489,12.2375,44.2583333333,573.166666667,0.6,3.38333333333,172.0,0.0,1.04075,720.0,10736.8046875,57.125
2014.0,8.0,7.0,10.0,26.2583333333,79.265,12.8566666667,43.5083333333,713.25,0.45,2.9,142.666666667,0.0,1.18875,720.0,10736.8046875,61.4583333333
2014.0,8.0,7.0,11.0,27.5825,81.6485,13.2608333333,41.2833333333,825.75,0.741666666667,3.95,132.666666667,0.0,1.387375,720.0,10736.8046875,61.1041666667
2014.0,8.0,7.0,12.0,29.0908333333,84.3635,13.1316666667,37.5166666667,889.916666667,0.658333333333,4.31666666667,121.75,0.0,1.613625,720.0,10736.8046875,61.5208333333
2014.0,8.0,7.0,13.0,29.5,85.1,12.7658333333,35.7666666667,831.416666667,0.766666666667,4.35,131.416666667,0.0,1.675,720.0,10736.8046875,60.2708333333
2014.0,8.0,7.0,14.0,29.7266666667,85.508,12.9525,35.7666666667,652.083333333,0.691666666667,4.36666666667,120.416666667,0.0,1.709,720.0,10736.8046875,59.9375
2014.0,8.0,7.0,15.0,30.19,86.342,13.3391666667,35.7666666667,696.833333333,0.6,3.825,97.9166666667,0.0,1.7785,720.0,10736.8046875,59.3333333333
2014.0,8.0,7.0,16.0,28.0758333333,82.5365,12.9658333333,39.45,266.5,0.566666666667,3.61666666667,106.583333333,0.0,1.461375,720.0,10736.8046875,59.0
2014.0,8.0,7.0,17.0,27.7925,82.0265,12.5733333333,39.0166666667,208.333333333,0.566666666667,3.46666666667,117.833333333,0.0,1.418875,720.0,10736.8046875,59.2291666667
2014.0,8.0,7.0,18.0,27.065,80.717,12.6208333333,40.8,114.5,0.308333333333,2.81666666667,119.583333333,0.0,1.30975,720.0,10736.8046875,57.3333333333
2014.0,8.0,7.0,19.0,25.7425,78.3365,13.4016666667,46.45,22.0,0.05,1.24166666667,101.75,0.0,1.111375,720.0,10736.8046875,58.375
2014.0,8.0,7.0,20.0,24.7966666667,76.634,14.6433333333,53.225,1.0,0.0166666666667,0.875,93.25,0.0,0.9695,720.0,10736.8046875,56.9791666667
2014.0,8.0,7.0,21.0,23.6383333333,74.549,15.2433333333,59.2666666667,1.0,0.141666666667,1.575,116.083333333,0.0,0.79575,720.0,10736.8046875,56.2291666667
2014.0,8.0,7.0,22.0,22.2466666667,72.044,14.8391666667,62.85,1.0,0.0333333333333,0.666666666667,170.5,0.0,0.587,720.0,10736.8046875,52.9583333333
2014.0,8.0,7.0,23.0,21.5575,70.8035,12.6875,56.9916666667,1.0,0.0333333333333,1.08333333333,170.166666667,0.0,0.483625,720.0,10736.8046875,51.75
2014.0,8.0,8.0,0.0,20.5291666667,68.9525,11.5558333333,56.3416666667,1.0,0.0,0.2,172.833333333,0.0,0.329375,720.0,10736.8046875,50.3333333333
2014.0,8.0,8.0,1.0,20.1291666667,68.2325,11.2325,56.5166666667,1.0,0.0,0.366666666667,131.333333333,0.0,0.269375,720.0,10736.8046875,50.7291666667
2014.0,8.0,8.0,2.0,19.3083333333,66.755,11.1875,59.2916666667,1.0,0.0166666666667,0.558333333333,127.666666667,0.0,0.14625,720.0,10736.8046875,51.0208333333
2014.0,8.0,8.0,3.0,18.9133333333,66.044,11.1541666667,60.6416666667,1.0,0.0666666666667,1.175,114.75,0.0,0.087,720.0,10736.8046875,50.5208333333
2014.0,8.0,8.0,4.0,18.4116666667,65.141,11.0716666667,62.225,1.0,0.0,0.758333333333,105.166666667,0.0111666666667,0.0229166666667,720.0,10736.8046875,55.9791666667
2014.0,8.0,8.0,5.0,17.8258333333,64.0865,10.9958333333,64.2416666667,1.33333333333,0.0,0.5,114.583333333,0.076125,0.0,720.0,10736.8046875,53.7291666667
2014.0,8.0,8.0,6.0,18.3383333333,65.009,11.1425,62.8333333333,37.4166666667,0.0666666666667,1.225,132.0,0.0306666666667,0.0314166666667,720.0,10736.8046875,53.75
2014.0,8.0,8.0,7.0,20.8358333333,69.5045,11.1891666667,54.0416666667,195.833333333,0.0166666666667,0.716666666667,121.583333333,0.0,0.375375,720.0,10736.8046875,52.3958333333
2014.0,8.0,8.0,8.0,22.6091666667,72.6965,11.6458333333,49.9583333333,383.083333333,0.416666666667,3.18333333333,140.5,0.0,0.641375,720.0,10736.8046875,52.8333333333
2014.0,8.0,8.0,9.0,24.2208333333,75.5975,12.19,47.05,560.25,0.466666666667,2.425,158.5,0.0,0.883125,720.0,10736.8046875,54.9583333333
2014.0,8.0,8.0,10.0,25.9416666667,78.695,12.3416666667,42.8333333333,701.5,0.283333333333,2.35833333333,124.166666667,0.0,1.14125,720.0,10736.8046875,56.9583333333
2014.0,8.0,8.0,11.0,27.4591666667,81.4265,12.4225,39.3666666667,730.333333333,0.541666666667,3.55833333333,133.083333333,0.0,1.368875,720.0,10736.8046875,58.2916666667
2014.0,8.0,8.0,12.0,28.3975,83.1155,11.9958333333,36.2666666667,879.583333333,0.358333333333,3.075,135.833333333,0.0,1.509625,720.0,10736.8046875,59.9583333333
2014.0,8.0,8.0,13.0,28.8825,83.9885,11.6375,34.4416666667,728.25,0.275,2.44166666667,107.666666667,0.0,1.582375,720.0,10736.8046875,58.875
2014.0,8.0,8.0,14.0,29.4275,84.9695,11.8075,33.7166666667,738.916666667,0.375,3.09166666667,124.916666667,0.0,1.664125,720.0,10736.8046875,58.0416666667
2014.0,8.0,8.0,15.0,29.3683333333,84.863,12.23,34.875,476.083333333,0.133333333333,1.625,124.25,0.0,1.65525,720.0,10736.8046875,58.6666666667
2014.0,8.0,8.0,16.0,29.3516666667,84.833,12.2633333333,34.975,435.333333333,0.166666666667,1.85,124.333333333,0.0,1.65275,720.0,10736.8046875,59.3125
2014.0,8.0,8.0,17.0,28.5475,83.3855,12.5191666667,37.2083333333,286.916666667,0.133333333333,1.775,124.166666667,0.0,1.532125,720.0,10736.8046875,55.625
2014.0,8.0,8.0,18.0,27.6325,81.7385,12.6416666667,39.55,168.333333333,0.225,2.025,95.1666666667,0.0,1.394875,720.0,10736.8046875,54.2916666667
2014.0,8.0,8.0,19.0,25.6208333333,78.1175,13.0841666667,45.825,35.1666666667,0.225,1.875,80.25,0.0,1.093125,720.0,10736.8046875,53.7291666667
2014.0,8.0,8.0,20.0,24.285,75.713,14.0933333333,52.9583333333,1.0,0.0166666666667,0.791666666667,69.9166666667,0.0,0.89275,720.0,10736.8046875,55.7083333333
2014.0,8.0,8.0,21.0,23.435,74.183,14.4491666667,57.0083333333,1.0,0.0166666666667,0.3,66.6666666667,0.0,0.76525,720.0,10736.8046875,53.2291666667
2014.0,8.0,8.0,22.0,22.6816666667,72.827,14.6691666667,60.5083333333,1.0,0.0166666666667,0.65,77.5,0.0,0.65225,720.0,10736.8046875,51.2291666667
2014.0,8.0,8.0,23.0,22.3408333333,72.2135,14.2833333333,60.25,1.0,0.0,0.25,100.0,0.0,0.601125,720.0,10736.8046875,51.4791666667
2014.0,8.0,9.0,0.0,21.8675,71.3615,13.9775,60.8,1.0,0.0,0.375,100.5,0.0,0.530125,0.0,10736.8046875,51.4166666667
2014.0,8.0,9.0,1.0,21.1825,70.1285,13.9483333333,63.2833333333,1.0,0.0,0.0333333333333,92.4166666667,0.0,0.427375,0.0,10736.8046875,50.9791666667
2014.0,8.0,9.0,2.0,20.4616666667,68.831,14.0325,66.5333333333,1.0,0.0,0.125,84.9166666667,0.0,0.31925,0.0,10736.8046875,49.625
2014.0,8.0,9.0,3.0,19.91,67.838,14.16,69.4,1.0,0.0,0.0,79.4166666667,0.0,0.2365,0.0,10736.8046875,50.0208333333
2014.0,8.0,9.0,4.0,19.3091666667,66.7565,14.3466666667,72.925,1.0,0.0,0.0,142.666666667,0.0,0.146375,0.0,10736.8046875,55.1875
2014.0,8.0,9.0,5.0,18.8475,65.9255,14.4575,75.5666666667,1.66666666667,0.0,0.0166666666667,131.416666667,0.0,0.077125,0.0,10736.8046875,52.8125
2014.0,8.0,9.0,6.0,19.5783333333,67.241,14.4208333333,72.125,58.0833333333,0.0,0.05,181.666666667,0.0,0.18675,0.0,10736.8046875,52.1875
2014.0,8.0,9.0,7.0,21.8783333333,71.381,14.2891666667,62.05,207.75,0.0,0.533333333333,168.75,0.0,0.53175,0.0,10736.8046875,52.5208333333
2014.0,8.0,9.0,8.0,24.005,75.209,14.3575,54.8,383.083333333,0.05,0.641666666667,163.416666667,0.0,0.85075,0.0,10736.8046875,52.6458333333
2014.0,8.0,9.0,9.0,27.3158333333,81.1685,14.3458333333,45.15,552.916666667,0.0,0.216666666667,186.25,0.0,1.347375,0.0,10736.8046875,53.0
2014.0,8.0,9.0,10.0,29.5258333333,85.1465,12.9058333333,36.0916666667,701.833333333,0.0,0.416666666667,175.916666667,0.0,1.678875,0.0,10736.8046875,54.25
2014.0,8.0,9.0,11.0,30.6333333333,87.14,12.9875,34.0166666667,851.5,0.166666666667,1.63333333333,166.666666667,0.0,1.845,0.0,10736.8046875,53.5
2014.0,8.0,9.0,12.0,31.92,89.456,12.6491666667,30.9333333333,947.5,0.183333333333,1.79166666667,140.833333333,0.0,2.038,0.0,10736.8046875,55.2708333333
2014.0,8.0,9.0,13.0,30.7741666667,87.3935,13.1958333333,34.425,606.166666667,0.0833333333333,0.916666666667,140.0,0.0,1.866125,0.0,10736.8046875,56.25
2014.0,8.0,9.0,14.0,30.4541666667,86.8175,12.9116666667,34.35,531.916666667,0.05,1.04166666667,104.75,0.0,1.818125,0.0,10736.8046875,55.9791666667
2014.0,8.0,9.0,15.0,32.5733333333,90.632,12.32,29.3083333333,644.666666667,0.133333333333,1.40833333333,125.0,0.0,2.136,0.0,10736.8046875,55.6458333333
2014.0,8.0,9.0,16.0,30.775,87.395,11.7591666667,31.2,404.833333333,0.0666666666667,0.975,149.916666667,0.0,1.86625,0.0,10736.8046875,54.9583333333
2014.0,8.0,9.0,17.0,32.0475,89.6855,11.9841666667,29.4666666667,348.75,0.1,1.08333333333,145.333333333,0.0,2.057125,0.0,10736.8046875,54.875
2014.0,8.0,9.0,18.0,29.4408333333,84.9935,12.0466666667,34.275,134.333333333,0.125,1.15,120.083333333,0.0,1.666125,0.0,10736.8046875,55.4375
2014.0,8.0,9.0,19.0,27.4991666667,81.4985,12.3358333333,39.1,35.5833333333,0.0,0.316666666667,174.666666667,0.0,1.374875,0.0,10736.8046875,55.7708333333
2014.0,8.0,9.0,20.0,25.5733333333,78.032,15.0833333333,52.9416666667,1.0,0.15,1.49166666667,248.75,0.0,1.086,0.0,10736.8046875,55.4791666667
2014.0,8.0,9.0,21.0,24.1825,75.5285,17.2325,65.1083333333,1.0,0.0833333333333,0.541666666667,293.5,0.0,0.877375,0.0,10736.8046875,55.5
2014.0,8.0,9.0,22.0,23.3175,73.9715,17.0016666667,67.5833333333,1.0,0.0,0.0166666666667,295.25,0.0,0.747625,0.0,10736.8046875,54.0833333333
2014.0,8.0,9.0,23.0,22.4525,72.4145,17.03,71.3666666667,1.0,0.0,0.0,251.25,0.0,0.617875,0.0,10736.8046875,51.7708333333
2014.0,8.0,10.0,0.0,21.8566666667,71.342,17.3316666667,75.4166666667,1.0,0.0,0.0166666666667,51.5,0.0,0.5285,0.0,10736.8046875,52.5416666667
2014.0,8.0,10.0,1.0,21.1541666667,70.0775,17.7233333333,80.6916666667,1.0,0.0,0.0,50.3333333333,0.0,0.423125,0.0,10736.8046875,51.5
2014.0,8.0,10.0,2.0,20.7125,69.2825,17.7408333333,82.975,1.0,0.0,0.0,63.0833333333,0.0,0.356875,0.0,10736.8046875,51.3333333333
2014.0,8.0,10.0,3.0,20.2033333333,68.366,17.0583333333,82.0416666667,1.0,0.0,0.0,117.083333333,0.0,0.2805,0.0,10736.8046875,50.9166666667
2014.0,8.0,10.0,4.0,19.3575,66.8435,15.6483333333,79.0333333333,1.0,0.0,0.0333333333333,185.0,0.0,0.153625,0.0,10736.8046875,57.1041666667
2014.0,8.0,10.0,5.0,18.9391666667,66.0905,15.4733333333,80.2166666667,1.58333333333,0.0,0.0833333333333,191.0,0.0,0.090875,0.0,10736.8046875,54.5416666667
2014.0,8.0,10.0,6.0,19.44,66.992,15.4008333333,77.475,59.25,0.0,0.0166666666667,216.083333333,0.0,0.166,0.0,10736.8046875,54.25
2014.0,8.0,10.0,7.0,22.9966666667,73.394,15.0341666667,61.0166666667,213.0,0.0,0.0,227.75,0.0,0.6995,0.0,10736.8046875,53.3125
2014.0,8.0,10.0,8.0,26.8925,80.4065,15.0275,48.2666666667,396.333333333,0.0,0.0333333333333,219.166666667,0.0,1.283875,0.0,10736.8046875,53.7708333333
2014.0,8.0,10.0,9.0,29.2866666667,84.716,14.4366666667,40.3833333333,568.0,0.0333333333333,0.508333333333,215.5,0.0,1.643,0.0,10736.8046875,52.8333333333
2014.0,8.0,10.0,10.0,30.3941666667,86.7095,13.77,36.3166666667,708.583333333,0.166666666667,1.74166666667,206.416666667,0.0,1.809125,0.0,10736.8046875,53.0416666667
2014.0,8.0,10.0,11.0,33.1241666667,91.6235,13.0391666667,29.675,879.75,0.0666666666667,0.941666666667,238.083333333,0.0,2.218625,0.0,10736.8046875,54.1458333333
2014.0,8.0,10.0,12.0,32.945,91.301,12.1008333333,28.3166666667,839.833333333,0.0166666666667,0.65,223.916666667,0.0,2.19175,0.0,10736.8046875,53.3541666667
2014.0,8.0,10.0,13.0,30.5458333333,86.9825,12.5925,33.3833333333,391.0,0.0166666666667,0.425,172.333333333,0.0,1.831875,0.0,10736.8046875,54.0833333333
2014.0,8.0,10.0,14.0,34.2316666667,93.617,12.2425,26.5666666667,770.416666667,0.0166666666667,0.341666666667,260.166666667,0.0,2.38475,0.0,10736.8046875,54.1875
2014.0,8.0,10.0,15.0,34.2341666667,93.6215,12.6066666667,27.1833333333,679.166666667,0.133333333333,1.525,280.5,0.0,2.385125,0.0,10736.8046875,55.0
2014.0,8.0,10.0,16.0,30.2275,86.4095,13.1866666667,35.2666666667,174.166666667,0.05,0.816666666667,178.083333333,0.0,1.784125,0.0,10736.8046875,55.8125
2014.0,8.0,10.0,17.0,29.4208333333,84.9575,13.8408333333,38.5416666667,157.666666667,0.0333333333333,0.616666666667,130.083333333,0.0,1.663125,0.0,10736.8046875,54.6458333333
2014.0,8.0,10.0,18.0,29.12,84.416,14.5658333333,41.0833333333,110.333333333,0.133333333333,1.525,50.9166666667,0.0,1.618,0.0,10736.8046875,54.4166666667
2014.0,8.0,10.0,19.0,27.7416666667,81.935,14.2466666667,43.6166666667,21.5833333333,0.291666666667,2.35,130.0,0.0,1.41125,0.0,10736.8046875,55.1041666667
2014.0,8.0,10.0,20.0,26.4183333333,79.553,14.3666666667,47.475,1.0,0.2,1.925,329.583333333,0.0,1.21275,0.0,10736.8046875,55.4166666667
2014.0,8.0,10.0,21.0,25.535,77.963,14.835,51.5666666667,1.0,0.1,1.10833333333,246.25,0.0,1.08025,0.0,10736.8046875,54.8125
2014.0,8.0,10.0,22.0,24.2575,75.6635,14.4141666667,54.1416666667,1.0,0.0166666666667,0.458333333333,134.666666667,0.0,0.888625,0.0,10736.8046875,54.0208333333
2014.0,8.0,10.0,23.0,23.38,74.084,14.8558333333,58.725,1.0,0.0166666666667,0.666666666667,59.3333333333,0.0,0.757,0.0,10736.8046875,53.25
2014.0,8.0,11.0,0.0,22.4916666667,72.485,16.2575,67.825,1.0,0.0166666666667,0.483333333333,81.5833333333,0.0,0.62375,720.0,10736.8046875,54.4375
2014.0,8.0,11.0,1.0,21.9266666667,71.468,17.2575,74.7416666667,1.0,0.05,1.04166666667,50.6666666667,0.0,0.539,720.0,10736.8046875,53.4583333333
2014.0,8.0,11.0,2.0,21.4608333333,70.6295,17.2008333333,76.6416666667,1.0,0.0,0.0,53.0833333333,0.0,0.469125,720.0,10736.8046875,53.0625
2014.0,8.0,11.0,3.0,21.27,70.286,16.2525,72.9833333333,1.0,0.0,0.0,65.8333333333,0.0,0.4405,720.0,10736.8046875,52.9166666667
2014.0,8.0,11.0,4.0,20.585,69.053,16.1616666667,75.6916666667,1.0,0.0,0.0,65.75,0.0,0.33775,720.0,10736.8046875,58.0
2014.0,8.0,11.0,5.0,20.3616666667,68.651,16.2366666667,77.1,1.33333333333,0.0,0.0,67.4166666667,0.0,0.30425,720.0,10736.8046875,56.7708333333
2014.0,8.0,11.0,6.0,21.2241666667,70.2035,16.26,73.275,46.5,0.0,0.0,122.5,0.0,0.433625,720.0,10736.8046875,56.2916666667
2014.0,8.0,11.0,7.0,24.535,76.163,16.405,60.65,211.416666667,0.0,0.0,217.583333333,0.0,0.93025,720.0,10736.8046875,55.2291666667
2014.0,8.0,11.0,8.0,27.3083333333,81.155,15.8016666667,49.7333333333,337.083333333,0.0,0.0166666666667,295.0,0.0,1.34625,720.0,10736.8046875,56.0625
2014.0,8.0,11.0,9.0,29.5341666667,85.1615,14.2091666667,39.25,585.0,0.0333333333333,0.475,299.916666667,0.0,1.680125,720.0,10736.8046875,56.9375
2014.0,8.0,11.0,10.0,29.0783333333,84.341,12.3891666667,35.7666666667,481.5,0.266666666667,2.225,295.5,0.0,1.61175,720.0,10736.8046875,58.9791666667
2014.0,8.0,11.0,11.0,29.9016666667,85.823,12.7308333333,34.875,647.083333333,0.616666666667,3.31666666667,303.916666667,0.0,1.73525,720.0,10736.8046875,60.8958333333
2014.0,8.0,11.0,12.0,30.1175,86.2115,13.4433333333,36.1666666667,707.75,0.908333333333,4.275,328.916666667,0.0,1.767625,720.0,10736.8046875,60.8125
2014.0,8.0,11.0,13.0,31.1316666667,88.037,14.1625,35.7166666667,742.5,0.666666666667,3.73333333333,244.166666667,0.0,1.91975,720.0,10736.8046875,62.1666666667
2014.0,8.0,11.0,14.0,31.2075,88.1735,14.775,37.0833333333,670.0,0.65,3.61666666667,261.166666667,0.0,1.931125,720.0,10736.8046875,61.4166666667
2014.0,8.0,11.0,15.0,29.7233333333,85.502,13.7816666667,37.7583333333,393.25,0.75,3.83333333333,323.333333333,0.0,1.7085,720.0,10736.8046875,58.9791666667
2014.0,8.0,11.0,16.0,29.525,85.145,13.6208333333,37.9916666667,305.583333333,0.825,4.30833333333,314.833333333,0.0,1.67875,720.0,10736.8046875,58.6875
2014.0,8.0,11.0,17.0,27.4566666667,81.422,14.4625,44.9666666667,201.0,1.35,5.80833333333,338.916666667,0.0,1.3685,720.0,10736.8046875,58.2916666667
2014.0,8.0,11.0,18.0,26.7208333333,80.0975,14.9908333333,48.6,136.583333333,1.11666666667,4.91666666667,322.666666667,0.0,1.258125,720.0,10736.8046875,57.9791666667
2014.0,8.0,11.0,19.0,24.8733333333,76.772,15.6566666667,56.5583333333,15.9166666667,1.08333333333,4.9,312.0,0.0,0.981,720.0,10736.8046875,58.6666666667
2014.0,8.0,11.0,20.0,23.8466666667,74.924,17.2025,66.3666666667,1.0,0.341666666667,3.49166666667,305.666666667,0.0,0.827,720.0,10736.8046875,56.1875
2014.0,8.0,11.0,21.0,23.1966666667,73.754,18.6325,75.4333333333,1.0,0.358333333333,2.50833333333,301.083333333,0.0,0.7295,720.0,10736.8046875,56.3958333333
2014.0,8.0,11.0,22.0,22.9516666667,73.313,19.2858333333,79.7333333333,1.0,0.5,3.23333333333,304.166666667,0.0,0.69275,720.0,10736.8046875,53.2083333333
2014.0,8.0,11.0,23.0,22.695,72.851,19.4766666667,81.9583333333,1.0,0.0833333333333,1.74166666667,305.166666667,0.0,0.65425,720.0,10736.8046875,51.0416666667
2014.0,8.0,12.0,0.0,22.5866666667,72.656,19.5633333333,82.9333333333,1.0,0.0666666666667,1.225,296.75,0.0,0.638,720.0,10736.8046875,50.5833333333
2014.0,8.0,12.0,1.0,22.5575,72.6035,19.5341666667,82.9333333333,1.0,0.0833333333333,1.46666666667,291.25,0.0,0.633625,720.0,10736.8046875,50.375
2014.0,8.0,12.0,2.0,22.4891666667,72.4805,19.3225,82.175,1.0,0.0,0.533333333333,279.333333333,0.0,0.623375,720.0,10736.8046875,49.9375
2014.0,8.0,12.0,3.0,22.3083333333,72.155,19.3358333333,83.1583333333,1.0,0.0,0.9,278.333333333,0.0,0.59625,720.0,10736.8046875,50.0833333333
2014.0,8.0,12.0,4.0,22.2275,72.0095,19.5583333333,84.725,1.0,0.116666666667,1.51666666667,281.083333333,0.0,0.584125,720.0,10736.8046875,54.8541666667
2014.0,8.0,12.0,5.0,22.3875,72.2975,19.8575,85.475,1.0,0.283333333333,2.74166666667,290.833333333,0.0,0.608125,720.0,10736.8046875,54.0833333333
2014.0,8.0,12.0,6.0,22.6141666667,72.7055,19.9216666667,84.6416666667,10.0,0.183333333333,2.21666666667,287.583333333,0.0,0.642125,720.0,10736.8046875,53.8541666667
2014.0,8.0,12.0,7.0,23.2333333333,73.82,20.09,82.3833333333,42.75,0.4,3.06666666667,294.25,0.0,0.735,720.0,10736.8046875,52.5
2014.0,8.0,12.0,8.0,23.6125,74.5025,20.4791666667,82.4833333333,61.9166666667,0.625,4.03333333333,295.333333333,0.0,0.791875,720.0,10736.8046875,33.6875
2014.0,8.0,12.0,9.0,24.5691666667,76.2245,20.7816666667,79.3916666667,173.666666667,0.966666666667,4.88333333333,295.833333333,0.0,0.935375,720.0,10736.8046875,0.0
2014.0,8.0,12.0,10.0,25.8216666667,78.479,20.9591666667,74.475,251.583333333,1.2,5.29166666667,304.583333333,0.0,1.12325,720.0,10736.8046875,0.0
2014.0,8.0,12.0,11.0,26.07,78.926,19.8108333333,68.3916666667,171.666666667,1.10833333333,5.25,308.583333333,0.0,1.1605,720.0,10736.8046875,0.0
2014.0,8.0,12.0,12.0,24.5925,76.2665,20.2466666667,77.45,101.166666667,0.525,3.51666666667,307.916666667,0.0,0.938875,720.0,10736.8046875,0.0
2014.0,8.0,12.0,13.0,21.7991666667,71.2385,21.1633333333,96.0166666667,69.25,0.116666666667,1.74166666667,307.5,0.0,0.519875,720.0,10736.8046875,0.0
2014.0,8.0,12.0,14.0,21.2683333333,70.283,17.4316666667,79.3833333333,38.25,0.333333333333,2.91666666667,319.416666667,0.0,0.44025,720.0,10736.8046875,0.0
2014.0,8.0,12.0,15.0,20.775,69.395,12.7216666667,59.95,40.4166666667,1.45,5.525,308.166666667,0.0,0.36625,720.0,10736.8046875,0.0
2014.0,8.0,12.0,16.0,19.9266666667,67.868,-33.8316666667,5.325,23.5,1.375,5.83333333333,299.666666667,0.0,0.239,720.0,10736.8046875,0.0
2014.0,8.0,12.0,17.0,18.9075,66.0335,-38.4341666667,1.0,16.5833333333,1.425,5.71666666667,285.333333333,0.0,0.086125,720.0,10736.8046875,48.6875
2014.0,8.0,12.0,18.0,18.59,65.462,-38.6266666667,1.0,7.25,0.191666666667,1.88333333333,221.25,0.0,0.0385,720.0,10736.8046875,56.5
2014.0,8.0,12.0,19.0,19.0133333333,66.224,-38.3716666667,1.0,9.41666666667,0.266666666667,1.825,199.75,0.0,0.102,720.0,10736.8046875,56.0625
2014.0,8.0,12.0,20.0,19.4675,67.0415,-38.0983333333,1.0,1.0,0.15,1.8,208.583333333,0.0,0.170125,720.0,10736.8046875,56.2708333333
2014.0,8.0,12.0,21.0,21.6808333333,71.0255,-2.89,57.0833333333,1.0,0.5,2.74166666667,293.583333333,0.0,0.502125,720.0,10736.8046875,55.125
2014.0,8.0,12.0,22.0,21.2266666667,70.208,-1.06916666667,54.3083333333,1.0,1.21666666667,6.16666666667,299.5,0.0,0.434,720.0,10736.8046875,52.5
2014.0,8.0,12.0,23.0,20.6875,69.2375,-37.3608333333,1.0,1.0,0.225,2.46666666667,303.166666667,0.0,0.353125,720.0,10736.8046875,51.0625
2014.0,8.0,13.0,0.0,19.9075,67.8335,-37.8308333333,1.0,1.0,0.0166666666667,0.591666666667,285.416666667,0.0,0.236125,720.0,10736.8046875,50.2708333333
2014.0,8.0,13.0,1.0,19.8508333333,67.7315,-6.61416666667,17.3083333333,1.0,0.05,1.14166666667,235.666666667,0.0,0.227625,720.0,10736.8046875,50.5625
2014.0,8.0,13.0,2.0,20.2716666667,68.489,15.65,81.4916666667,1.0,0.0,0.0,210.083333333,0.0,0.29075,720.0,10736.8046875,50.5416666667
2014.0,8.0,13.0,3.0,20.7108333333,69.2795,19.9591666667,95.3166666667,1.0,0.0333333333333,0.433333333333,172.0,0.0,0.356625,720.0,10736.8046875,49.5416666667
2014.0,8.0,13.0,4.0,21.0041666667,69.8075,19.9475,93.5416666667,1.0,0.0833333333333,1.08333333333,196.75,0.0,0.400625,720.0,10736.8046875,55.3333333333
2014.0,8.0,13.0,5.0,20.8733333333,69.572,19.8833333333,93.9166666667,1.0,0.0666666666667,0.933333333333,134.833333333,0.0,0.381,720.0,10736.8046875,53.7083333333
2014.0,8.0,13.0,6.0,20.7791666667,69.4025,19.9341666667,94.7583333333,11.75,0.241666666667,2.05,150.416666667,0.0,0.366875,720.0,10736.8046875,53.0
2014.0,8.0,13.0,7.0,21.5075,70.7135,19.9408333333,90.6916666667,95.6666666667,0.0666666666667,0.975,117.0,0.0,0.476125,720.0,10736.8046875,47.1875
2014.0,8.0,13.0,8.0,23.3225,73.9805,19.79,80.5083333333,270.083333333,0.341666666667,2.50833333333,101.75,0.0,0.748375,720.0,10736.8046875,51.2916666667
2014.0,8.0,13.0,9.0,24.9175,76.8515,20.1508333333,74.8083333333,315.083333333,0.258333333333,2.30833333333,112.0,0.0,0.987625,720.0,10736.8046875,55.0208333333
2014.0,8.0,13.0,10.0,25.2533333333,77.456,20.0691666667,72.9833333333,334.916666667,0.466666666667,2.90833333333,107.416666667,0.0,1.038,720.0,10736.8046875,57.625
2014.0,8.0,13.0,11.0,27.2633333333,81.074,20.1533333333,65.375,509.0,0.375,2.88333333333,90.0833333333,0.0,1.3395,720.0,10736.8046875,53.75
2014.0,8.0,13.0,12.0,29.0558333333,84.3005,19.7458333333,57.3416666667,638.583333333,0.783333333333,3.9,93.25,0.0,1.608375,720.0,10736.8046875,58.4791666667
2014.0,8.0,13.0,13.0,29.0325,84.2585,18.6716666667,53.75,742.166666667,1.425,5.425,72.6666666667,0.0,1.604875,720.0,10736.8046875,58.3125
2014.0,8.0,13.0,14.0,30.0716666667,86.129,17.8166666667,47.9083333333,649.333333333,1.50833333333,6.03333333333,71.0833333333,0.0,1.76075,720.0,10736.8046875,59.625
2014.0,8.0,13.0,15.0,29.9808333333,85.9655,17.15,46.1083333333,689.5,2.61666666667,7.44166666667,66.5,0.0,1.747125,720.0,10736.8046875,59.5625
2014.0,8.0,13.0,16.0,29.3825,84.8885,16.6333333333,46.2,522.916666667,1.85,7.08333333333,73.9166666667,0.0,1.657375,720.0,10736.8046875,59.4583333333
2014.0,8.0,13.0,17.0,28.8883333333,83.999,16.545,47.2916666667,351.5,1.78333333333,7.2,72.75,0.0,1.58325,720.0,10736.8046875,58.6458333333
2014.0,8.0,13.0,18.0,27.7916666667,82.025,16.0241666667,48.7416666667,191.583333333,1.46666666667,6.66666666667,83.25,0.0,1.41875,720.0,10736.8046875,57.6875
2014.0,8.0,13.0,19.0,25.535,77.963,16.3025,56.6916666667,28.4166666667,0.708333333333,4.74166666667,76.5833333333,0.0,1.08025,720.0,10736.8046875,57.6666666667
2014.0,8.0,13.0,20.0,24.0883333333,75.359,16.715,63.3666666667,1.0,0.35,3.35833333333,70.5,0.0,0.86325,720.0,10736.8046875,56.625
2014.0,8.0,13.0,21.0,23.295,73.931,16.4125,65.1916666667,1.0,0.433333333333,3.73333333333,76.8333333333,0.0,0.74425,720.0,10736.8046875,55.6875
2014.0,8.0,13.0,22.0,22.5841666667,72.6515,15.3933333333,63.7666666667,1.0,0.691666666667,4.84166666667,77.4166666667,0.0,0.637625,720.0,10736.8046875,52.3958333333
2014.0,8.0,13.0,23.0,21.8333333333,71.3,14.0458333333,61.2,1.0,0.791666666667,5.25,82.9166666667,0.0,0.525,720.0,10736.8046875,52.0208333333
2014.0,8.0,14.0,0.0,20.7983333333,69.437,13.5283333333,63.0583333333,1.0,0.25,2.98333333333,94.25,0.0,0.36975,720.0,10736.8046875,50.8958333333
2014.0,8.0,14.0,1.0,19.82,67.676,13.2383333333,65.725,1.0,0.108333333333,1.775,83.9166666667,0.0,0.223,720.0,10736.8046875,51.4166666667
2014.0,8.0,14.0,2.0,19.0816666667,66.347,12.3808333333,65.0583333333,1.0,0.266666666667,2.94166666667,77.6666666667,0.0,0.11225,720.0,10736.8046875,50.5208333333
2014.0,8.0,14.0,3.0,18.3408333333,65.0135,11.9933333333,66.425,1.0,0.0666666666667,1.625,76.3333333333,0.0104583333333,0.0115833333333,720.0,10736.8046875,50.5416666667
2014.0,8.0,14.0,4.0,17.5458333333,63.5825,11.8041666667,68.975,1.0,0.05,0.6,66.6666666667,0.118125,0.0,720.0,10736.8046875,54.7916666667
2014.0,8.0,14.0,5.0,16.87,62.366,11.6808333333,71.4,1.33333333333,0.0166666666667,0.616666666667,79.75,0.2195,0.0,720.0,10736.8046875,53.9791666667
2014.0,8.0,14.0,6.0,17.305,63.149,11.4341666667,68.45,57.4166666667,0.0,0.5,65.25,0.154958333333,0.000708333333333,720.0,10736.8046875,53.7083333333
2014.0,8.0,14.0,7.0,19.405,66.929,11.0016666667,58.2833333333,230.166666667,0.3,3.175,92.9166666667,0.0,0.16075,720.0,10736.8046875,53.25
2014.0,8.0,14.0,8.0,21.2825,70.3085,10.2558333333,49.3916666667,408.833333333,0.191666666667,2.425,110.5,0.0,0.442375,720.0,10736.8046875,54.75
2014.0,8.0,14.0,9.0,23.5275,74.3495,10.0075,42.4166666667,577.0,0.0166666666667,0.625,116.0,0.0,0.779125,720.0,10736.8046875,57.6875
2014.0,8.0,14.0,10.0,23.715,74.687,9.3575,40.2333333333,709.583333333,0.225,2.01666666667,66.8333333333,0.0,0.80725,720.0,10736.8046875,59.0
2014.0,8.0,14.0,11.0,25.1275,77.2295,9.98416666667,38.5083333333,827.166666667,0.583333333333,3.775,58.5,0.0,1.019125,720.0,10736.8046875,58.9583333333
2014.0,8.0,14.0,12.0,25.885,78.593,10.52,38.1333333333,867.166666667,0.591666666667,3.74166666667,67.0833333333,0.0,1.13275,720.0,10736.8046875,57.5625
2014.0,8.0,14.0,13.0,26.315,79.367,10.8166666667,37.9166666667,741.916666667,0.841666666667,4.05833333333,61.6666666667,0.0,1.19725,720.0,10736.8046875,58.9375
2014.0,8.0,14.0,14.0,26.1516666667,79.073,11.3783333333,39.75,540.25,1.09166666667,4.91666666667,49.0,0.0,1.17275,720.0,10736.8046875,58.1458333333
2014.0,8.0,14.0,15.0,26.5266666667,79.748,11.8175,40.0583333333,543.75,1.025,4.65833333333,45.75,0.0,1.229,720.0,10736.8046875,57.6666666667
2014.0,8.0,14.0,16.0,26.6775,80.0195,12.5716666667,41.7833333333,435.583333333,0.55,4.26666666667,40.3333333333,0.0,1.251625,720.0,10736.8046875,58.2708333333
2014.0,8.0,14.0,17.0,27.1383333333,80.849,13.0816666667,41.925,344.5,0.483333333333,3.49166666667,87.0,0.0,1.32075,720.0,10736.8046875,57.6458333333
2014.0,8.0,14.0,18.0,25.1208333333,77.2175,13.93,50.1083333333,108.416666667,0.133333333333,1.91666666667,69.75,0.0,1.018125,720.0,10736.8046875,57.2291666667
2014.0,8.0,14.0,19.0,21.6775,71.0195,-1.595,38.6,4.16666666667,0.75,4.10833333333,91.6666666667,0.0626666666667,0.564291666667,720.0,10736.8046875,56.7916666667
2014.0,8.0,14.0,20.0,17.5883333333,63.659,-39.2325,1.0,1.0,0.0,0.0,73.5833333333,0.11175,0.0,720.0,10736.8046875,56.6666666667
2014.0,8.0,14.0,21.0,18.2675,64.8815,4.7025,72.5833333333,1.0,0.0,0.0,54.5833333333,0.0115416666667,0.00166666666667,720.0,10736.8046875,55.875
2014.0,8.0,14.0,22.0,18.7391666667,65.7305,17.1991666667,90.6666666667,1.0,0.0,0.0,53.75,0.0,0.060875,720.0,10736.8046875,53.5208333333
2014.0,8.0,14.0,23.0,18.82,65.876,14.7841666667,77.35,1.0,0.0,0.375,87.8333333333,0.0,0.073,720.0,10736.8046875,52.4375
2014.0,8.0,15.0,0.0,18.0758333333,64.5365,13.53,74.6916666667,1.0,0.1,1.44166666667,92.8333333333,0.046375,0.00775,720.0,10736.8046875,51.5416666667
2014.0,8.0,15.0,1.0,17.4666666667,63.44,12.8983333333,74.4916666667,1.0,0.0666666666667,1.025,78.5833333333,0.13,0.0,720.0,10736.8046875,51.1875
2014.0,8.0,15.0,2.0,16.8091666667,62.2565,12.38,75.075,1.0,0.0,1.01666666667,83.6666666667,0.228625,0.0,720.0,10736.8046875,50.9791666667
2014.0,8.0,15.0,3.0,16.265,61.277,11.4933333333,73.2833333333,1.0,0.233333333333,2.25833333333,97.3333333333,0.31025,0.0,720.0,10736.8046875,50.7083333333
2014.0,8.0,15.0,4.0,15.875,60.575,10.6316666667,70.9666666667,1.0,0.216666666667,2.075,93.8333333333,0.36875,0.0,720.0,10736.8046875,55.6666666667
2014.0,8.0,15.0,5.0,15.31,59.558,10.385,72.3833333333,1.25,0.133333333333,1.95833333333,92.0833333333,0.4535,0.0,720.0,10736.8046875,54.2291666667
2014.0,8.0,15.0,6.0,15.7558333333,60.3605,9.87666666667,68.1333333333,55.25,0.266666666667,2.43333333333,90.3333333333,0.386625,0.0,720.0,10736.8046875,54.4375
2014.0,8.0,15.0,7.0,18.1083333333,64.595,9.54333333333,57.3333333333,220.083333333,0.241666666667,2.94166666667,86.9166666667,0.0694166666667,0.0356666666667,720.0,10736.8046875,53.5
2014.0,8.0,15.0,8.0,20.45,68.81,9.77,50.325,403.75,0.341666666667,2.725,78.8333333333,0.0,0.3175,720.0,10736.8046875,53.9583333333
2014.0,8.0,15.0,9.0,21.3908333333,70.5035,9.86833333333,47.8083333333,577.666666667,0.583333333333,4.1,78.25,0.0,0.458625,720.0,10736.8046875,55.4375
2014.0,8.0,15.0,10.0,22.3783333333,72.281,10.1441666667,45.8666666667,706.666666667,0.666666666667,3.98333333333,89.1666666667,0.0,0.60675,720.0,10736.8046875,58.0
2014.0,8.0,15.0,11.0,23.2908333333,73.9235,9.96166666667,42.8416666667,698.416666667,1.61666666667,6.55833333333,71.5,0.0,0.743625,720.0,10736.8046875,57.6458333333
2014.0,8.0,15.0,12.0,23.8358333333,74.9045,9.39416666667,39.8916666667,812.583333333,1.91666666667,6.49166666667,64.75,0.0,0.825375,720.0,10736.8046875,56.6041666667
2014.0,8.0,15.0,13.0,24.4241666667,75.9635,9.27916666667,38.275,868.0,1.26666666667,5.075,68.3333333333,0.0,0.913625,720.0,10736.8046875,56.9166666667
2014.0,8.0,15.0,14.0,25.0308333333,77.0555,9.22166666667,36.725,769.416666667,1.43333333333,5.63333333333,71.9166666667,0.0,1.004625,720.0,10736.8046875,57.5833333333
2014.0,8.0,15.0,15.0,25.2775,77.4995,9.37083333333,36.6083333333,533.25,0.941666666667,4.825,75.0,0.0,1.041625,720.0,10736.8046875,58.0
2014.0,8.0,15.0,16.0,24.7158333333,76.4885,9.2125,37.4333333333,388.5,0.85,4.3,78.3333333333,0.0,0.957375,720.0,10736.8046875,57.0833333333
2014.0,8.0,15.0,17.0,24.9233333333,76.862,9.11833333333,36.7416666667,331.833333333,0.625,4.19166666667,81.1666666667,0.0,0.9885,720.0,10736.8046875,57.5625
2014.0,8.0,15.0,18.0,24.245,75.641,9.85666666667,40.2083333333,175.583333333,0.25,2.4,82.75,0.0,0.88675,720.0,10736.8046875,56.5625
2014.0,8.0,15.0,19.0,22.2025,71.9645,10.3216666667,46.8416666667,14.1666666667,0.116666666667,1.40833333333,68.25,0.0,0.580375,720.0,10736.8046875,56.7916666667
2014.0,8.0,15.0,20.0,21.715,71.087,10.9116666667,50.2,1.0,0.0,0.0166666666667,65.1666666667,0.0,0.50725,720.0,10736.8046875,55.2083333333
2014.0,8.0,15.0,21.0,21.2033333333,70.166,11.1558333333,52.6333333333,1.0,0.0,0.0,80.9166666667,0.0,0.4305,720.0,10736.8046875,54.4375
2014.0,8.0,15.0,22.0,20.73,69.314,11.5516666667,55.625,1.0,0.0,0.0,94.5,0.0,0.3595,720.0,10736.8046875,52.625
2014.0,8.0,15.0,23.0,20.2258333333,68.4065,11.6841666667,57.9,1.0,0.0,0.0,68.3333333333,0.0,0.283875,720.0,10736.8046875,51.7916666667
2014.0,8.0,16.0,0.0,19.2525,66.6545,12.4766666667,64.8,1.0,0.0,0.0,62.0,0.0,0.137875,0.0,10736.8046875,51.8125
2014.0,8.0,16.0,1.0,18.8383333333,65.909,12.4125,66.1916666667,1.0,0.0,0.0333333333333,73.3333333333,0.0,0.07575,0.0,10736.8046875,51.5833333333
2014.0,8.0,16.0,2.0,18.3791666667,65.0825,12.0908333333,66.7083333333,1.0,0.0,0.0,74.1666666667,0.014875,0.02175,0.0,10736.8046875,51.0416666667
2014.0,8.0,16.0,3.0,17.8325,64.0985,12.1766666667,69.4166666667,1.0,0.0,0.0,67.9166666667,0.075125,0.0,0.0,10736.8046875,50.875
2014.0,8.0,16.0,4.0,17.4508333333,63.4115,11.9358333333,70.0,1.0,0.0,0.0,65.25,0.132375,0.0,0.0,10736.8046875,56.1666666667
2014.0,8.0,16.0,5.0,17.2125,62.9825,12.4558333333,73.525,1.08333333333,0.0,0.0,83.1666666667,0.168125,0.0,0.0,10736.8046875,54.0208333333
2014.0,8.0,16.0,6.0,17.4791666667,63.4625,13.085,75.3333333333,37.5,0.0,0.0,83.8333333333,0.128125,0.0,0.0,10736.8046875,54.0625
2014.0,8.0,16.0,7.0,19.5591666667,67.2065,11.7141666667,60.8833333333,160.5,0.0,0.0,79.3333333333,0.0266666666667,0.210541666667,0.0,10736.8046875,53.0625
2014.0,8.0,16.0,8.0,22.95,73.31,11.0675,47.1333333333,355.25,0.0166666666667,0.108333333333,70.75,0.0,0.6925,0.0,10736.8046875,53.2083333333
2014.0,8.0,16.0,9.0,24.2808333333,75.7055,11.1291666667,43.7333333333,484.666666667,0.0166666666667,0.275,52.75,0.0,0.892125,0.0,10736.8046875,53.2083333333
2014.0,8.0,16.0,10.0,24.9075,76.8335,10.8566666667,41.3416666667,515.0,0.1,0.883333333333,70.5833333333,0.0,0.986125,0.0,10736.8046875,55.0
2014.0,8.0,16.0,11.0,27.2508333333,81.0515,10.9025,36.125,755.583333333,0.3,2.36666666667,132.333333333,0.0,1.337625,0.0,10736.8046875,55.5208333333
2014.0,8.0,16.0,12.0,27.3075,81.1535,11.3725,37.1083333333,828.166666667,0.658333333333,3.45,95.25,0.0,1.346125,0.0,10736.8046875,55.4791666667
2014.0,8.0,16.0,13.0,27.355,81.239,12.33,39.4,840.25,1.15,5.01666666667,71.3333333333,0.0,1.35325,0.0,10736.8046875,55.6666666667
2014.0,8.0,16.0,14.0,27.1458333333,80.8625,13.5425,43.1583333333,593.083333333,0.95,4.875,42.6666666667,0.0,1.321875,0.0,10736.8046875,55.1041666667
2014.0,8.0,16.0,15.0,27.93,82.274,13.6208333333,41.4416666667,640.5,1.09166666667,4.94166666667,71.25,0.0,1.4395,0.0,10736.8046875,55.4583333333
2014.0,8.0,16.0,16.0,27.7716666667,81.989,13.4175,41.3083333333,443.833333333,0.6,3.61666666667,73.3333333333,0.0,1.41575,0.0,10736.8046875,55.3333333333
2014.0,8.0,16.0,17.0,28.18,82.724,12.6225,38.275,347.583333333,0.441666666667,3.33333333333,49.4166666667,0.0,1.477,0.0,10736.8046875,54.7291666667
2014.0,8.0,16.0,18.0,26.9075,80.4335,11.505,38.2833333333,182.166666667,0.458333333333,3.09166666667,53.5,0.0,1.286125,0.0,10736.8046875,54.9375
2014.0,8.0,16.0,19.0,24.28,75.704,12.1175,46.6416666667,23.0833333333,0.0666666666667,1.41666666667,68.0,0.0,0.892,0.0,10736.8046875,54.5
2014.0,8.0,16.0,20.0,23.0391666667,73.4705,12.8266666667,52.55,1.0,0.0166666666667,0.633333333333,68.3333333333,0.0,0.705875,0.0,10736.8046875,54.5833333333
2014.0,8.0,16.0,21.0,22.3316666667,72.197,13.2383333333,56.35,1.0,0.0,0.0333333333333,62.6666666667,0.0,0.59975,0.0,10736.8046875,54.375
2014.0,8.0,16.0,22.0,21.7475,71.1455,14.145,61.9333333333,1.0,0.0,0.108333333333,63.0,0.0,0.512125,0.0,10736.8046875,52.1875
2014.0,8.0,16.0,23.0,20.9208333333,69.6575,14.7058333333,67.5416666667,1.0,0.0,0.0916666666667,62.5833333333,0.0,0.388125,0.0,10736.8046875,52.2291666667
2014.0,8.0,17.0,0.0,20.1525,68.2745,15.0775,72.5416666667,1.0,0.0,0.208333333333,66.25,0.0,0.272875,0.0,10736.8046875,51.8125
2014.0,8.0,17.0,1.0,19.5375,67.1675,15.3491666667,76.6666666667,1.0,0.0,0.0,60.75,0.0,0.180625,0.0,10736.8046875,52.1666666667
2014.0,8.0,17.0,2.0,19.3058333333,66.7505,15.8425,80.275,1.0,0.0,0.0333333333333,58.1666666667,0.0,0.145875,0.0,10736.8046875,51.5416666667
2014.0,8.0,17.0,3.0,18.8483333333,65.927,16.0375,83.6333333333,1.0,0.0166666666667,0.875,55.5833333333,0.0,0.07725,0.0,10736.8046875,51.7291666667
2014.0,8.0,17.0,4.0,18.3041666667,64.9475,16.34,88.2166666667,1.0,0.1,1.25,60.9166666667,0.0122083333333,0.00783333333333,0.0,10736.8046875,56.8541666667
2014.0,8.0,17.0,5.0,18.1575,64.6835,16.3591666667,89.1333333333,1.08333333333,0.0,0.283333333333,69.5,0.0273333333333,0.000958333333333,0.0,10736.8046875,55.6458333333
2014.0,8.0,17.0,6.0,19.3183333333,66.773,15.3825,77.9833333333,24.5,0.0,0.2,79.0,0.0,0.14775,0.0,10736.8046875,55.75
2014.0,8.0,17.0,7.0,20.5258333333,68.9465,14.9625,70.35,77.1666666667,0.0,0.358333333333,65.25,0.0,0.328875,0.0,10736.8046875,53.1666666667
2014.0,8.0,17.0,8.0,21.9491666667,71.5085,15.3991666667,66.3416666667,148.583333333,0.0,0.0,53.5833333333,0.0,0.542375,0.0,10736.8046875,52.875
2014.0,8.0,17.0,9.0,22.7141666667,72.8855,15.6241666667,64.2833333333,215.75,0.0666666666667,0.958333333333,65.9166666667,0.0,0.657125,0.0,10736.8046875,52.6458333333
2014.0,8.0,17.0,10.0,24.9091666667,76.8365,16.0775,58.0083333333,412.75,0.341666666667,2.96666666667,88.4166666667,0.0,0.986375,0.0,10736.8046875,53.6666666667
2014.0,8.0,17.0,11.0,25.3533333333,77.636,16.8341666667,59.2666666667,313.666666667,0.55,3.90833333333,80.4166666667,0.0,1.053,0.0,10736.8046875,53.7708333333
2014.0,8.0,17.0,12.0,24.08,75.344,17.9708333333,69.0416666667,347.0,0.716666666667,4.25833333333,91.1666666667,0.0,0.862,0.0,10736.8046875,54.5
2014.0,8.0,17.0,13.0,26.6283333333,79.931,17.3058333333,56.6666666667,632.5,0.583333333333,3.65833333333,86.5,0.0,1.24425,0.0,10736.8046875,54.3333333333
2014.0,8.0,17.0,14.0,28.3225,82.9805,17.3083333333,51.4333333333,617.25,0.708333333333,4.00833333333,89.9166666667,0.0,1.498375,0.0,10736.8046875,54.8125
2014.0,8.0,17.0,15.0,29.0191666667,84.2345,16.8125,47.8833333333,507.833333333,0.575,3.94166666667,101.416666667,0.0,1.602875,0.0,10736.8046875,53.8958333333
2014.0,8.0,17.0,16.0,29.4966666667,85.094,15.1641666667,41.8083333333,541.833333333,0.95,5.10833333333,102.333333333,0.0,1.6745,0.0,10736.8046875,55.7083333333
2014.0,8.0,17.0,17.0,29.5441666667,85.1795,15.2875,42.0583333333,344.25,0.683333333333,3.84166666667,113.916666667,0.0,1.681625,0.0,10736.8046875,56.5
2014.0,8.0,17.0,18.0,28.5183333333,83.333,15.4416666667,45.025,174.333333333,0.425,3.40833333333,116.5,0.0,1.52775,0.0,10736.8046875,55.5625
2014.0,8.0,17.0,19.0,25.9041666667,78.6275,15.4316666667,52.4916666667,20.0833333333,0.133333333333,1.6,120.25,0.0,1.135625,0.0,10736.8046875,56.3125
2014.0,8.0,17.0,20.0,24.5008333333,76.1015,15.6891666667,57.9166666667,1.0,0.0,0.758333333333,134.25,0.0,0.925125,0.0,10736.8046875,55.0416666667
2014.0,8.0,17.0,21.0,23.3641666667,74.0555,15.7316666667,62.1666666667,1.0,0.0333333333333,0.641666666667,136.666666667,0.0,0.754625,0.0,10736.8046875,53.9583333333
2014.0,8.0,17.0,22.0,22.2033333333,71.966,14.7833333333,62.7666666667,1.0,0.0833333333333,1.18333333333,168.0,0.0,0.5805,0.0,10736.8046875,52.9166666667
2014.0,8.0,17.0,23.0,21.4616666667,70.631,13.5641666667,60.6833333333,1.0,0.0166666666667,0.883333333333,162.583333333,0.0,0.46925,0.0,10736.8046875,51.375
2014.0,8.0,18.0,0.0,20.5533333333,68.996,13.3916666667,63.4583333333,1.0,0.0666666666667,0.641666666667,138.666666667,0.0,0.333,720.0,10736.8046875,51.375
2014.0,8.0,18.0,1.0,20.0541666667,68.0975,13.2483333333,64.825,1.0,0.0,0.175,117.25,0.0,0.258125,720.0,10736.8046875,51.5
2014.0,8.0,18.0,2.0,19.3658333333,66.8585,13.32,67.9666666667,1.0,0.0,0.0916666666667,129.583333333,0.0,0.154875,720.0,10736.8046875,51.125
2014.0,8.0,18.0,3.0,18.9233333333,66.062,13.4241666667,70.35,1.0,0.0,0.133333333333,112.333333333,0.0,0.0885,720.0,10736.8046875,50.9375
2014.0,8.0,18.0,4.0,18.3608333333,65.0495,13.4558333333,73.0083333333,1.0,0.0,0.0333333333333,92.5833333333,0.0112916666667,0.0154166666667,720.0,10736.8046875,56.0208333333
2014.0,8.0,18.0,5.0,17.8833333333,64.19,13.4533333333,75.2333333333,1.08333333333,0.0,0.3,122.666666667,0.0675,0.0,720.0,10736.8046875,54.875
2014.0,8.0,18.0,6.0,18.7116666667,65.681,13.45,71.475,46.0833333333,0.0,0.808333333333,149.583333333,0.0163333333333,0.0730833333333,720.0,10736.8046875,55.0
2014.0,8.0,18.0,7.0,21.2033333333,70.166,13.4233333333,61.1666666667,208.166666667,0.0916666666667,1.325,155.333333333,0.0,0.4305,720.0,10736.8046875,54.6666666667
2014.0,8.0,18.0,8.0,22.8033333333,73.046,13.2716666667,54.9,391.083333333,0.375,2.58333333333,155.5,0.0,0.6705,720.0,10736.8046875,55.0625
2014.0,8.0,18.0,9.0,25.1175,77.2115,12.8516666667,46.55,555.333333333,0.291666666667,2.175,174.666666667,0.0,1.017625,720.0,10736.8046875,57.5416666667
2014.0,8.0,18.0,10.0,26.1133333333,79.004,13.33,45.4083333333,672.333333333,0.266666666667,2.225,160.083333333,0.0,1.167,720.0,10736.8046875,59.0
2014.0,8.0,18.0,11.0,28.3466666667,83.024,12.4758333333,37.5166666667,811.416666667,0.15,1.825,164.916666667,0.0,1.502,720.0,10736.8046875,59.75
2014.0,8.0,18.0,12.0,28.9775,84.1595,12.725,36.7666666667,856.083333333,0.2,1.98333333333,135.5,0.0,1.596625,720.0,10736.8046875,60.0416666667
2014.0,8.0,18.0,13.0,29.0191666667,84.2345,13.6308333333,38.975,750.666666667,0.4,3.15,92.8333333333,0.0,1.602875,720.0,10736.8046875,60.4166666667
2014.0,8.0,18.0,14.0,29.0033333333,84.206,14.2716666667,40.6666666667,654.916666667,0.583333333333,3.725,99.6666666667,0.0,1.6005,720.0,10736.8046875,60.7916666667
2014.0,8.0,18.0,15.0,29.9383333333,85.889,14.6816666667,39.525,643.75,0.508333333333,3.79166666667,86.75,0.0,1.74075,720.0,10736.8046875,59.0416666667
2014.0,8.0,18.0,16.0,29.4358333333,84.9845,15.4658333333,42.8333333333,398.333333333,0.191666666667,2.03333333333,78.0,0.0,1.665375,720.0,10736.8046875,59.8541666667
2014.0,8.0,18.0,17.0,28.3233333333,82.982,15.9125,47.075,240.75,0.275,2.175,76.1666666667,0.0,1.4985,720.0,10736.8046875,59.3958333333
2014.0,8.0,18.0,18.0,27.2941666667,81.1295,16.0133333333,50.1333333333,89.25,0.05,1.23333333333,93.6666666667,0.0,1.344125,720.0,10736.8046875,59.2708333333
2014.0,8.0,18.0,19.0,25.9433333333,78.698,16.1508333333,54.7583333333,17.5,0.0166666666667,0.141666666667,87.3333333333,0.0,1.1415,720.0,10736.8046875,57.0208333333
2014.0,8.0,18.0,20.0,25.1533333333,77.276,17.1575,61.2,1.0,0.0333333333333,0.5,63.0,0.0,1.023,720.0,10736.8046875,57.4583333333
2014.0,8.0,18.0,21.0,24.3733333333,75.872,17.7416666667,66.4666666667,1.0,0.15,1.59166666667,59.3333333333,0.0,0.906,720.0,10736.8046875,55.8333333333
2014.0,8.0,18.0,22.0,23.3125,73.9625,17.645,70.4166666667,1.0,0.133333333333,1.51666666667,54.1666666667,0.0,0.746875,720.0,10736.8046875,52.8541666667
2014.0,8.0,18.0,23.0,22.6316666667,72.737,17.9475,74.7666666667,1.0,0.0166666666667,0.45,58.6666666667,0.0,0.64475,720.0,10736.8046875,51.1875
2014.0,8.0,19.0,0.0,22.3516666667,72.233,18.5258333333,78.8666666667,1.0,0.0,0.333333333333,61.6666666667,0.0,0.60275,720.0,10736.8046875,50.9583333333
2014.0,8.0,19.0,1.0,21.905,71.429,18.6466666667,81.6333333333,1.0,0.0,0.175,117.916666667,0.0,0.53575,720.0,10736.8046875,50.8958333333
2014.0,8.0,19.0,2.0,21.4583333333,70.625,17.22,76.825,1.0,0.0,0.0833333333333,203.833333333,0.0,0.46875,720.0,10736.8046875,50.1875
2014.0,8.0,19.0,3.0,21.15,70.07,14.8458333333,67.2083333333,1.0,0.0333333333333,1.15,201.5,0.0,0.4225,720.0,10736.8046875,49.625
2014.0,8.0,19.0,4.0,20.4708333333,68.8475,13.4925,64.1833333333,1.0,0.05,0.9,210.166666667,0.0,0.320625,720.0,10736.8046875,54.8125
2014.0,8.0,19.0,5.0,19.7358333333,67.5245,13.5925,67.6166666667,1.25,0.183333333333,2.03333333333,203.0,0.0,0.210375,720.0,10736.8046875,53.7708333333
2014.0,8.0,19.0,6.0,19.9533333333,67.916,13.8141666667,67.725,45.8333333333,0.0833333333333,1.00833333333,215.083333333,0.0,0.243,720.0,10736.8046875,54.375
2014.0,8.0,19.0,7.0,21.8958333333,71.4125,13.75,59.8666666667,186.25,0.1,1.8,217.083333333,0.0,0.534375,720.0,10736.8046875,54.5
2014.0,8.0,19.0,8.0,23.8941666667,75.0095,14.9825,57.45,369.5,0.341666666667,2.325,226.0,0.0,0.834125,720.0,10736.8046875,56.2083333333
2014.0,8.0,19.0,9.0,26.0616666667,78.911,15.965,53.8,532.166666667,0.15,1.56666666667,226.416666667,0.0,1.15925,720.0,10736.8046875,59.5833333333
2014.0,8.0,19.0,10.0,28.03,82.454,16.9908333333,51.2166666667,671.5,0.116666666667,1.5,236.416666667,0.0,1.4545,720.0,10736.8046875,59.7708333333
2014.0,8.0,19.0,11.0,29.7008333333,85.4615,17.3,47.5,605.75,0.0166666666667,0.775,208.833333333,0.0,1.705125,720.0,10736.8046875,61.7083333333
2014.0,8.0,19.0,12.0,30.5941666667,87.0695,17.1066666667,44.7,509.833333333,0.0666666666667,1.05833333333,187.666666667,0.0,1.839125,720.0,10736.8046875,61.125
2014.0,8.0,19.0,13.0,28.805,83.849,16.8783333333,48.575,215.083333333,0.0,0.216666666667,208.666666667,0.0,1.57075,720.0,10736.8046875,60.125
2014.0,8.0,19.0,14.0,30.9675,87.7415,16.7983333333,42.7666666667,361.833333333,0.0333333333333,0.616666666667,287.833333333,0.0,1.895125,720.0,10736.8046875,61.7291666667
2014.0,8.0,19.0,15.0,30.9825,87.7685,16.7925,42.625,374.833333333,0.0,0.35,247.583333333,0.0,1.897375,720.0,10736.8046875,61.2291666667
2014.0,8.0,19.0,16.0,30.6308333333,87.1355,17.0766666667,44.5916666667,313.416666667,0.05,1.11666666667,271.25,0.0,1.844625,720.0,10736.8046875,62.0
2014.0,8.0,19.0,17.0,28.3566666667,83.042,18.095,53.7583333333,129.083333333,0.116666666667,1.46666666667,296.416666667,0.0,1.5035,720.0,10736.8046875,61.1875
2014.0,8.0,19.0,18.0,27.1633333333,80.894,18.3516666667,58.5416666667,25.25,0.258333333333,2.06666666667,315.583333333,0.0,1.3245,720.0,10736.8046875,58.0625
2014.0,8.0,19.0,19.0,26.2916666667,79.325,18.5283333333,62.325,8.75,0.4,2.50833333333,315.583333333,0.0,1.19375,720.0,10736.8046875,58.2916666667
2014.0,8.0,19.0,20.0,25.0183333333,77.033,18.2833333333,66.1583333333,1.0,0.366666666667,2.78333333333,331.666666667,0.0,1.00275,720.0,10736.8046875,58.0208333333
2014.0,8.0,19.0,21.0,24.0825,75.3485,18.1991666667,69.6083333333,1.0,0.283333333333,2.51666666667,303.25,0.0,0.862375,720.0,10736.8046875,56.625
2014.0,8.0,19.0,22.0,23.3141666667,73.9655,17.9058333333,71.55,1.0,0.0833333333333,1.5,301.75,0.0,0.747125,720.0,10736.8046875,54.3958333333
2014.0,8.0,19.0,23.0,22.9583333333,73.325,17.8491666667,72.85,1.0,0.1,1.44166666667,303.416666667,0.0,0.69375,720.0,10736.8046875,53.25
2014.0,8.0,20.0,0.0,22.7333333333,72.92,18.0358333333,74.725,1.0,0.0166666666667,0.558333333333,320.5,0.0,0.66,720.0,10736.8046875,53.2083333333
2014.0,8.0,20.0,1.0,22.5,72.5,18.4075,77.575,1.0,0.0,0.0583333333333,126.416666667,0.0,0.625,720.0,10736.8046875,53.625
2014.0,8.0,20.0,2.0,22.2825,72.1085,18.445,78.7833333333,1.0,0.0,0.0,219.666666667,0.0,0.592375,720.0,10736.8046875,52.2916666667
2014.0,8.0,20.0,3.0,22.2275,72.0095,18.8975,81.325,1.0,0.0,0.0,154.5,0.0,0.584125,720.0,10736.8046875,51.5625
2014.0,8.0,20.0,4.0,22.175,71.915,19.0391666667,82.3083333333,1.0,0.0,0.0166666666667,250.083333333,0.0,0.57625,720.0,10736.8046875,56.4791666667
2014.0,8.0,20.0,5.0,22.1341666667,71.8415,19.0683333333,82.6666666667,1.0,0.0,0.0,282.5,0.0,0.570125,720.0,10736.8046875,56.0416666667
2014.0,8.0,20.0,6.0,22.0916666667,71.765,19.1116666667,83.1,19.5833333333,0.0,0.0,282.166666667,0.0,0.56375,720.0,10736.8046875,56.2083333333
2014.0,8.0,20.0,7.0,22.7858333333,73.0145,18.9483333333,78.8916666667,90.75,0.0,0.0333333333333,284.166666667,0.0,0.667875,720.0,10736.8046875,56.5
2014.0,8.0,20.0,8.0,24.4541666667,76.0175,18.3058333333,68.6833333333,227.5,0.0,0.183333333333,290.75,0.0,0.918125,720.0,10736.8046875,63.4166666667
2014.0,8.0,20.0,9.0,25.7925,78.4265,16.6216666667,57.0583333333,319.083333333,0.0166666666667,0.466666666667,291.583333333,0.0,1.118875,720.0,10736.8046875,63.5833333333
2014.0,8.0,20.0,10.0,28.5308333333,83.3555,14.7683333333,43.1416666667,579.083333333,0.05,1.0,301.083333333,0.0,1.529625,720.0,10736.8046875,63.1041666667
2014.0,8.0,20.0,11.0,30.2325,86.4185,15.495,40.9333333333,730.083333333,0.0666666666667,1.175,194.083333333,0.0,1.784875,720.0,10736.8046875,64.3958333333
2014.0,8.0,20.0,12.0,31.7266666667,89.108,16.44,39.9166666667,822.916666667,0.0833333333333,1.28333333333,264.916666667,0.0,2.009,720.0,10736.8046875,59.7291666667
2014.0,8.0,20.0,13.0,31.1741666667,88.1135,16.8825,42.4166666667,674.083333333,0.141666666667,1.625,231.5,0.0,1.926125,720.0,10736.8046875,59.9791666667
2014.0,8.0,20.0,14.0,32.3616666667,90.251,17.4266666667,41.0166666667,747.166666667,0.233333333333,2.275,172.416666667,0.0,2.10425,720.0,10736.8046875,60.2916666667
2014.0,8.0,20.0,15.0,32.9308333333,91.2755,18.2158333333,41.8416666667,620.333333333,0.216666666667,1.74166666667,102.416666667,0.0,2.189625,720.0,10736.8046875,61.5
2014.0,8.0,20.0,16.0,29.0908333333,84.3635,18.48,52.9333333333,209.5,0.666666666667,3.28333333333,53.3333333333,0.0,1.613625,720.0,10736.8046875,59.6875
2014.0,8.0,20.0,17.0,28.7333333333,83.72,18.9333333333,55.4333333333,113.0,0.191666666667,1.65833333333,133.833333333,0.0,1.56,720.0,10736.8046875,52.9791666667
2014.0,8.0,20.0,18.0,27.0158333333,80.6285,20.5475,67.7083333333,17.5833333333,0.508333333333,3.01666666667,74.4166666667,0.0,1.302375,720.0,10736.8046875,51.6875
2014.0,8.0,20.0,19.0,25.6533333333,78.176,19.9175,70.525,5.33333333333,0.408333333333,3.28333333333,149.333333333,0.0,1.098,720.0,10736.8046875,51.2291666667
2014.0,8.0,20.0,20.0,24.4466666667,76.004,18.9575,71.425,1.0,0.308333333333,2.5,277.5,0.0,0.917,720.0,10736.8046875,50.375
2014.0,8.0,20.0,21.0,23.8691666667,74.9645,17.0083333333,65.4,1.0,0.233333333333,2.15833333333,305.5,0.0,0.830375,720.0,10736.8046875,52.5
2014.0,8.0,20.0,22.0,23.12,73.616,17.3633333333,70.0083333333,1.0,0.1,1.53333333333,312.416666667,0.0,0.718,720.0,10736.8046875,58.375
2014.0,8.0,20.0,23.0,22.675,72.815,18.1133333333,75.3583333333,1.0,0.0666666666667,1.0,302.083333333,0.0,0.65125,720.0,10736.8046875,57.1666666667
2014.0,8.0,21.0,0.0,22.4141666667,72.3455,18.5633333333,78.7416666667,1.0,0.0,0.491666666667,164.0,0.0,0.612125,720.0,10736.8046875,55.6666666667
2014.0,8.0,21.0,1.0,22.1425,71.8565,18.4458333333,79.4666666667,1.0,0.0,0.25,240.666666667,0.0,0.571375,720.0,10736.8046875,55.9791666667
2014.0,8.0,21.0,2.0,22.0216666667,71.639,18.4175,79.9166666667,1.0,0.0,0.0166666666667,309.25,0.0,0.55325,720.0,10736.8046875,55.3541666667
2014.0,8.0,21.0,3.0,21.8158333333,71.2685,18.37,80.675,1.0,0.0,0.0,292.416666667,0.0,0.522375,720.0,10736.8046875,55.2916666667
2014.0,8.0,21.0,4.0,21.2533333333,70.256,18.3933333333,83.6333333333,1.0,0.0,0.0833333333333,295.083333333,0.0,0.438,720.0,10736.8046875,55.5
2014.0,8.0,21.0,5.0,20.9108333333,69.6395,18.43,85.6083333333,1.0,0.0,0.166666666667,304.666666667,0.0,0.386625,720.0,10736.8046875,55.9583333333
2014.0,8.0,21.0,6.0,21.2216666667,70.199,18.4675,84.2416666667,27.0833333333,0.0,0.0166666666667,297.416666667,0.0,0.43325,720.0,10736.8046875,56.4583333333
2014.0,8.0,21.0,7.0,23.9275,75.0695,18.2341666667,70.575,105.916666667,0.0,0.108333333333,305.583333333,0.0,0.839125,720.0,10736.8046875,56.625
2014.0,8.0,21.0,8.0,25.3316666667,77.597,18.6416666667,66.4416666667,274.833333333,0.0,0.516666666667,176.25,0.0,1.04975,720.0,10736.8046875,57.0
2014.0,8.0,21.0,9.0,26.1516666667,79.073,19.0208333333,64.925,387.0,0.05,0.7,97.6666666667,0.0,1.17275,720.0,10736.8046875,59.2708333333
2014.0,8.0,21.0,10.0,27.4208333333,81.3575,18.835,59.5666666667,482.0,0.116666666667,1.29166666667,97.5,0.0,1.363125,720.0,10736.8046875,61.8958333333
2014.0,8.0,21.0,11.0,28.5291666667,83.3525,19.0025,56.5833333333,546.0,0.3,2.325,93.5833333333,0.0,1.529375,720.0,10736.8046875,61.2291666667
2014.0,8.0,21.0,12.0,29.4783333333,85.061,19.7558333333,56.0333333333,562.833333333,0.316666666667,1.96666666667,88.75,0.0,1.67175,720.0,10736.8046875,61.9375
2014.0,8.0,21.0,13.0,28.94,84.092,20.1258333333,58.9666666667,352.333333333,0.166666666667,2.09166666667,140.416666667,0.0,1.591,720.0,10736.8046875,62.375
2014.0,8.0,21.0,14.0,28.5358333333,83.3645,20.7916666667,62.8833333333,241.583333333,0.166666666667,1.83333333333,43.0833333333,0.0,1.530375,720.0,10736.8046875,60.6875
2014.0,8.0,21.0,15.0,28.83,83.894,20.9066666667,62.2583333333,329.416666667,0.15,2.01666666667,37.5833333333,0.0,1.5745,720.0,10736.8046875,61.6041666667
2014.0,8.0,21.0,16.0,29.0958333333,84.3725,21.1816666667,62.4416666667,289.416666667,0.158333333333,1.425,29.5,0.0,1.614375,720.0,10736.8046875,61.6458333333
2014.0,8.0,21.0,17.0,28.4716666667,83.249,20.9841666667,63.9333333333,155.333333333,0.166666666667,1.93333333333,316.333333333,0.0,1.52075,720.0,10736.8046875,60.9166666667
2014.0,8.0,21.0,18.0,27.1691666667,80.9045,21.3408333333,70.4333333333,51.8333333333,0.225,1.775,129.166666667,0.0,1.325375,720.0,10736.8046875,59.4375
2014.0,8.0,21.0,19.0,25.1366666667,77.246,20.5466666667,75.6083333333,3.41666666667,0.9,4.51666666667,338.666666667,0.0,1.0205,720.0,10736.8046875,59.875
2014.0,8.0,21.0,20.0,24.145,75.461,20.2991666667,79.0166666667,1.0,0.516666666667,3.375,338.75,0.0,0.87175,720.0,10736.8046875,59.0208333333
2014.0,8.0,21.0,21.0,23.4366666667,74.186,20.2708333333,82.3,1.0,0.133333333333,1.69166666667,329.833333333,0.0,0.7655,720.0,10736.8046875,58.7291666667
2014.0,8.0,21.0,22.0,23.225,73.805,20.3408333333,83.7166666667,1.0,0.0,0.55,316.5,0.0,0.73375,720.0,10736.8046875,57.2083333333
2014.0,8.0,21.0,23.0,23.2,73.76,20.4916666667,84.625,1.0,0.0333333333333,0.991666666667,318.5,0.0,0.73,720.0,10736.8046875,55.8125
2014.0,8.0,22.0,0.0,22.8958333333,73.2125,20.5091666667,86.2833333333,1.0,0.0,0.283333333333,310.5,0.0,0.684375,720.0,10736.8046875,54.4583333333
2014.0,8.0,22.0,1.0,22.245,72.041,19.9833333333,86.9,1.0,0.25,2.21666666667,236.833333333,0.0,0.58675,720.0,10736.8046875,57.0416666667
2014.0,8.0,22.0,2.0,20.7083333333,69.275,19.6691666667,93.6416666667,1.0,0.65,4.125,215.083333333,0.0,0.35625,720.0,10736.8046875,56.5416666667
2014.0,8.0,22.0,3.0,20.1925,68.3465,19.6241666667,96.4333333333,1.0,0.0333333333333,0.775,249.083333333,0.0,0.278875,720.0,10736.8046875,55.5
2014.0,8.0,22.0,4.0,19.6475,67.3655,17.925,89.85,1.0,0.0,0.0166666666667,276.416666667,0.0,0.197125,720.0,10736.8046875,56.2708333333
2014.0,8.0,22.0,5.0,19.4233333333,66.962,12.0866666667,62.5666666667,1.0,0.0,0.0666666666667,226.583333333,0.0,0.1635,720.0,10736.8046875,55.7916666667
2014.0,8.0,22.0,6.0,19.3125,66.7625,11.9933333333,62.625,7.58333333333,0.0333333333333,0.358333333333,244.083333333,0.0,0.146875,720.0,10736.8046875,56.4583333333
2014.0,8.0,22.0,7.0,19.855,67.739,19.1125,95.35,51.4166666667,0.0666666666667,1.26666666667,235.666666667,0.0,0.22825,720.0,10736.8046875,55.0625
2014.0,8.0,22.0,8.0,20.6866666667,69.236,19.2033333333,91.1,101.916666667,0.0333333333333,0.758333333333,211.833333333,0.0,0.353,720.0,10736.8046875,56.375
2014.0,8.0,22.0,9.0,21.9691666667,71.5445,19.3816666667,85.175,161.583333333,0.0166666666667,0.516666666667,223.416666667,0.0,0.545375,720.0,10736.8046875,57.5208333333
2014.0,8.0,22.0,10.0,23.7558333333,74.7605,19.4525,76.7833333333,256.5,0.05,0.841666666667,231.25,0.0,0.813375,720.0,10736.8046875,59.6666666667
2014.0,8.0,22.0,11.0,24.7966666667,76.634,19.55,72.675,359.583333333,0.15,1.875,247.583333333,0.0,0.9695,720.0,10736.8046875,60.7916666667
2014.0,8.0,22.0,12.0,25.4525,77.8145,19.7625,70.8083333333,301.416666667,0.333333333333,2.275,238.666666667,0.0,1.067875,720.0,10736.8046875,61.2708333333
2014.0,8.0,22.0,13.0,26.1175,79.0115,19.78,68.125,352.833333333,0.316666666667,2.51666666667,246.0,0.0,1.167625,720.0,10736.8046875,61.6458333333
2014.0,8.0,22.0,14.0,25.5791666667,78.0425,19.6016666667,69.5,300.25,0.266666666667,2.41666666667,255.583333333,0.0,1.086875,720.0,10736.8046875,59.8958333333
2014.0,8.0,22.0,15.0,24.9166666667,76.85,19.3216666667,71.0416666667,171.166666667,0.116666666667,1.725,238.25,0.0,0.9875,720.0,10736.8046875,59.0416666667
2014.0,8.0,22.0,16.0,25.1058333333,77.1905,19.0866666667,69.2,179.833333333,0.166666666667,2.125,246.916666667,0.0,1.015875,720.0,10736.8046875,61.5416666667
2014.0,8.0,22.0,17.0,24.6733333333,76.412,18.9933333333,70.6083333333,140.166666667,0.341666666667,2.50833333333,233.583333333,0.0,0.951,720.0,10736.8046875,60.7708333333
2014.0,8.0,22.0,18.0,23.6433333333,74.558,18.7858333333,74.125,33.6666666667,0.2,2.06666666667,240.083333333,0.0,0.7965,720.0,10736.8046875,58.9166666667
2014.0,8.0,22.0,19.0,22.7691666667,72.9845,18.4208333333,76.3833333333,4.16666666667,0.0666666666667,1.35833333333,263.416666667,0.0,0.665375,720.0,10736.8046875,59.9375
2014.0,8.0,22.0,20.0,22.3025,72.1445,17.955,76.3166666667,1.0,0.283333333333,2.475,261.583333333,0.0,0.595375,720.0,10736.8046875,58.5833333333
2014.0,8.0,22.0,21.0,21.5191666667,70.7345,17.6241666667,78.4166666667,1.0,0.358333333333,3.25,270.75,0.0,0.477875,720.0,10736.8046875,57.9166666667
2014.0,8.0,22.0,22.0,21.2641666667,70.2755,16.8675,75.9166666667,1.0,0.0833333333333,1.03333333333,247.0,0.0,0.439625,720.0,10736.8046875,57.0416666667
2014.0,8.0,22.0,23.0,21.0133333333,69.824,17.5875,80.6833333333,1.0,0.116666666667,1.60833333333,217.166666667,0.0,0.402,720.0,10736.8046875,56.4166666667
2014.0,8.0,23.0,0.0,20.4425,68.7965,17.7691666667,84.5333333333,1.0,0.141666666667,1.6,221.75,0.0,0.316375,0.0,10736.8046875,55.8541666667
2014.0,8.0,23.0,1.0,20.19,68.342,17.6341666667,85.125,1.0,0.0666666666667,1.125,212.25,0.0,0.2785,0.0,10736.8046875,56.0625
2014.0,8.0,23.0,2.0,20.1958333333,68.3525,17.6941666667,85.425,1.0,0.05,1.04166666667,225.833333333,0.0,0.279375,0.0,10736.8046875,4.79166666667
2014.0,8.0,23.0,3.0,20.0341666667,68.0615,17.73,86.475,1.0,0.291666666667,2.70833333333,225.083333333,0.0,0.255125,0.0,10736.8046875,0.0
2014.0,8.0,23.0,4.0,19.9458333333,67.9025,17.5258333333,85.8333333333,1.0,0.175,2.14166666667,218.083333333,0.0,0.241875,0.0,10736.8046875,0.0
2014.0,8.0,23.0,5.0,20.0583333333,68.105,17.4916666667,85.05,1.0,0.0666666666667,1.44166666667,220.583333333,0.0,0.25875,0.0,10736.8046875,0.0
2014.0,8.0,23.0,6.0,20.1966666667,68.354,17.4975,84.3666666667,14.25,0.133333333333,1.71666666667,231.083333333,0.0,0.2795,0.0,10736.8046875,0.0
2014.0,8.0,23.0,7.0,20.3133333333,68.564,17.4883333333,83.7083333333,39.5,0.308333333333,2.61666666667,222.666666667,0.0,0.297,0.0,10736.8046875,4.35416666667
2014.0,8.0,23.0,8.0,20.1216666667,68.219,17.7641666667,86.2916666667,73.6666666667,0.275,2.75,205.916666667,0.0,0.26825,0.0,10736.8046875,54.25
2014.0,8.0,23.0,9.0,19.6225,67.3205,18.07,90.675,90.9166666667,0.25,2.25,216.666666667,0.0,0.193375,0.0,10736.8046875,54.4166666667
2014.0,8.0,23.0,10.0,19.7975,67.6355,19.3791666667,97.325,207.916666667,0.0333333333333,0.633333333333,219.916666667,0.0,0.219625,0.0,10736.8046875,56.1041666667
2014.0,8.0,23.0,11.0,22.5958333333,72.6725,18.2175,76.2916666667,320.916666667,0.383333333333,2.83333333333,237.666666667,0.0,0.639375,0.0,10736.8046875,56.3541666667
2014.0,8.0,23.0,12.0,23.1008333333,73.5815,18.2975,74.3833333333,261.166666667,0.2,1.81666666667,224.916666667,0.0,0.715125,0.0,10736.8046875,56.25
2014.0,8.0,23.0,13.0,23.0541666667,73.4975,18.075,73.5666666667,235.083333333,0.608333333333,3.775,222.916666667,0.0,0.708125,0.0,10736.8046875,58.5833333333
2014.0,8.0,23.0,14.0,19.63,67.334,18.9433333333,95.85,49.8333333333,0.1,1.7,291.5,0.0,0.1945,0.0,10736.8046875,57.8958333333
2014.0,8.0,23.0,15.0,18.9483333333,66.107,18.9275,99.7,40.75,0.1,1.24166666667,304.666666667,0.0,0.09225,0.0,10736.8046875,58.0833333333
2014.0,8.0,23.0,16.0,19.045,66.281,19.0666666667,99.9583333333,50.75,0.0166666666667,0.216666666667,267.5,0.0,0.10675,0.0,10736.8046875,57.5416666667
2014.0,8.0,23.0,17.0,19.4141666667,66.9455,19.3383333333,99.3583333333,62.9166666667,0.0,0.0,210.25,0.0,0.162125,0.0,10736.8046875,57.6041666667
2014.0,8.0,23.0,18.0,20.1658333333,68.2985,17.9933333333,87.325,35.1666666667,0.0916666666667,0.65,245.833333333,0.0,0.274875,0.0,10736.8046875,56.8333333333
2014.0,8.0,23.0,19.0,19.6975,67.4555,16.3466666667,80.9166666667,3.25,0.316666666667,2.98333333333,230.833333333,0.0,0.204625,0.0,10736.8046875,56.9791666667
2014.0,8.0,23.0,20.0,19.175,66.515,16.6483333333,85.2083333333,1.0,0.0833333333333,0.95,192.0,0.0,0.12625,0.0,10736.8046875,56.6875
2014.0,8.0,23.0,21.0,18.97,66.146,17.1175,88.8916666667,1.0,0.05,0.7,190.5,0.0,0.0955,0.0,10736.8046875,55.9791666667
2014.0,8.0,23.0,22.0,18.83,65.894,17.2116666667,90.2083333333,1.0,0.05,0.741666666667,191.166666667,0.0,0.0745,0.0,10736.8046875,57.1041666667
2014.0,8.0,23.0,23.0,18.8141666667,65.8655,17.3091666667,90.8416666667,1.0,0.0,0.341666666667,168.25,0.0,0.072125,0.0,10736.8046875,56.6041666667
2014.0,8.0,24.0,0.0,18.7766666667,65.798,17.38,91.475,1.0,0.0,0.216666666667,185.0,0.0,0.0665,0.0,10736.8046875,56.375
2014.0,8.0,24.0,1.0,18.8,65.84,17.4566666667,91.7833333333,1.0,0.0,0.175,164.833333333,0.0,0.07,0.0,10736.8046875,56.0625
2014.0,8.0,24.0,2.0,18.5541666667,65.3975,17.5383333333,93.675,1.0,0.0333333333333,0.733333333333,166.5,0.0,0.033125,0.0,10736.8046875,55.2291666667
2014.0,8.0,24.0,3.0,18.4758333333,65.2565,17.335,92.9416666667,1.0,0.1,1.21666666667,159.75,0.0,0.021375,0.0,10736.8046875,55.2916666667
2014.0,8.0,24.0,4.0,18.0033333333,64.406,17.0975,94.3166666667,1.0,0.0333333333333,0.625,193.083333333,0.0495833333333,8.33333333333e-05,0.0,10736.8046875,55.7291666667
2014.0,8.0,24.0,5.0,17.7366666667,63.926,16.6316666667,93.125,1.0,0.0,0.433333333333,196.666666667,0.0895,0.0,0.0,10736.8046875,55.4583333333
2014.0,8.0,24.0,6.0,18.0516666667,64.493,16.4341666667,90.2666666667,35.75,0.0166666666667,0.883333333333,169.166666667,0.0751666666667,0.0329166666667,0.0,10736.8046875,55.625
2014.0,8.0,24.0,7.0,20.8266666667,69.488,16.4091666667,75.875,194.833333333,0.183333333333,1.48333333333,161.75,0.0,0.374,0.0,10736.8046875,54.25
2014.0,8.0,24.0,8.0,22.7775,72.9995,16.6266666667,68.2583333333,370.5,0.0666666666667,1.025,169.5,0.0,0.666625,0.0,10736.8046875,54.6458333333
2014.0,8.0,24.0,9.0,24.5425,76.1765,15.87,58.4916666667,541.166666667,0.6,3.05,200.0,0.0,0.931375,0.0,10736.8046875,55.3333333333
2014.0,8.0,24.0,10.0,24.9691666667,76.9445,15.1883333333,54.7583333333,558.25,0.491666666667,3.06666666667,215.416666667,0.0,0.995375,0.0,10736.8046875,55.4166666667
2014.0,8.0,24.0,11.0,26.7383333333,80.129,14.1833333333,46.1333333333,651.75,0.625,3.85833333333,201.083333333,0.0,1.26075,0.0,10736.8046875,55.7708333333
2014.0,8.0,24.0,12.0,28.3433333333,83.018,13.6541666667,40.5833333333,712.833333333,0.725,4.08333333333,218.333333333,0.0,1.5015,0.0,10736.8046875,56.2291666667
2014.0,8.0,24.0,13.0,27.5708333333,81.6275,13.8008333333,42.9416666667,578.5,0.458333333333,3.19166666667,208.5,0.0,1.385625,0.0,10736.8046875,55.6041666667
2014.0,8.0,24.0,14.0,28.5691666667,83.4245,13.9475,40.9333333333,520.75,0.3,2.56666666667,209.166666667,0.0,1.535375,0.0,10736.8046875,56.4375
2014.0,8.0,24.0,15.0,27.8541666667,82.1375,14.0875,42.9416666667,273.916666667,0.175,1.525,197.75,0.0,1.428125,0.0,10736.8046875,55.5416666667
2014.0,8.0,24.0,16.0,29.0508333333,84.2915,14.3375,40.7833333333,362.083333333,0.166666666667,1.66666666667,224.666666667,0.0,1.607625,0.0,10736.8046875,55.4583333333
2014.0,8.0,24.0,17.0,26.7766666667,80.198,14.6141666667,47.3,106.166666667,0.225,1.76666666667,209.666666667,0.0,1.2665,0.0,10736.8046875,56.7291666667
2014.0,8.0,24.0,18.0,25.4258333333,77.7665,15.89,55.5416666667,79.6666666667,0.458333333333,2.93333333333,262.166666667,0.0,1.063875,0.0,10736.8046875,56.7083333333
2014.0,8.0,24.0,19.0,23.435,74.183,15.7166666667,61.9,8.58333333333,0.25,2.325,275.666666667,0.0,0.76525,0.0,10736.8046875,28.1875
2014.0,8.0,24.0,20.0,22.2758333333,72.0965,15.8283333333,66.8166666667,1.0,0.116666666667,1.84166666667,276.166666667,0.0,0.591375,0.0,10736.8046875,31.9375
2014.0,8.0,24.0,21.0,21.3008333333,70.3415,16.3925,73.5083333333,1.0,0.0166666666667,0.458333333333,280.166666667,0.0,0.445125,0.0,10736.8046875,55.6041666667
2014.0,8.0,24.0,22.0,20.3316666667,68.597,16.325,77.6833333333,1.0,0.0,0.0916666666667,267.916666667,0.0,0.29975,0.0,10736.8046875,55.6666666667
2014.0,8.0,24.0,23.0,19.7833333333,67.61,16.155,79.5,1.0,0.0,0.0833333333333,288.166666667,0.0,0.2175,0.0,10736.8046875,56.2708333333
2014.0,8.0,25.0,0.0,19.3391666667,66.8105,15.8316666667,80.05,1.0,0.0,0.0,286.5,0.0,0.150875,720.0,10736.8046875,55.8333333333
2014.0,8.0,25.0,1.0,18.92,66.056,16.105,83.6333333333,1.0,0.0,0.0,169.833333333,0.0,0.088,720.0,10736.8046875,55.8125
2014.0,8.0,25.0,2.0,18.3741666667,65.0735,16.2708333333,87.425,1.0,0.0,0.0333333333333,99.8333333333,0.006,0.012125,720.0,10736.8046875,55.6041666667
2014.0,8.0,25.0,3.0,17.9483333333,64.307,16.1416666667,89.075,1.0,0.0,0.0,111.0,0.05775,0.0,720.0,10736.8046875,55.875
2014.0,8.0,25.0,4.0,17.6316666667,63.737,16.205,91.2333333333,1.0,0.0,0.05,165.75,0.10525,0.0,720.0,10736.8046875,56.2291666667
2014.0,8.0,25.0,5.0,17.1175,62.8115,16.0633333333,93.3916666667,1.0,0.0,0.0,179.833333333,0.182375,0.0,720.0,10736.8046875,55.75
2014.0,8.0,25.0,6.0,17.8583333333,64.145,15.96,88.75,33.5833333333,0.0,0.0833333333333,170.916666667,0.112,0.04075,720.0,10736.8046875,55.9166666667
2014.0,8.0,25.0,7.0,21.2158333333,70.1885,15.7191666667,70.8333333333,196.416666667,0.0166666666667,0.5,162.5,0.0,0.432375,720.0,10736.8046875,55.4791666667
2014.0,8.0,25.0,8.0,23.2333333333,73.82,15.8133333333,63.125,369.666666667,0.133333333333,1.475,160.75,0.0,0.735,720.0,10736.8046875,56.7083333333
2014.0,8.0,25.0,9.0,25.68,78.224,15.5533333333,53.6916666667,468.416666667,0.266666666667,2.14166666667,161.333333333,0.0,1.102,720.0,10736.8046875,59.8958333333
2014.0,8.0,25.0,10.0,28.1758333333,82.7165,15.0633333333,45.0,614.916666667,0.208333333333,1.61666666667,219.333333333,0.0,1.476375,720.0,10736.8046875,59.0208333333
2014.0,8.0,25.0,11.0,29.4383333333,84.989,14.4266666667,40.0583333333,782.75,0.275,2.39166666667,251.916666667,0.0,1.66575,720.0,10736.8046875,59.9791666667
2014.0,8.0,25.0,12.0,30.02,86.036,14.6766666667,39.2916666667,840.583333333,0.35,2.36666666667,256.083333333,0.0,1.753,720.0,10736.8046875,59.1458333333
2014.0,8.0,25.0,13.0,30.6733333333,87.212,14.8741666667,38.375,792.916666667,0.133333333333,1.44166666667,246.333333333,0.0,1.851,720.0,10736.8046875,59.4166666667
2014.0,8.0,25.0,14.0,31.1291666667,88.0325,15.6166666667,39.2333333333,533.666666667,0.166666666667,1.73333333333,235.166666667,0.0,1.919375,720.0,10736.8046875,61.6041666667
2014.0,8.0,25.0,15.0,31.3175,88.3715,15.7875,39.3916666667,540.5,0.233333333333,1.475,248.0,0.0,1.947625,720.0,10736.8046875,59.6458333333
2014.0,8.0,25.0,16.0,31.0808333333,87.9455,15.7341666667,39.7833333333,366.5,0.0333333333333,0.775,183.166666667,0.0,1.912125,720.0,10736.8046875,59.7083333333
2014.0,8.0,25.0,17.0,30.5791666667,87.0425,15.8075,41.1,216.75,0.0333333333333,0.358333333333,281.916666667,0.0,1.836875,720.0,10736.8046875,60.8958333333
2014.0,8.0,25.0,18.0,29.1483333333,84.467,15.825,44.6083333333,112.333333333,0.0,0.216666666667,253.166666667,0.0,1.62225,720.0,10736.8046875,59.75
2014.0,8.0,25.0,19.0,26.6608333333,79.9895,16.2975,52.9583333333,3.33333333333,0.0,0.0333333333333,276.75,0.0,1.249125,720.0,10736.8046875,59.2083333333
2014.0,8.0,25.0,20.0,25.9608333333,78.7295,16.3866666667,55.5083333333,1.0,0.0,0.0,271.083333333,0.0,1.144125,720.0,10736.8046875,57.5416666667
2014.0,8.0,25.0,21.0,25.2875,77.5175,16.9975,60.0583333333,1.0,0.0,0.0,56.25,0.0,1.043125,720.0,10736.8046875,56.25
2014.0,8.0,25.0,22.0,24.435,75.983,17.295,64.3833333333,1.0,0.0,0.0,51.4166666667,0.0,0.91525,720.0,10736.8046875,56.6875
2014.0,8.0,25.0,23.0,23.8866666667,74.996,17.1958333333,66.125,1.0,0.0,0.0333333333333,92.4166666667,0.0,0.833,720.0,10736.8046875,54.875
2014.0,8.0,26.0,0.0,22.735,72.923,17.345,71.5583333333,1.0,0.0,0.1,99.25,0.0,0.66025,720.0,10736.8046875,54.7916666667
2014.0,8.0,26.0,1.0,22.1058333333,71.7905,17.35,74.3666666667,1.0,0.0166666666667,0.291666666667,119.583333333,0.0,0.565875,720.0,10736.8046875,54.6666666667
2014.0,8.0,26.0,2.0,21.2683333333,70.283,17.37,78.3666666667,1.0,0.0166666666667,0.283333333333,141.833333333,0.0,0.44025,720.0,10736.8046875,54.4375
2014.0,8.0,26.0,3.0,20.745,69.341,17.1941666667,80.0166666667,1.0,0.0,0.0333333333333,154.833333333,0.0,0.36175,720.0,10736.8046875,54.2291666667
2014.0,8.0,26.0,4.0,20.5316666667,68.957,17.2575,81.4083333333,1.0,0.0,0.225,182.583333333,0.0,0.32975,720.0,10736.8046875,54.8958333333
2014.0,8.0,26.0,5.0,19.9075,67.8335,17.2391666667,84.5083333333,1.0,0.0,0.0166666666667,178.75,0.0,0.236125,720.0,10736.8046875,54.5625
2014.0,8.0,26.0,6.0,20.23,68.414,17.1083333333,82.2333333333,27.0833333333,0.0,0.0833333333333,150.333333333,0.0,0.2845,720.0,10736.8046875,56.125
2014.0,8.0,26.0,7.0,23.2483333333,73.847,16.9408333333,67.6583333333,179.083333333,0.0,0.283333333333,185.5,0.0,0.73725,720.0,10736.8046875,54.3958333333
2014.0,8.0,26.0,8.0,25.47,77.846,16.8683333333,58.9833333333,354.083333333,0.0,0.433333333333,172.083333333,0.0,1.0705,720.0,10736.8046875,55.4583333333
2014.0,8.0,26.0,9.0,28.1391666667,82.6505,17.04,50.9916666667,524.666666667,0.0166666666667,0.633333333333,147.166666667,0.0,1.470875,720.0,10736.8046875,57.2083333333
2014.0,8.0,26.0,10.0,30.1808333333,86.3255,17.0391666667,45.4166666667,579.833333333,0.2,1.875,190.166666667,0.0,1.777125,720.0,10736.8046875,59.6666666667
2014.0,8.0,26.0,11.0,32.1008333333,89.7815,16.5841666667,39.4666666667,776.916666667,0.341666666667,2.23333333333,206.333333333,0.0,2.065125,720.0,10736.8046875,59.4583333333
2014.0,8.0,26.0,12.0,32.8258333333,91.0865,16.4558333333,37.775,834.583333333,0.375,2.35833333333,213.083333333,0.0,2.173875,720.0,10736.8046875,60.0
2014.0,8.0,26.0,13.0,33.1616666667,91.691,16.02,35.8833333333,810.416666667,0.333333333333,2.30833333333,242.916666667,0.0,2.22425,720.0,10736.8046875,59.9583333333
2014.0,8.0,26.0,14.0,32.2908333333,90.1235,16.06,37.8916666667,431.75,0.208333333333,1.40833333333,244.416666667,0.0,2.093625,720.0,10736.8046875,61.125
2014.0,8.0,26.0,15.0,32.93,91.274,16.2083333333,36.825,492.333333333,0.1,1.28333333333,263.083333333,0.0,2.1895,720.0,10736.8046875,59.1041666667
2014.0,8.0,26.0,16.0,32.2516666667,90.053,16.4708333333,38.85,236.083333333,0.0166666666667,0.6,235.666666667,0.0,2.08775,720.0,10736.8046875,58.8333333333
2014.0,8.0,26.0,17.0,29.9683333333,85.943,17.7058333333,47.9166666667,102.166666667,0.3,1.99166666667,287.583333333,0.0,1.74525,720.0,10736.8046875,58.5208333333
2014.0,8.0,26.0,18.0,28.4358333333,83.1845,18.6916666667,55.55,62.25,0.608333333333,3.35833333333,310.25,0.0,1.515375,720.0,10736.8046875,57.8333333333
2014.0,8.0,26.0,19.0,26.8925,80.4065,18.6558333333,60.6166666667,6.33333333333,0.275,2.79166666667,329.416666667,0.0,1.283875,720.0,10736.8046875,58.1666666667
2014.0,8.0,26.0,20.0,25.7175,78.2915,18.5525,64.65,1.0,0.566666666667,3.13333333333,332.0,0.0,1.107625,720.0,10736.8046875,57.5625
2014.0,8.0,26.0,21.0,24.0116666667,75.221,19.9625,78.0166666667,1.0,0.05,1.30833333333,53.1666666667,0.0,0.85175,720.0,10736.8046875,57.0833333333
2014.0,8.0,26.0,22.0,22.9525,73.3145,18.9825,78.2416666667,1.0,0.116666666667,1.98333333333,154.5,0.0,0.692875,720.0,10736.8046875,55.8541666667
2014.0,8.0,26.0,23.0,21.75,71.15,18.2666666667,80.4833333333,1.0,0.0666666666667,1.275,38.3333333333,0.0,0.5125,720.0,10736.8046875,55.6041666667
2014.0,8.0,27.0,0.0,21.2766666667,70.298,18.27,82.8666666667,1.0,0.191666666667,1.89166666667,49.1666666667,0.0,0.4415,720.0,10736.8046875,55.3125
2014.0,8.0,27.0,1.0,20.8225,69.4805,18.3425,85.6,1.0,0.0,0.0583333333333,53.25,0.0,0.373375,720.0,10736.8046875,55.1875
2014.0,8.0,27.0,2.0,20.7733333333,69.392,18.2341666667,85.2916666667,1.0,0.0,0.0166666666667,56.5833333333,0.0,0.366,720.0,10736.8046875,54.6041666667
2014.0,8.0,27.0,3.0,20.4858333333,68.8745,17.1983333333,81.3333333333,1.0,0.0,0.0,55.1666666667,0.0,0.322875,720.0,10736.8046875,54.8125
2014.0,8.0,27.0,4.0,20.3891666667,68.7005,16.6416666667,78.975,1.0,0.0,0.0,58.0,0.0,0.308375,720.0,10736.8046875,55.1666666667
2014.0,8.0,27.0,5.0,20.1816666667,68.327,16.6333333333,79.9583333333,1.0,0.0,0.0,60.0,0.0,0.27725,720.0,10736.8046875,54.875
2014.0,8.0,27.0,6.0,20.1091666667,68.1965,16.9041666667,81.725,22.4166666667,0.0,0.0,54.0,0.0,0.266375,720.0,10736.8046875,54.8541666667
2014.0,8.0,27.0,7.0,22.6,72.68,16.875,70.05,163.416666667,0.0,0.0,54.5833333333,0.0,0.64,720.0,10736.8046875,54.125
2014.0,8.0,27.0,8.0,25.47,77.846,17.2466666667,60.375,346.75,0.0,0.0,54.3333333333,0.0,1.0705,720.0,10736.8046875,54.6458333333
2014.0,8.0,27.0,9.0,27.405,81.329,17.5475,54.9666666667,514.166666667,0.0166666666667,0.491666666667,74.25,0.0,1.36075,720.0,10736.8046875,56.6666666667
2014.0,8.0,27.0,10.0,28.5766666667,83.438,19.1025,56.65,600.75,0.133333333333,1.68333333333,91.4166666667,0.0,1.5365,720.0,10736.8046875,59.2083333333
2014.0,8.0,27.0,11.0,30.8616666667,87.551,18.8741666667,48.925,749.833333333,0.266666666667,2.3,35.75,0.0,1.87925,720.0,10736.8046875,59.6041666667
2014.0,8.0,27.0,12.0,32.29,90.122,18.29,43.4833333333,776.583333333,0.283333333333,2.36666666667,55.3333333333,0.0,2.0935,720.0,10736.8046875,58.1041666667
2014.0,8.0,27.0,13.0,32.4608333333,90.4295,18.0233333333,42.3916666667,780.25,0.325,2.8,59.25,0.0,2.119125,720.0,10736.8046875,56.9583333333
2014.0,8.0,27.0,14.0,33.0158333333,91.4285,18.3966666667,42.025,714.833333333,0.616666666667,3.3,36.8333333333,0.0,2.202375,720.0,10736.8046875,57.7291666667
2014.0,8.0,27.0,15.0,33.6525,92.5745,18.9183333333,41.8916666667,596.666666667,0.583333333333,3.79166666667,55.1666666667,0.0,2.297875,720.0,10736.8046875,56.6875
2014.0,8.0,27.0,16.0,33.09,91.562,19.3016666667,44.3083333333,454.416666667,0.525,3.56666666667,40.25,0.0,2.2135,720.0,10736.8046875,58.0416666667
2014.0,8.0,27.0,17.0,32.9133333333,91.244,19.5225,45.3083333333,286.5,0.35,2.56666666667,45.8333333333,0.0,2.187,720.0,10736.8046875,57.3333333333
2014.0,8.0,27.0,18.0,31.0925,87.9665,20.0158333333,51.825,115.166666667,0.133333333333,1.76666666667,36.0,0.0,1.913875,720.0,10736.8046875,52.8958333333
2014.0,8.0,27.0,19.0,28.2408333333,82.8335,20.3641666667,62.3166666667,5.83333333333,0.283333333333,2.34166666667,49.0833333333,0.0,1.486125,720.0,10736.8046875,58.6875
2014.0,8.0,27.0,20.0,27.2783333333,81.101,20.775,67.5833333333,1.0,0.183333333333,2.13333333333,48.75,0.0,1.34175,720.0,10736.8046875,59.25
2014.0,8.0,27.0,21.0,26.5691666667,79.8245,20.8016666667,70.5583333333,1.0,0.0166666666667,0.45,57.75,0.0,1.235375,720.0,10736.8046875,57.3333333333
2014.0,8.0,27.0,22.0,26.0916666667,78.965,20.5416666667,71.4166666667,1.0,0.0,0.191666666667,57.8333333333,0.0,1.16375,720.0,10736.8046875,57.3958333333
2014.0,8.0,27.0,23.0,25.515,77.927,20.365,73.1,1.0,0.0166666666667,0.358333333333,61.5,0.0,1.07725,720.0,10736.8046875,55.6041666667
2014.0,8.0,28.0,0.0,25.3708333333,77.6675,20.4775,74.2333333333,1.0,0.0,0.6,75.0,0.0,1.055625,720.0,10736.8046875,54.5416666667
2014.0,8.0,28.0,1.0,25.2808333333,77.5055,20.89,76.5666666667,1.0,0.116666666667,1.825,140.25,0.0,1.042125,720.0,10736.8046875,55.0208333333
2014.0,8.0,28.0,2.0,24.7266666667,76.508,20.815,78.7666666667,1.0,0.275,3.0,156.416666667,0.0,0.959,720.0,10736.8046875,54.0208333333
2014.0,8.0,28.0,3.0,24.3916666667,75.905,19.4483333333,73.8666666667,1.0,0.95,5.5,157.416666667,0.0,0.90875,720.0,10736.8046875,54.1458333333
2014.0,8.0,28.0,4.0,23.9433333333,75.098,18.3175,70.725,1.0,0.925,4.98333333333,159.416666667,0.0,0.8415,720.0,10736.8046875,54.4375
2014.0,8.0,28.0,5.0,23.095,73.571,15.6833333333,63.0,1.0,1.325,5.65833333333,152.25,0.0,0.71425,720.0,10736.8046875,54.0208333333
2014.0,8.0,28.0,6.0,21.9025,71.4245,14.3291666667,62.0916666667,23.5833333333,0.283333333333,2.38333333333,148.166666667,0.0,0.535375,720.0,10736.8046875,54.0833333333
2014.0,8.0,28.0,7.0,22.94,73.292,14.1308333333,57.5583333333,191.416666667,0.566666666667,4.06666666667,134.333333333,0.0,0.691,720.0,10736.8046875,53.5
2014.0,8.0,28.0,8.0,22.6158333333,72.7085,13.71,57.15,368.833333333,1.59166666667,6.29166666667,122.75,0.0,0.642375,720.0,10736.8046875,53.8541666667
2014.0,8.0,28.0,9.0,23.6233333333,74.522,13.0383333333,51.5,536.416666667,1.29166666667,5.60833333333,130.75,0.0,0.7935,720.0,10736.8046875,37.375
2014.0,8.0,28.0,10.0,24.8441666667,76.7195,13.5025,49.4833333333,676.75,0.583333333333,4.175,126.166666667,0.0,0.976625,720.0,10736.8046875,28.5384615385
2014.0,8.0,28.0,11.0,25.8791666667,78.5825,12.8233333333,44.3583333333,782.5,0.983333333333,5.39166666667,116.75,0.0,1.131875,720.0,10736.8046875,60.0833333333
2014.0,8.0,28.0,12.0,26.3766666667,79.478,12.2725,41.5333333333,841.416666667,1.24166666667,5.55,109.916666667,0.0,1.2065,720.0,10736.8046875,61.5208333333
2014.0,8.0,28.0,13.0,27.0875,80.7575,12.4666666667,40.35,768.5,1.08333333333,5.26666666667,119.25,0.0,1.313125,720.0,10736.8046875,60.0625
2014.0,8.0,28.0,14.0,27.365,81.257,13.5625,42.6583333333,671.5,1.0,5.75,95.6666666667,0.0,1.35475,720.0,10736.8046875,60.375
2014.0,8.0,28.0,15.0,28.1691666667,82.7045,12.5741666667,38.1666666667,661.0,1.31666666667,6.4,109.916666667,0.0,1.475375,720.0,10736.8046875,60.4166666667
2014.0,8.0,28.0,16.0,27.5475,81.5855,11.7366666667,37.4666666667,496.416666667,1.075,5.43333333333,101.833333333,0.0,1.382125,720.0,10736.8046875,61.1458333333
2014.0,8.0,28.0,17.0,27.5741666667,81.6335,11.4575,36.7416666667,292.25,0.866666666667,4.75,113.5,0.0,1.386125,720.0,10736.8046875,60.5
2014.0,8.0,28.0,18.0,26.3083333333,79.355,11.3708333333,39.2916666667,140.166666667,0.641666666667,3.93333333333,110.416666667,0.0,1.19625,720.0,10736.8046875,59.0416666667
2014.0,8.0,28.0,19.0,23.725,74.705,11.515,46.275,7.25,0.241666666667,2.34166666667,109.333333333,0.0,0.80875,720.0,10736.8046875,58.25
2014.0,8.0,28.0,20.0,22.7183333333,72.893,11.9666666667,50.6416666667,1.0,0.0,0.1,103.666666667,0.0,0.65775,720.0,10736.8046875,58.0625
2014.0,8.0,28.0,21.0,21.74,71.132,12.1616666667,54.425,1.0,0.0833333333333,1.3,132.75,0.0,0.511,720.0,10736.8046875,56.625
2014.0,8.0,28.0,22.0,20.7491666667,69.3485,11.3241666667,54.7333333333,1.0,0.716666666667,4.24166666667,147.75,0.0,0.362375,720.0,10736.8046875,56.8958333333
2014.0,8.0,28.0,23.0,19.6183333333,67.313,10.795,56.6666666667,1.0,0.45,3.5,148.333333333,0.0,0.19275,720.0,10736.8046875,55.0416666667
2014.0,8.0,29.0,0.0,18.7191666667,65.6945,10.3083333333,58.0166666667,1.0,0.316666666667,3.03333333333,153.083333333,0.0,0.057875,720.0,10736.8046875,54.2083333333
2014.0,8.0,29.0,1.0,17.7966666667,64.034,10.1225,60.7166666667,1.0,0.0833333333333,1.41666666667,126.666666667,0.0805,0.0,720.0,10736.8046875,54.375
2014.0,8.0,29.0,2.0,17.1225,62.8205,10.2233333333,63.7916666667,1.0,0.0833333333333,1.35833333333,112.083333333,0.181625,0.0,720.0,10736.8046875,53.75
2014.0,8.0,29.0,3.0,16.2783333333,61.301,10.4158333333,68.175,1.0,0.0,0.383333333333,126.166666667,0.30825,0.0,720.0,10736.8046875,53.7708333333
2014.0,8.0,29.0,4.0,16.0491666667,60.8885,10.72,70.5916666667,1.0,0.0833333333333,1.11666666667,128.0,0.342625,0.0,720.0,10736.8046875,54.375
2014.0,8.0,29.0,5.0,15.8541666667,60.5375,10.9066666667,72.3666666667,1.0,0.375,2.6,142.833333333,0.371875,0.0,720.0,10736.8046875,53.7708333333
2014.0,8.0,29.0,6.0,15.9325,60.6785,11.04,72.6666666667,30.25,0.116666666667,1.51666666667,148.916666667,0.360125,0.0,720.0,10736.8046875,54.1458333333
2014.0,8.0,29.0,7.0,17.8016666667,64.043,11.135,64.95,148.333333333,0.0666666666667,1.36666666667,157.833333333,0.0820416666667,0.00229166666667,720.0,10736.8046875,53.4791666667
2014.0,8.0,29.0,8.0,19.5075,67.1135,11.3283333333,59.2833333333,335.333333333,0.241666666667,2.3,147.166666667,0.017125,0.19325,720.0,10736.8046875,54.875
2014.0,8.0,29.0,9.0,22.245,72.041,10.8991666667,48.7,558.0,0.166666666667,2.29166666667,157.916666667,0.0,0.58675,720.0,10736.8046875,56.4166666667
2014.0,8.0,29.0,10.0,25.335,77.603,10.0833333333,38.575,706.083333333,0.183333333333,1.79166666667,200.083333333,0.0,1.05025,720.0,10736.8046875,59.3958333333
2014.0,8.0,29.0,11.0,26.7491666667,80.1485,9.7075,34.35,700.416666667,0.0,0.283333333333,256.916666667,0.0,1.262375,720.0,10736.8046875,59.7916666667
2014.0,8.0,29.0,12.0,27.5675,81.6215,9.5925,32.4666666667,820.916666667,0.0833333333333,0.8,154.333333333,0.0,1.385125,720.0,10736.8046875,59.0208333333
2014.0,8.0,29.0,13.0,28.3883333333,83.099,9.5375,30.8,794.833333333,0.0666666666667,0.883333333333,256.416666667,0.0,1.50825,720.0,10736.8046875,59.3541666667
2014.0,8.0,29.0,14.0,29.185,84.533,10.1825,30.7083333333,745.083333333,0.116666666667,1.525,176.333333333,0.0,1.62775,720.0,10736.8046875,59.125
2014.0,8.0,29.0,15.0,26.8216666667,80.279,10.6191666667,36.3,305.583333333,0.108333333333,1.01666666667,189.583333333,0.0,1.27325,720.0,10736.8046875,58.7083333333
2014.0,8.0,29.0,16.0,28.8016666667,83.843,10.6525,32.4416666667,476.083333333,0.0,0.641666666667,225.583333333,0.0,1.57025,720.0,10736.8046875,60.125
2014.0,8.0,29.0,17.0,28.4433333333,83.198,11.0375,33.9583333333,358.166666667,0.266666666667,2.05833333333,270.5,0.0,1.5165,720.0,10736.8046875,59.1875
2014.0,8.0,29.0,18.0,25.9708333333,78.7475,10.9883333333,39.0833333333,115.75,0.133333333333,1.7,264.416666667,0.0,1.145625,720.0,10736.8046875,58.2708333333
2014.0,8.0,29.0,19.0,22.9583333333,73.325,14.7416666667,60.4333333333,7.33333333333,0.8,4.075,283.333333333,0.0,0.69375,720.0,10736.8046875,57.2708333333
2014.0,8.0,29.0,20.0,21.0158333333,69.8285,15.7125,71.625,1.0,1.20833333333,4.725,293.083333333,0.0,0.402375,720.0,10736.8046875,55.3333333333
2014.0,8.0,29.0,21.0,20.4841666667,68.8715,15.2825,71.9916666667,1.0,0.216666666667,2.43333333333,289.583333333,0.0,0.322625,720.0,10736.8046875,55.0625
2014.0,8.0,29.0,22.0,20.39,68.702,15.01,71.1583333333,1.0,0.116666666667,1.43333333333,292.25,0.0,0.3085,720.0,10736.8046875,55.0833333333
2014.0,8.0,29.0,23.0,19.9608333333,67.9295,15.2641666667,74.275,1.0,0.0,0.566666666667,311.25,0.0,0.244125,720.0,10736.8046875,54.0625
2014.0,8.0,30.0,0.0,19.435,66.983,15.3516666667,77.1666666667,1.0,0.0,0.125,306.583333333,0.0,0.16525,0.0,10736.8046875,53.8125
2014.0,8.0,30.0,1.0,18.9658333333,66.1385,15.33,79.35,1.0,0.0,0.0,278.916666667,0.0,0.094875,0.0,10736.8046875,53.3541666667
2014.0,8.0,30.0,2.0,18.435,65.183,15.3508333333,82.1416666667,1.0,0.0,0.0,276.083333333,0.00795833333333,0.0232083333333,0.0,10736.8046875,54.1458333333
2014.0,8.0,30.0,3.0,18.0141666667,64.4255,15.2425,83.75,1.0,0.0,0.0,258.25,0.047875,0.0,0.0,10736.8046875,53.1041666667
2014.0,8.0,30.0,4.0,17.7833333333,64.01,15.3641666667,85.6583333333,1.0,0.0,0.0,234.833333333,0.0825,0.0,0.0,10736.8046875,53.5416666667
2014.0,8.0,30.0,5.0,17.5016666667,63.503,15.6258333333,88.6333333333,1.0,0.0,0.0,196.5,0.12475,0.0,0.0,10736.8046875,53.6666666667
2014.0,8.0,30.0,6.0,17.6916666667,63.845,15.4208333333,86.525,15.9166666667,0.0,0.0,189.916666667,0.108583333333,0.0123333333333,0.0,10736.8046875,53.3125
2014.0,8.0,30.0,7.0,20.8033333333,69.446,15.1766666667,70.2166666667,137.083333333,0.0,0.0,249.5,0.0,0.3705,0.0,10736.8046875,52.1666666667
2014.0,8.0,30.0,8.0,23.4633333333,74.234,15.0316666667,59.3333333333,362.166666667,0.0,0.0333333333333,279.5,0.0,0.7695,0.0,10736.8046875,52.0416666667
2014.0,8.0,30.0,9.0,24.3066666667,75.752,16.1916666667,60.5666666667,391.333333333,0.225,1.93333333333,290.25,0.0,0.896,0.0,10736.8046875,53.0
2014.0,8.0,30.0,10.0,25.1491666667,77.2685,17.14,61.1666666667,414.833333333,0.258333333333,2.49166666667,304.833333333,0.0,1.022375,0.0,10736.8046875,54.4791666667
2014.0,8.0,30.0,11.0,25.3241666667,77.5835,17.2433333333,60.8666666667,269.333333333,0.1,1.3,316.166666667,0.0,1.048625,0.0,10736.8046875,53.9166666667
2014.0,8.0,30.0,12.0,26.0808333333,78.9455,17.3925,58.7583333333,353.666666667,0.208333333333,2.53333333333,327.0,0.0,1.162125,0.0,10736.8046875,55.2916666667
2014.0,8.0,30.0,13.0,26.4066666667,79.532,16.6383333333,54.9916666667,318.166666667,0.225,2.40833333333,309.166666667,0.0,1.211,0.0,10736.8046875,54.7291666667
2014.0,8.0,30.0,14.0,26.2283333333,79.211,17.19,57.5333333333,277.916666667,0.325,2.89166666667,316.583333333,0.0,1.18425,0.0,10736.8046875,55.1041666667
2014.0,8.0,30.0,15.0,26.6575,79.9835,16.5858333333,53.9583333333,275.5,0.3,2.21666666667,316.583333333,0.0,1.248625,0.0,10736.8046875,54.6666666667
2014.0,8.0,30.0,16.0,26.5533333333,79.796,17.3716666667,57.0666666667,215.333333333,0.308333333333,2.49166666667,322.583333333,0.0,1.233,0.0,10736.8046875,55.6458333333
2014.0,8.0,30.0,17.0,26.8866666667,80.396,17.4508333333,56.3416666667,216.083333333,0.3,2.70833333333,321.916666667,0.0,1.283,0.0,10736.8046875,50.625
2014.0,8.0,30.0,18.0,25.085,77.153,17.0983333333,61.1583333333,33.25,0.275,2.25,322.583333333,0.0,1.01275,0.0,10736.8046875,54.5625
2014.0,8.0,30.0,19.0,24.4658333333,76.0385,17.6016666667,65.525,1.16666666667,0.0833333333333,1.41666666667,305.666666667,0.0,0.919875,0.0,10736.8046875,55.2708333333
2014.0,8.0,30.0,20.0,23.9441666667,75.0995,17.8683333333,68.7333333333,1.0,0.183333333333,2.24166666667,305.25,0.0,0.841625,0.0,10736.8046875,54.6041666667
2014.0,8.0,30.0,21.0,23.5516666667,74.393,17.1941666667,67.4416666667,1.0,0.1,1.80833333333,315.5,0.0,0.78275,0.0,10736.8046875,54.2291666667
2014.0,8.0,30.0,22.0,23.2325,73.8185,17.5225,70.2166666667,1.0,0.208333333333,2.05,314.666666667,0.0,0.734875,0.0,10736.8046875,54.4791666667
2014.0,8.0,30.0,23.0,22.6658333333,72.7985,18.3275,76.425,1.0,0.2,2.30833333333,319.916666667,0.0,0.649875,0.0,10736.8046875,53.5625
2014.0,8.0,31.0,0.0,22.6416666667,72.755,19.0258333333,79.925,1.0,0.15,2.34166666667,319.083333333,0.0,0.64625,0.0,10736.8046875,53.7083333333
2014.0,8.0,31.0,1.0,22.7358333333,72.9245,19.4425,81.5833333333,1.0,0.0333333333333,0.9,318.083333333,0.0,0.660375,0.0,10736.8046875,53.625
2014.0,8.0,31.0,2.0,22.5825,72.6485,19.795,84.15,1.0,0.0333333333333,0.641666666667,316.666666667,0.0,0.637375,0.0,10736.8046875,53.0208333333
2014.0,8.0,31.0,3.0,22.35,72.23,19.9708333333,86.2833333333,1.0,0.0,0.391666666667,301.166666667,0.0,0.6025,0.0,10736.8046875,52.9375
2014.0,8.0,31.0,4.0,22.4966666667,72.494,20.2883333333,87.2,1.0,0.0,0.0666666666667,300.5,0.0,0.6245,0.0,10736.8046875,53.4583333333
2014.0,8.0,31.0,5.0,22.6116666667,72.701,20.6425,88.5083333333,1.0,0.0,0.175,302.083333333,0.0,0.64175,0.0,10736.8046875,53.0416666667
2014.0,8.0,31.0,6.0,23.0791666667,73.5425,21.4475,90.3916666667,4.58333333333,0.0,0.108333333333,246.583333333,0.0,0.711875,0.0,10736.8046875,53.3541666667
2014.0,8.0,31.0,7.0,23.7141666667,74.6855,22.1116666667,90.5916666667,49.9166666667,0.0,0.208333333333,156.916666667,0.0,0.807125,0.0,10736.8046875,52.1041666667
2014.0,8.0,31.0,8.0,24.5008333333,76.1015,22.5541666667,88.775,90.1666666667,0.0,0.725,17.5833333333,0.0,0.925125,0.0,10736.8046875,52.1041666667
2014.0,8.0,31.0,9.0,26.5266666667,79.748,22.9425,80.7166666667,296.083333333,0.0583333333333,1.46666666667,48.1666666667,0.0,1.229,0.0,10736.8046875,52.1875
2014.0,8.0,31.0,10.0,29.5716666667,85.229,23.1883333333,68.6333333333,442.5,0.283333333333,2.05833333333,49.6666666667,0.0,1.68575,0.0,10736.8046875,53.6666666667
2014.0,8.0,31.0,11.0,30.7983333333,87.437,23.285,64.3916666667,526.5,1.14166666667,5.175,33.8333333333,0.0,1.86975,0.0,10736.8046875,54.6666666667
2014.0,8.0,31.0,12.0,32.6316666667,90.737,23.0008333333,57.0833333333,636.916666667,1.06666666667,4.8,79.0,0.0,2.14475,0.0,10736.8046875,55.3958333333
2014.0,8.0,31.0,13.0,32.6883333333,90.839,22.4425,54.925,591.75,0.925,5.55,56.25,0.0,2.15325,0.0,10736.8046875,55.2916666667
2014.0,8.0,31.0,14.0,33.89,93.002,22.0708333333,50.2916666667,625.916666667,1.16666666667,5.53333333333,61.75,0.0,2.3335,0.0,10736.8046875,54.8541666667
2014.0,8.0,31.0,15.0,31.0258333333,87.8465,21.9541666667,58.5,76.8333333333,1.575,5.91666666667,44.9166666667,0.0,1.903875,0.0,10736.8046875,55.2916666667
2014.0,8.0,31.0,16.0,31.285,88.313,24.0091666667,66.025,348.75,0.516666666667,2.20833333333,65.0,0.0,1.94275,0.0,10736.8046875,55.2708333333
2014.0,8.0,31.0,17.0,29.9916666667,85.985,22.6808333333,64.8833333333,51.1666666667,0.375,2.59166666667,56.75,0.0,1.74875,0.0,10736.8046875,55.375
2014.0,8.0,31.0,18.0,23.6758333333,74.6165,18.8458333333,76.0333333333,12.0833333333,1.15833333333,4.50833333333,136.916666667,0.0,0.801375,0.0,10736.8046875,55.0625
2014.0,8.0,31.0,19.0,22.385,72.293,-11.5908333333,18.9666666667,5.58333333333,0.266666666667,1.325,191.166666667,0.0,0.60775,0.0,10736.8046875,55.5
2014.0,8.0,31.0,20.0,22.9341666667,73.2815,-36.0116666667,1.0,1.0,0.0916666666667,0.475,293.666666667,0.0,0.690125,0.0,10736.8046875,55.3333333333
2014.0,8.0,31.0,21.0,23.1525,73.6745,-35.8816666667,1.0,1.0,0.0,0.266666666667,338.833333333,0.0,0.722875,0.0,10736.8046875,53.4583333333
2014.0,8.0,31.0,22.0,23.5466666667,74.384,13.0683333333,79.6583333333,1.0,0.116666666667,1.89166666667,159.0,0.0,0.782,0.0,10736.8046875,53.7291666667
2014.0,8.0,31.0,23.0,23.2733333333,73.892,22.6725,96.2583333333,1.0,0.0833333333333,1.05833333333,69.4166666667,0.0,0.741,0.0,10736.8046875,53.3125
2014.0,9.0,1.0,0.0,22.8183333333,73.073,22.6625,98.8916666667,1.0,0.116666666667,0.958333333333,70.6666666667,0.0,0.67275,720.0,10736.8046875,53.3541666667
2014.0,9.0,1.0,1.0,22.65,72.77,4.385,59.8916666667,1.0,0.0,0.0,158.833333333,0.0,0.6475,720.0,10736.8046875,53.4583333333
2014.0,9.0,1.0,2.0,22.5858333333,72.6545,-36.2191666667,1.0,1.0,0.0,0.35,261.083333333,0.0,0.637875,720.0,10736.8046875,52.9791666667
2014.0,9.0,1.0,3.0,22.4875,72.4775,-36.2816666667,1.0,1.0,0.0,0.166666666667,58.3333333333,0.0,0.623125,720.0,10736.8046875,52.8958333333
2014.0,9.0,1.0,4.0,22.405,72.329,-36.33,1.0,1.0,0.0,0.0,61.25,0.0,0.61075,720.0,10736.8046875,53.4166666667
2014.0,9.0,1.0,5.0,22.4016666667,72.323,-36.3316666667,1.0,1.0,0.0,0.0,61.5833333333,0.0,0.61025,720.0,10736.8046875,53.2708333333
2014.0,9.0,1.0,6.0,22.685,72.833,12.6858333333,82.1833333333,12.5,0.0,0.0,65.0,0.0,0.65275,720.0,10736.8046875,53.2708333333
2014.0,9.0,1.0,7.0,23.1183333333,73.613,22.7425,97.5583333333,46.6666666667,0.0,0.0,66.0833333333,0.0,0.71775,720.0,10736.8046875,52.25
2014.0,9.0,1.0,8.0,24.2658333333,75.6785,22.6541666667,90.9,158.166666667,0.0,0.0,62.5,0.0,0.889875,720.0,10736.8046875,52.2708333333
2014.0,9.0,1.0,9.0,25.1441666667,77.2595,22.765,86.575,255.0,0.0,0.0166666666667,55.6666666667,0.0,1.021625,720.0,10736.8046875,52.6041666667
2014.0,9.0,1.0,10.0,27.4808333333,81.4655,23.2683333333,77.9083333333,485.0,0.133333333333,1.14166666667,54.1666666667,0.0,1.372125,720.0,10736.8046875,54.7708333333
2014.0,9.0,1.0,11.0,29.09,84.362,23.4866666667,71.8333333333,470.833333333,0.241666666667,1.96666666667,41.0833333333,0.0,1.6135,720.0,10736.8046875,55.9166666667
2014.0,9.0,1.0,12.0,30.845,87.521,22.6041666667,61.5916666667,641.166666667,0.366666666667,2.4,43.25,0.0,1.87675,720.0,10736.8046875,56.0416666667
2014.0,9.0,1.0,13.0,31.0275,87.8495,22.39,60.175,454.916666667,0.575,3.16666666667,46.4166666667,0.0,1.904125,720.0,10736.8046875,54.9375
2014.0,9.0,1.0,14.0,32.8116666667,91.061,22.6025,55.35,628.166666667,0.4,2.64166666667,44.5833333333,0.0,2.17175,720.0,10736.8046875,55.3333333333
2014.0,9.0,1.0,15.0,31.8758333333,89.3765,22.6158333333,58.175,441.333333333,0.65,3.075,77.5833333333,0.0,2.031375,720.0,10736.8046875,56.1666666667
2014.0,9.0,1.0,16.0,30.8591666667,87.5465,22.5008333333,61.0916666667,143.416666667,0.291666666667,2.1,52.1666666667,0.0,1.878875,720.0,10736.8046875,56.1666666667
2014.0,9.0,1.0,17.0,30.3891666667,86.7005,22.4258333333,62.5166666667,122.916666667,0.275,2.35833333333,54.3333333333,0.0,1.808375,720.0,10736.8046875,55.25
2014.0,9.0,1.0,18.0,29.7741666667,85.5935,22.9266666667,66.6833333333,64.5,0.2,2.15,54.3333333333,0.0,1.716125,720.0,10736.8046875,55.1041666667
2014.0,9.0,1.0,19.0,28.5133333333,83.324,23.7008333333,75.15,2.58333333333,0.0833333333333,0.8,48.4166666667,0.0,1.527,720.0,10736.8046875,56.4166666667
2014.0,9.0,1.0,20.0,27.4675,81.4415,24.1158333333,81.8416666667,1.0,0.0,0.45,36.6666666667,0.0,1.370125,720.0,10736.8046875,55.625
2014.0,9.0,1.0,21.0,27.0116666667,80.621,24.07,83.8166666667,1.0,0.0,0.308333333333,180.75,0.0,1.30175,720.0,10736.8046875,55.875
2014.0,9.0,1.0,22.0,26.4391666667,79.5905,24.0225,86.4583333333,1.0,0.133333333333,1.19166666667,45.25,0.0,1.215875,720.0,10736.8046875,54.875
2014.0,9.0,1.0,23.0,25.8091666667,78.4565,23.965,89.4083333333,1.0,0.0,0.0,42.6666666667,0.0,1.121375,720.0,10736.8046875,54.6041666667
2014.0,9.0,2.0,0.0,25.3716666667,77.669,23.9658333333,91.7666666667,1.0,0.0333333333333,0.541666666667,41.0,0.0,1.05575,720.0,10736.8046875,54.0833333333
2014.0,9.0,2.0,1.0,24.9333333333,76.88,24.005,94.4083333333,1.0,0.0333333333333,0.508333333333,54.75,0.0,0.99,720.0,10736.8046875,54.2708333333
2014.0,9.0,2.0,2.0,24.8591666667,76.7465,24.0475,95.075,1.0,0.05,0.35,49.6666666667,0.0,0.978875,720.0,10736.8046875,54.1875
2014.0,9.0,2.0,3.0,24.425,75.965,23.9275,96.8666666667,1.0,0.0,0.0,46.6666666667,0.0,0.91375,720.0,10736.8046875,53.9166666667
2014.0,9.0,2.0,4.0,24.3241666667,75.7835,23.7158333333,96.2166666667,1.0,0.0,0.158333333333,55.3333333333,0.0,0.898625,720.0,10736.8046875,54.4791666667
2014.0,9.0,2.0,5.0,24.0058333333,75.2105,23.45,96.525,1.0,0.0,0.125,53.75,0.0,0.850875,720.0,10736.8046875,54.5
2014.0,9.0,2.0,6.0,23.9966666667,75.194,22.9966666667,94.0083333333,19.0833333333,0.0833333333333,1.06666666667,49.4166666667,0.0,0.8495,720.0,10736.8046875,54.7083333333
2014.0,9.0,2.0,7.0,25.8183333333,78.473,22.3266666667,81.0083333333,142.25,0.0833333333333,1.475,52.25,0.0,1.12275,720.0,10736.8046875,54.0416666667
2014.0,9.0,2.0,8.0,28.705,83.669,21.6166666667,65.6916666667,322.583333333,0.1,1.26666666667,58.9166666667,0.0,1.55575,720.0,10736.8046875,55.9375
2014.0,9.0,2.0,9.0,30.415,86.747,21.3425,58.4083333333,485.916666667,0.45,2.9,67.3333333333,0.0,1.81225,720.0,10736.8046875,23.7291666667
2014.0,9.0,2.0,10.0,31.7441666667,89.1395,21.6908333333,55.4083333333,605.833333333,0.866666666667,4.05833333333,67.1666666667,0.0,2.011625,720.0,10736.8046875,0.0
2014.0,9.0,2.0,11.0,32.6516666667,90.773,21.695,52.6083333333,638.666666667,0.708333333333,3.64166666667,66.1666666667,0.0,2.14775,720.0,10736.8046875,0.0
2014.0,9.0,2.0,12.0,33.3541666667,92.0375,21.705,50.6333333333,541.5,0.65,3.30833333333,58.5833333333,0.0,2.253125,720.0,10736.8046875,0.0
2014.0,9.0,2.0,13.0,33.2491666667,91.8485,21.3591666667,49.8166666667,639.416666667,0.866666666667,3.79166666667,58.8333333333,0.0,2.237375,720.0,10736.8046875,0.0
2014.0,9.0,2.0,14.0,33.5083333333,92.315,21.3658333333,49.1166666667,642.583333333,1.43333333333,4.64166666667,61.6666666667,0.0,2.27625,720.0,10736.8046875,0.0
2014.0,9.0,2.0,15.0,33.6566666667,92.582,20.8325,47.1083333333,602.5,1.80833333333,5.725,64.5833333333,0.0,2.2985,720.0,10736.8046875,0.0
2014.0,9.0,2.0,16.0,33.63,92.534,22.4175,52.0083333333,330.083333333,0.416666666667,3.05833333333,26.1666666667,0.0,2.2945,720.0,10736.8046875,0.0
2014.0,9.0,2.0,17.0,32.7408333333,90.9335,22.01,53.3,185.583333333,0.425,3.11666666667,60.9166666667,0.0,2.161125,720.0,10736.8046875,4.875
2014.0,9.0,2.0,18.0,30.8758333333,87.5765,22.3283333333,60.4416666667,32.3333333333,0.25,2.51666666667,91.0,0.0,1.881375,720.0,10736.8046875,59.2083333333
2014.0,9.0,2.0,19.0,27.8241666667,82.0835,21.8675,71.15,1.33333333333,1.63333333333,5.85,56.4166666667,0.0,1.423625,720.0,10736.8046875,59.625
2014.0,9.0,2.0,20.0,22.1475,71.8655,20.8841666667,92.575,1.0,0.108333333333,1.225,62.0,0.0,0.572125,720.0,10736.8046875,57.5833333333
2014.0,9.0,2.0,21.0,23.8725,74.9705,21.4241666667,86.05,1.0,0.191666666667,1.49166666667,61.0,0.0,0.830875,720.0,10736.8046875,56.5625
2014.0,9.0,2.0,22.0,23.99,75.182,21.765,87.25,1.0,0.383333333333,2.54166666667,57.0833333333,0.0,0.8485,720.0,10736.8046875,56.5
2014.0,9.0,2.0,23.0,23.6566666667,74.582,21.69,88.6,1.0,0.275,2.625,58.5,0.0,0.7985,720.0,10736.8046875,54.5416666667
2014.0,9.0,3.0,0.0,23.7575,74.7635,21.4991666667,87.0583333333,1.0,0.183333333333,1.95,81.3333333333,0.0,0.813625,720.0,10736.8046875,53.8541666667
2014.0,9.0,3.0,1.0,24.0566666667,75.302,21.135,83.6083333333,1.0,0.166666666667,1.675,95.5833333333,0.0,0.8585,720.0,10736.8046875,53.8333333333
2014.0,9.0,3.0,2.0,23.935,75.083,20.9233333333,83.1416666667,1.0,0.166666666667,1.85833333333,92.4166666667,0.0,0.84025,720.0,10736.8046875,53.5208333333
2014.0,9.0,3.0,3.0,23.4716666667,74.249,20.615,83.875,1.0,0.133333333333,2.0,94.25,0.0,0.77075,720.0,10736.8046875,53.375
2014.0,9.0,3.0,4.0,22.9575,73.3235,20.0483333333,83.5583333333,1.0,0.0666666666667,1.275,96.9166666667,0.0,0.693625,720.0,10736.8046875,53.7916666667
2014.0,9.0,3.0,5.0,22.3241666667,72.1835,19.6366666667,84.65,1.0,0.0333333333333,0.741666666667,95.1666666667,0.0,0.598625,720.0,10736.8046875,53.5833333333
2014.0,9.0,3.0,6.0,22.2241666667,72.0035,19.0966666667,82.3833333333,20.5,0.1,1.45,125.75,0.0,0.583625,720.0,10736.8046875,53.6041666667
2014.0,9.0,3.0,7.0,22.7808333333,73.0055,18.6416666667,77.4166666667,104.083333333,0.116666666667,1.48333333333,147.583333333,0.0,0.667125,720.0,10736.8046875,52.4375
2014.0,9.0,3.0,8.0,23.8733333333,74.972,18.105,70.125,273.25,0.341666666667,2.3,127.666666667,0.0,0.831,720.0,10736.8046875,54.6458333333
2014.0,9.0,3.0,9.0,24.7866666667,76.616,17.6425,64.4416666667,309.166666667,0.408333333333,2.55833333333,165.75,0.0,0.968,720.0,10736.8046875,56.5
2014.0,9.0,3.0,10.0,25.6591666667,78.1865,17.7675,61.7583333333,434.166666667,0.316666666667,2.49166666667,130.583333333,0.0,1.098875,720.0,10736.8046875,58.4166666667
2014.0,9.0,3.0,11.0,27.8991666667,82.2185,17.3158333333,52.625,659.75,0.266666666667,2.075,133.666666667,0.0,1.434875,720.0,10736.8046875,58.1875
2014.0,9.0,3.0,12.0,28.655,83.579,16.5658333333,48.0666666667,722.25,0.25,2.075,125.25,0.0,1.54825,720.0,10736.8046875,58.9166666667
2014.0,9.0,3.0,13.0,29.1208333333,84.4175,15.8933333333,44.825,817.916666667,0.441666666667,2.66666666667,72.5,0.0,1.618125,720.0,10736.8046875,59.2083333333
2014.0,9.0,3.0,14.0,30.795,87.431,14.7275,37.7833333333,655.25,0.433333333333,2.44166666667,144.5,0.0,1.86925,720.0,10736.8046875,58.6041666667
2014.0,9.0,3.0,15.0,30.8025,87.4445,15.5575,39.8166666667,504.833333333,0.266666666667,2.21666666667,92.5833333333,0.0,1.870375,720.0,10736.8046875,58.9791666667
2014.0,9.0,3.0,16.0,29.8091666667,85.6565,16.1283333333,43.6416666667,382.083333333,0.216666666667,2.46666666667,96.0833333333,0.0,1.721375,720.0,10736.8046875,58.75
2014.0,9.0,3.0,17.0,28.4075,83.1335,15.85,46.525,197.666666667,0.166666666667,1.85,84.25,0.0,1.511125,720.0,10736.8046875,59.25
2014.0,9.0,3.0,18.0,27.2966666667,81.134,16.2108333333,50.7833333333,100.833333333,0.133333333333,1.625,96.6666666667,0.0,1.3445,720.0,10736.8046875,58.7708333333
2014.0,9.0,3.0,19.0,25.665,78.197,16.1541666667,55.6833333333,6.33333333333,0.0666666666667,1.025,100.75,0.0,1.09975,720.0,10736.8046875,57.3541666667
2014.0,9.0,3.0,20.0,24.9675,76.9415,16.9316666667,60.9333333333,1.0,0.0,0.483333333333,93.3333333333,0.0,0.995125,720.0,10736.8046875,57.0416666667
2014.0,9.0,3.0,21.0,24.28,75.704,16.8741666667,63.3,1.0,0.0,0.0333333333333,77.25,0.0,0.892,720.0,10736.8046875,56.4583333333
2014.0,9.0,3.0,22.0,23.7258333333,74.7065,17.18,66.6916666667,1.0,0.0,0.0,84.25,0.0,0.808875,720.0,10736.8046875,56.8333333333
2014.0,9.0,3.0,23.0,22.8675,73.1615,17.4283333333,71.35,1.0,0.0,0.0,73.9166666667,0.0,0.680125,720.0,10736.8046875,55.5208333333
2014.0,9.0,4.0,0.0,22.1208333333,71.8175,17.68,75.875,1.0,0.0,0.0,65.25,0.0,0.568125,720.0,10736.8046875,55.3125
2014.0,9.0,4.0,1.0,21.8341666667,71.3015,17.3308333333,75.5083333333,1.0,0.0,0.0,85.5,0.0,0.525125,720.0,10736.8046875,55.1458333333
2014.0,9.0,4.0,2.0,21.61,70.898,17.0991666667,75.4333333333,1.0,0.0,0.0,132.083333333,0.0,0.4915,720.0,10736.8046875,55.0208333333
2014.0,9.0,4.0,3.0,20.4341666667,68.7815,17.3041666667,82.15,1.0,0.0,0.0,212.666666667,0.0,0.315125,720.0,10736.8046875,54.7291666667
2014.0,9.0,4.0,4.0,20.5575,69.0035,17.2583333333,81.2666666667,1.0,0.0,0.0,100.083333333,0.0,0.333625,720.0,10736.8046875,55.3125
2014.0,9.0,4.0,5.0,20.1766666667,68.318,17.0841666667,82.3,1.0,0.0,0.0,59.4166666667,0.0,0.2765,720.0,10736.8046875,55.1458333333
2014.0,9.0,4.0,6.0,20.8325,69.4985,17.3825,80.55,19.5,0.0,0.0333333333333,208.083333333,0.0,0.374875,720.0,10736.8046875,55.7916666667
2014.0,9.0,4.0,7.0,23.5741666667,74.4335,17.3633333333,68.2583333333,144.5,0.0,0.0166666666667,128.916666667,0.0,0.786125,720.0,10736.8046875,54.7708333333
2014.0,9.0,4.0,8.0,26.7633333333,80.174,17.9283333333,58.725,307.25,0.0,0.0,116.166666667,0.0,1.2645,720.0,10736.8046875,56.1458333333
2014.0,9.0,4.0,9.0,29.0341666667,84.2615,17.5608333333,50.2,502.25,0.0,0.0333333333333,203.5,0.0,1.605125,720.0,10736.8046875,57.4791666667
2014.0,9.0,4.0,10.0,30.33,86.594,16.5316666667,43.55,637.333333333,0.0666666666667,0.766666666667,257.333333333,0.0,1.7995,720.0,10736.8046875,59.6458333333
2014.0,9.0,4.0,11.0,31.475,88.655,16.0008333333,39.4166666667,717.666666667,0.1,1.175,283.083333333,0.0,1.97125,720.0,10736.8046875,59.2291666667
2014.0,9.0,4.0,12.0,31.2466666667,88.244,15.2975,38.2,770.833333333,0.408333333333,2.65833333333,270.0,0.0,1.937,720.0,10736.8046875,60.625
2014.0,9.0,4.0,13.0,30.7416666667,87.335,16.4783333333,42.3333333333,756.416666667,0.658333333333,3.85,138.916666667,0.0,1.86125,720.0,10736.8046875,60.6041666667
2014.0,9.0,4.0,14.0,31.8658333333,89.3585,17.9416666667,43.6083333333,675.5,0.675,3.73333333333,186.666666667,0.0,2.029875,720.0,10736.8046875,60.8125
2014.0,9.0,4.0,15.0,32.1308333333,89.8355,18.5783333333,44.8,558.0,0.858333333333,4.26666666667,88.5833333333,0.0,2.069625,720.0,10736.8046875,59.875
2014.0,9.0,4.0,16.0,31.6966666667,89.054,16.1758333333,39.4833333333,444.5,0.775,4.14166666667,209.916666667,0.0,2.0045,720.0,10736.8046875,60.3541666667
2014.0,9.0,4.0,17.0,31.1808333333,88.1255,16.4525,41.3833333333,265.25,0.408333333333,2.75833333333,314.75,0.0,1.927125,720.0,10736.8046875,59.7083333333
2014.0,9.0,4.0,18.0,28.6208333333,83.5175,15.9325,46.2333333333,91.4166666667,0.391666666667,2.85833333333,288.25,0.0,1.543125,720.0,10736.8046875,56.5
2014.0,9.0,4.0,19.0,26.2516666667,79.253,16.755,55.925,2.83333333333,0.116666666667,1.45833333333,313.25,0.0,1.18775,720.0,10736.8046875,57.1875
2014.0,9.0,4.0,20.0,25.4141666667,77.7455,17.4275,61.25,1.0,0.15,1.75833333333,337.25,0.0,1.062125,720.0,10736.8046875,56.8541666667
2014.0,9.0,4.0,21.0,24.45,76.01,18.295,68.5166666667,1.0,0.333333333333,2.45,325.833333333,0.0,0.9175,720.0,10736.8046875,56.0208333333
2014.0,9.0,4.0,22.0,23.655,74.579,19.0633333333,75.4083333333,1.0,0.0333333333333,0.516666666667,308.916666667,0.0,0.79825,720.0,10736.8046875,56.2916666667
2014.0,9.0,4.0,23.0,23.1283333333,73.631,19.85,81.7083333333,1.0,0.0333333333333,0.666666666667,305.583333333,0.0,0.71925,720.0,10736.8046875,54.5208333333
2014.0,9.0,5.0,0.0,22.7683333333,72.983,20.7291666667,88.1583333333,1.0,0.0,0.35,249.416666667,0.0,0.66525,720.0,10736.8046875,53.7291666667
2014.0,9.0,5.0,1.0,22.9958333333,73.3925,21.5091666667,91.2,1.0,0.0166666666667,0.558333333333,266.916666667,0.0,0.699375,720.0,10736.8046875,53.9791666667
2014.0,9.0,5.0,2.0,23.0441666667,73.4795,21.785,92.4666666667,1.0,0.0,0.0333333333333,54.5833333333,0.0,0.706625,720.0,10736.8046875,53.4791666667
2014.0,9.0,5.0,3.0,22.9666666667,73.34,22.0516666667,94.4333333333,1.0,0.0,0.0,143.833333333,0.0,0.695,720.0,10736.8046875,53.25
2014.0,9.0,5.0,4.0,22.8908333333,73.2035,22.3158333333,96.4083333333,1.0,0.0,0.208333333333,304.416666667,0.0,0.683625,720.0,10736.8046875,54.0625
2014.0,9.0,5.0,5.0,22.8808333333,73.1855,22.4441666667,97.2083333333,1.0,0.0,0.0833333333333,302.25,0.0,0.682125,720.0,10736.8046875,54.2083333333
2014.0,9.0,5.0,6.0,23.16,73.688,22.5183333333,96.0083333333,4.41666666667,0.0,0.0,278.583333333,0.0,0.724,720.0,10736.8046875,55.5
2014.0,9.0,5.0,7.0,23.6933333333,74.648,22.7425,94.25,33.4166666667,0.0,0.0166666666667,272.25,0.0,0.804,720.0,10736.8046875,55.2916666667
2014.0,9.0,5.0,8.0,24.4916666667,76.085,22.9366666667,90.9083333333,71.25,0.0,0.0166666666667,238.916666667,0.0,0.92375,720.0,10736.8046875,57.1666666667
2014.0,9.0,5.0,9.0,25.8116666667,78.461,23.0866666667,84.8333333333,142.0,0.0,0.0333333333333,303.416666667,0.0,1.12175,720.0,10736.8046875,58.6041666667
2014.0,9.0,5.0,10.0,27.165,80.897,22.9716666667,77.7666666667,265.333333333,0.2,2.1,322.083333333,0.0,1.32475,720.0,10736.8046875,60.5833333333
2014.0,9.0,5.0,11.0,29.5008333333,85.1015,23.0025,68.25,453.833333333,0.2,2.09166666667,274.75,0.0,1.675125,720.0,10736.8046875,60.3125
2014.0,9.0,5.0,12.0,29.26,84.668,23.3166666667,70.35,245.0,0.116666666667,1.23333333333,73.5833333333,0.0,1.639,720.0,10736.8046875,61.1666666667
2014.0,9.0,5.0,13.0,32.77,90.986,22.3933333333,54.55,735.75,0.35,2.45,105.333333333,0.0,2.1655,720.0,10736.8046875,60.4583333333
2014.0,9.0,5.0,14.0,32.5258333333,90.5465,23.2583333333,58.2416666667,623.166666667,0.683333333333,4.18333333333,57.75,0.0,2.128875,720.0,10736.8046875,60.3333333333
2014.0,9.0,5.0,15.0,33.0475,91.4855,22.4875,54.0333333333,538.166666667,0.625,3.69166666667,48.8333333333,0.0,2.207125,720.0,10736.8046875,60.4375
2014.0,9.0,5.0,16.0,32.8725,91.1705,22.9891666667,56.225,352.166666667,0.5,3.18333333333,61.6666666667,0.0,2.180875,720.0,10736.8046875,61.8125
2014.0,9.0,5.0,17.0,30.3141666667,86.5655,23.2341666667,65.8416666667,72.1666666667,0.133333333333,1.36666666667,42.5833333333,0.0,1.797125,720.0,10736.8046875,56.5416666667
2014.0,9.0,5.0,18.0,29.4725,85.0505,23.7341666667,71.2416666667,45.3333333333,0.341666666667,2.275,32.9166666667,0.0,1.670875,720.0,10736.8046875,58.6041666667
2014.0,9.0,5.0,19.0,28.0083333333,82.415,23.39,75.925,7.08333333333,0.116666666667,0.975,98.8333333333,0.0,1.45125,720.0,10736.8046875,58.3333333333
2014.0,9.0,5.0,20.0,27.3333333333,81.2,23.2433333333,78.2916666667,1.0,0.0333333333333,0.666666666667,330.0,0.0,1.35,720.0,10736.8046875,56.7916666667
2014.0,9.0,5.0,21.0,26.6708333333,80.0075,23.6291666667,83.3,1.0,0.0166666666667,0.791666666667,181.5,0.0,1.250625,720.0,10736.8046875,56.2916666667
2014.0,9.0,5.0,22.0,26.0533333333,78.896,23.6041666667,86.25,1.0,0.0166666666667,0.5,76.1666666667,0.0,1.158,720.0,10736.8046875,55.6458333333
2014.0,9.0,5.0,23.0,25.6483333333,78.167,23.6533333333,88.6,1.0,0.05,0.916666666667,43.5,0.0,1.09725,720.0,10736.8046875,54.9791666667
2014.0,9.0,6.0,0.0,25.4925,77.8865,23.6391666667,89.3416666667,1.0,0.0,0.683333333333,36.5,0.0,1.073875,0.0,10736.8046875,54.75
2014.0,9.0,6.0,1.0,25.025,77.045,23.5283333333,91.25,1.0,0.0,0.591666666667,45.4166666667,0.0,1.00375,0.0,10736.8046875,54.1666666667
2014.0,9.0,6.0,2.0,24.6391666667,76.3505,23.4666666667,93.025,1.0,0.0,0.55,68.5,0.0,0.945875,0.0,10736.8046875,54.4375
2014.0,9.0,6.0,3.0,24.3533333333,75.836,23.44,94.475,1.0,0.0833333333333,1.45833333333,121.833333333,0.0,0.903,0.0,10736.8046875,53.9583333333
2014.0,9.0,6.0,4.0,24.1066666667,75.392,23.42,95.775,1.0,0.0333333333333,0.583333333333,79.1666666667,0.0,0.866,0.0,10736.8046875,51.4375
2014.0,9.0,6.0,5.0,24.0075,75.2135,23.3483333333,95.925,1.0,0.0,0.241666666667,71.1666666667,0.0,0.851125,0.0,10736.8046875,53.625
2014.0,9.0,6.0,6.0,24.0325,75.2585,23.2208333333,95.05,13.5,0.116666666667,1.575,59.5833333333,0.0,0.854875,0.0,10736.8046875,53.2708333333
2014.0,9.0,6.0,7.0,25.6725,78.2105,23.0816666667,85.65,110.25,0.0,0.266666666667,43.5,0.0,1.100875,0.0,10736.8046875,53.0625
2014.0,9.0,6.0,8.0,28.03,82.454,22.9108333333,73.8083333333,276.333333333,0.0833333333333,1.275,67.4166666667,0.0,1.4545,0.0,10736.8046875,52.4791666667
2014.0,9.0,6.0,9.0,29.565,85.217,23.5991666667,70.3166666667,522.083333333,0.25,1.94166666667,52.8333333333,0.0,1.68475,0.0,10736.8046875,53.3125
2014.0,9.0,6.0,10.0,31.1366666667,88.046,23.8083333333,65.2083333333,598.166666667,0.241666666667,1.925,70.25,0.0,1.9205,0.0,10736.8046875,54.3541666667
2014.0,9.0,6.0,11.0,33.375,92.075,23.8525,57.5916666667,729.083333333,0.383333333333,2.55833333333,51.75,0.0,2.25625,0.0,10736.8046875,55.25
2014.0,9.0,6.0,12.0,32.735,90.923,23.1375,57.1416666667,764.583333333,0.891666666667,3.80833333333,41.5,0.0,2.16025,0.0,10736.8046875,56.8958333333
2014.0,9.0,6.0,13.0,34.0116666667,93.221,22.4858333333,51.1,763.416666667,0.675,4.20833333333,56.4166666667,0.0,2.35175,0.0,10736.8046875,55.7708333333
2014.0,9.0,6.0,14.0,34.5583333333,94.205,22.8266666667,50.7416666667,601.583333333,0.816666666667,4.40833333333,33.0,0.0,2.43375,0.0,10736.8046875,56.4166666667
2014.0,9.0,6.0,15.0,31.585,88.853,22.6941666667,59.275,121.166666667,0.683333333333,4.575,45.6666666667,0.0,1.98775,0.0,10736.8046875,56.4375
2014.0,9.0,6.0,16.0,28.3916666667,83.105,20.7383333333,63.2416666667,39.0,1.48333333333,5.85833333333,83.3333333333,0.0,1.50875,0.0,10736.8046875,55.7708333333
2014.0,9.0,6.0,17.0,25.505,77.909,19.8708333333,71.1583333333,37.3333333333,0.283333333333,1.9,95.9166666667,0.0,1.07575,0.0,10736.8046875,55.8125
2014.0,9.0,6.0,18.0,25.1658333333,77.2985,20.4233333333,74.9166666667,13.3333333333,0.0333333333333,0.883333333333,115.166666667,0.0,1.024875,0.0,10736.8046875,54.9583333333
2014.0,9.0,6.0,19.0,24.9783333333,76.961,21.1675,79.3083333333,1.0,0.0166666666667,0.683333333333,51.8333333333,0.0,0.99675,0.0,10736.8046875,55.0208333333
2014.0,9.0,6.0,20.0,25.1641666667,77.2955,20.7391666667,76.3916666667,1.0,0.05,0.841666666667,68.8333333333,0.0,1.024625,0.0,10736.8046875,54.5625
2014.0,9.0,6.0,21.0,24.1858333333,75.5345,18.7816666667,73.2333333333,1.0,0.408333333333,2.56666666667,109.25,0.0,0.877875,0.0,10736.8046875,54.5416666667
2014.0,9.0,6.0,22.0,23.295,73.931,19.9091666667,81.3,1.0,0.0166666666667,0.616666666667,152.333333333,0.0,0.74425,0.0,10736.8046875,55.1458333333
2014.0,9.0,6.0,23.0,22.4516666667,72.413,19.8191666667,84.95,1.0,0.25,2.375,131.916666667,0.0,0.61775,0.0,10736.8046875,54.3125
2014.0,9.0,7.0,0.0,21.7308333333,71.1155,19.4608333333,86.8083333333,1.0,0.375,2.9,137.333333333,0.0,0.509625,0.0,10736.8046875,54.4375
2014.0,9.0,7.0,1.0,20.7583333333,69.365,17.6775,82.5416666667,1.0,1.1,4.66666666667,144.75,0.0,0.36375,0.0,10736.8046875,53.8541666667
2014.0,9.0,7.0,2.0,19.9841666667,67.9715,15.9425,77.475,1.0,0.75,3.94166666667,171.083333333,0.0,0.247625,0.0,10736.8046875,53.8333333333
2014.0,9.0,7.0,3.0,19.3683333333,66.863,16.7333333333,84.6333333333,1.0,0.15,1.34166666667,144.083333333,0.0,0.15525,0.0,10736.8046875,53.7291666667
2014.0,9.0,7.0,4.0,18.94,66.092,16.4775,85.5166666667,1.0,0.116666666667,1.46666666667,114.666666667,0.0,0.091,0.0,10736.8046875,54.6041666667
2014.0,9.0,7.0,5.0,18.62,65.516,16.1925,85.6666666667,1.0,0.0833333333333,1.29166666667,118.083333333,0.0,0.043,0.0,10736.8046875,54.0625
2014.0,9.0,7.0,6.0,18.7125,65.6825,16.1825,85.1333333333,15.1666666667,0.05,1.0,145.916666667,0.0,0.056875,0.0,10736.8046875,54.4791666667
2014.0,9.0,7.0,7.0,19.4691666667,67.0445,16.2091666667,81.375,74.6666666667,0.258333333333,2.49166666667,147.666666667,0.0,0.170375,0.0,10736.8046875,52.8125
2014.0,9.0,7.0,8.0,21.61,70.898,14.5883333333,64.375,340.333333333,0.925,4.83333333333,149.416666667,0.0,0.4915,0.0,10736.8046875,52.375
2014.0,9.0,7.0,9.0,22.0533333333,71.696,14.0758333333,60.5333333333,510.166666667,1.375,5.425,147.0,0.0,0.558,0.0,10736.8046875,52.625
2014.0,9.0,7.0,10.0,24.0083333333,75.215,13.7775,52.925,658.083333333,0.641666666667,3.85,162.333333333,0.0,0.85125,0.0,10736.8046875,53.0208333333
2014.0,9.0,7.0,11.0,25.3775,77.6795,13.1966666667,46.825,749.333333333,0.55,3.5,150.916666667,0.0,1.056625,0.0,10736.8046875,52.8541666667
2014.0,9.0,7.0,12.0,26.1691666667,79.1045,12.8566666667,43.7083333333,792.083333333,0.35,2.65,127.833333333,0.0,1.175375,0.0,10736.8046875,52.7708333333
2014.0,9.0,7.0,13.0,27.1825,80.9285,12.9983333333,41.5333333333,742.0,0.183333333333,1.925,131.416666667,0.0,1.327375,0.0,10736.8046875,53.3958333333
2014.0,9.0,7.0,14.0,28.7008333333,83.6615,13.1441666667,38.45,749.833333333,0.383333333333,3.03333333333,143.333333333,0.0,1.555125,0.0,10736.8046875,52.4375
2014.0,9.0,7.0,15.0,28.8583333333,83.945,12.6225,36.8,551.75,0.35,2.39166666667,149.5,0.0,1.57875,0.0,10736.8046875,53.1875
2014.0,9.0,7.0,16.0,28.1983333333,82.757,12.3016666667,37.4416666667,396.666666667,0.133333333333,1.80833333333,141.666666667,0.0,1.47975,0.0,10736.8046875,53.875
2014.0,9.0,7.0,17.0,28.28,82.904,11.6283333333,35.6583333333,238.083333333,0.15,2.06666666667,115.25,0.0,1.492,0.0,10736.8046875,54.6041666667
2014.0,9.0,7.0,18.0,25.8783333333,78.581,11.4816666667,40.6166666667,63.4166666667,0.15,1.66666666667,156.166666667,0.0,1.13175,0.0,10736.8046875,53.5416666667
2014.0,9.0,7.0,19.0,24.21,75.578,11.7675,45.675,2.0,0.0,0.433333333333,181.333333333,0.0,0.8815,0.0,10736.8046875,54.0625
2014.0,9.0,7.0,20.0,23.235,73.823,13.9208333333,56.7833333333,1.0,0.0833333333333,0.916666666667,239.25,0.0,0.73525,0.0,10736.8046875,54.5625
2014.0,9.0,7.0,21.0,22.0016666667,71.603,17.3116666667,74.6416666667,1.0,0.0833333333333,1.20833333333,303.416666667,0.0,0.55025,0.0,10736.8046875,52.9583333333
2014.0,9.0,7.0,22.0,21.7133333333,71.084,17.3333333333,76.075,1.0,0.0,0.0,295.166666667,0.0,0.507,0.0,10736.8046875,54.8958333333
2014.0,9.0,7.0,23.0,21.3725,70.4705,17.55,78.7333333333,1.0,0.0,0.0,143.166666667,0.0,0.455875,0.0,10736.8046875,54.375
2014.0,9.0,8.0,0.0,21.1016666667,69.983,17.3175,78.9,1.0,0.0,0.0,240.666666667,0.0,0.41525,720.0,10736.8046875,53.5
2014.0,9.0,8.0,1.0,20.4341666667,68.7815,17.0783333333,80.9583333333,1.0,0.0,0.0,173.0,0.0,0.315125,720.0,10736.8046875,53.3958333333
2014.0,9.0,8.0,2.0,20.26,68.468,16.4458333333,78.6333333333,1.0,0.0,0.0666666666667,169.916666667,0.0,0.289,720.0,10736.8046875,54.0416666667
2014.0,9.0,8.0,3.0,19.45,67.01,15.9275,79.9916666667,1.0,0.0166666666667,0.55,176.25,0.0,0.1675,720.0,10736.8046875,52.7708333333
2014.0,9.0,8.0,4.0,19.4833333333,67.07,16.21,81.2666666667,1.0,0.0833333333333,1.06666666667,193.5,0.0,0.1725,720.0,10736.8046875,54.0625
2014.0,9.0,8.0,5.0,19.31,66.758,16.1491666667,81.85,1.0,0.208333333333,1.86666666667,198.833333333,0.0,0.1465,720.0,10736.8046875,53.9375
2014.0,9.0,8.0,6.0,19.1108333333,66.3995,13.775,71.1666666667,13.8333333333,0.308333333333,2.59166666667,199.0,0.0,0.116625,720.0,10736.8046875,54.1041666667
2014.0,9.0,8.0,7.0,19.5741666667,67.2335,13.0825,66.1833333333,88.1666666667,0.416666666667,2.8,193.666666667,0.0,0.186125,720.0,10736.8046875,53.7708333333
2014.0,9.0,8.0,8.0,21.4725,70.6505,14.0916666667,62.8083333333,250.916666667,0.383333333333,3.10833333333,201.083333333,0.0,0.470875,720.0,10736.8046875,54.5416666667
2014.0,9.0,8.0,9.0,22.3091666667,72.1565,15.9641666667,67.2833333333,253.75,0.5,3.0,216.833333333,0.0,0.596375,720.0,10736.8046875,56.6666666667
2014.0,9.0,8.0,10.0,23.5808333333,74.4455,16.8016666667,65.6916666667,277.75,0.308333333333,2.86666666667,240.583333333,0.0,0.787125,720.0,10736.8046875,60.1041666667
2014.0,9.0,8.0,11.0,24.2275,75.6095,15.9058333333,59.6833333333,312.166666667,0.75,4.05833333333,248.666666667,0.0,0.884125,720.0,10736.8046875,61.0416666667
2014.0,9.0,8.0,12.0,23.9275,75.0695,14.0266666667,53.9,287.5,1.325,5.675,268.25,0.0,0.839125,720.0,10736.8046875,39.8541666667
2014.0,9.0,8.0,13.0,24.4141666667,75.9455,13.7808333333,51.5166666667,389.666666667,1.55,5.94166666667,268.666666667,0.0,0.912125,720.0,10736.8046875,34.5625
2014.0,9.0,8.0,14.0,23.8233333333,74.882,13.8658333333,53.625,270.25,0.825,4.40833333333,251.583333333,0.0,0.8235,720.0,10736.8046875,62.75
2014.0,9.0,8.0,15.0,23.8591666667,74.9465,14.0641666667,54.2416666667,289.25,1.09166666667,5.51666666667,249.833333333,0.0,0.828875,720.0,10736.8046875,65.1875
2014.0,9.0,8.0,16.0,22.9075,73.2335,14.1225,57.6166666667,169.25,1.475,6.075,254.833333333,0.0,0.686125,720.0,10736.8046875,64.6041666667
2014.0,9.0,8.0,17.0,22.4658333333,72.4385,14.585,60.9833333333,101.083333333,0.808333333333,4.90833333333,243.416666667,0.0,0.619875,720.0,10736.8046875,62.7291666667
2014.0,9.0,8.0,18.0,22.1575,71.8835,14.9266666667,63.525,84.8333333333,0.775,3.96666666667,231.166666667,0.0,0.573625,720.0,10736.8046875,61.0
2014.0,9.0,8.0,19.0,21.0241666667,69.8435,15.18,69.1916666667,8.58333333333,0.533333333333,3.99166666667,229.75,0.0,0.403625,720.0,10736.8046875,61.2291666667
2014.0,9.0,8.0,20.0,20.6866666667,69.236,15.1158333333,70.3416666667,1.0,0.425,3.55,222.916666667,0.0,0.353,720.0,10736.8046875,59.5833333333
2014.0,9.0,8.0,21.0,20.145,68.261,15.2416666667,73.325,1.0,0.325,3.33333333333,227.666666667,0.0,0.27175,720.0,10736.8046875,59.0833333333
2014.0,9.0,8.0,22.0,19.9258333333,67.8665,15.2241666667,74.2416666667,1.0,0.3,2.63333333333,223.083333333,0.0,0.238875,720.0,10736.8046875,58.1875
2014.0,9.0,8.0,23.0,19.845,67.721,15.4375,75.6333333333,1.0,0.183333333333,2.525,220.5,0.0,0.22675,720.0,10736.8046875,58.2291666667
2014.0,9.0,9.0,0.0,19.4766666667,67.058,15.4566666667,77.4833333333,1.0,0.0333333333333,1.19166666667,199.583333333,0.0,0.1715,720.0,10736.8046875,58.25
2014.0,9.0,9.0,1.0,19.3208333333,66.7775,15.1633333333,76.7916666667,1.0,0.0333333333333,1.25,193.333333333,0.0,0.148125,720.0,10736.8046875,57.9791666667
2014.0,9.0,9.0,2.0,19.55,67.19,15.1933333333,75.8416666667,1.0,0.266666666667,2.525,200.166666667,0.0,0.1825,720.0,10736.8046875,58.1041666667
2014.0,9.0,9.0,3.0,19.6075,67.2935,15.1983333333,75.6,1.0,0.25,2.175,202.75,0.0,0.191125,720.0,10736.8046875,57.9375
2014.0,9.0,9.0,4.0,19.6383333333,67.349,15.1833333333,75.3666666667,1.0,0.341666666667,2.81666666667,202.333333333,0.0,0.19575,720.0,10736.8046875,58.5833333333
2014.0,9.0,9.0,5.0,19.9325,67.8785,15.1233333333,73.7333333333,1.0,0.5,4.025,209.333333333,0.0,0.239875,720.0,10736.8046875,58.8125
2014.0,9.0,9.0,6.0,19.8008333333,67.6415,14.8975,73.2666666667,1.91666666667,0.483333333333,3.91666666667,194.833333333,0.0,0.220125,720.0,10736.8046875,59.3541666667
2014.0,9.0,9.0,7.0,19.6725,67.4105,14.9575,74.1333333333,17.1666666667,0.525,3.46666666667,200.25,0.0,0.200875,720.0,10736.8046875,59.5625
2014.0,9.0,9.0,8.0,20.1058333333,68.1905,15.245,73.5166666667,92.75,0.9,5.025,207.416666667,0.0,0.265875,720.0,10736.8046875,60.3333333333
2014.0,9.0,9.0,9.0,20.34,68.612,15.4425,73.3833333333,128.25,1.64166666667,6.41666666667,221.333333333,0.0,0.301,720.0,10736.8046875,61.7708333333
2014.0,9.0,9.0,10.0,21.2558333333,70.2605,15.91,71.4666666667,203.583333333,1.19166666667,5.66666666667,219.666666667,0.0,0.438375,720.0,10736.8046875,59.4423076923
2014.0,9.0,9.0,11.0,21.7625,71.1725,16.2341666667,70.7416666667,232.25,0.941666666667,5.30833333333,210.75,0.0,0.514375,720.0,10736.8046875,64.0
2014.0,9.0,9.0,12.0,22.6358333333,72.7445,16.8,69.5666666667,260.666666667,1.2,5.29166666667,214.083333333,0.0,0.645375,720.0,10736.8046875,63.2083333333
2014.0,9.0,9.0,13.0,24.1691666667,75.5045,16.9441666667,63.9833333333,357.916666667,0.883333333333,5.00833333333,220.583333333,0.0,0.875375,720.0,10736.8046875,65.8125
2014.0,9.0,9.0,14.0,23.8716666667,74.969,16.8325,64.6833333333,218.166666667,0.891666666667,4.425,220.833333333,0.0,0.83075,720.0,10736.8046875,65.4791666667
2014.0,9.0,9.0,15.0,23.975,75.155,16.8391666667,64.2916666667,250.583333333,0.95,4.79166666667,223.416666667,0.0,0.84625,720.0,10736.8046875,62.7083333333
2014.0,9.0,9.0,16.0,23.3916666667,74.105,17.285,68.5833333333,201.916666667,1.30833333333,5.39166666667,231.583333333,0.0,0.75875,720.0,10736.8046875,65.0416666667
2014.0,9.0,9.0,17.0,21.915,71.447,17.6725,76.775,76.8333333333,1.31666666667,5.70833333333,218.25,0.0,0.53725,720.0,10736.8046875,63.3125
2014.0,9.0,9.0,18.0,20.9683333333,69.743,17.4741666667,80.3333333333,11.8333333333,1.0,4.94166666667,215.5,0.0,0.39525,720.0,10736.8046875,62.7708333333
2014.0,9.0,9.0,19.0,20.855,69.539,17.4366666667,80.7083333333,1.0,0.575,3.65833333333,212.666666667,0.0,0.37825,720.0,10736.8046875,61.2083333333
2014.0,9.0,9.0,20.0,20.8666666667,69.56,17.4166666667,80.55,1.0,0.558333333333,3.58333333333,201.666666667,0.0,0.38,720.0,10736.8046875,60.1666666667
2014.0,9.0,9.0,21.0,20.8725,69.5705,17.275,79.7916666667,1.0,0.875,4.61666666667,223.0,0.0,0.380875,720.0,10736.8046875,60.2083333333
2014.0,9.0,9.0,22.0,20.7,69.26,17.2191666667,80.35,1.0,0.308333333333,2.96666666667,208.583333333,0.0,0.355,720.0,10736.8046875,60.0625
2014.0,9.0,9.0,23.0,20.4425,68.7965,16.7125,79.0666666667,1.0,0.391666666667,3.23333333333,219.083333333,0.0,0.316375,720.0,10736.8046875,58.3958333333
2014.0,9.0,10.0,0.0,20.2733333333,68.492,16.28,77.7333333333,1.0,0.458333333333,3.20833333333,215.083333333,0.0,0.291,720.0,10736.8046875,58.2291666667
2014.0,9.0,10.0,1.0,20.24,68.432,15.8966666667,76.0166666667,1.0,0.216666666667,2.39166666667,203.166666667,0.0,0.286,720.0,10736.8046875,58.3125
2014.0,9.0,10.0,2.0,20.06,68.108,15.445,74.675,1.0,0.183333333333,2.53333333333,204.75,0.0,0.259,720.0,10736.8046875,57.8541666667
2014.0,9.0,10.0,3.0,19.935,67.883,15.2066666667,74.1166666667,1.0,0.05,1.23333333333,197.583333333,0.0,0.24025,720.0,10736.8046875,57.3541666667
2014.0,9.0,10.0,4.0,19.8133333333,67.664,14.9291666667,73.3583333333,1.0,0.116666666667,1.91666666667,185.0,0.0,0.222,720.0,10736.8046875,57.9583333333
2014.0,9.0,10.0,5.0,19.56,67.208,15.7083333333,78.3583333333,1.0,0.191666666667,1.68333333333,189.666666667,0.0,0.184,720.0,10736.8046875,58.1041666667
2014.0,9.0,10.0,6.0,19.5733333333,67.232,15.94,79.4333333333,5.83333333333,0.166666666667,2.03333333333,199.25,0.0,0.186,720.0,10736.8046875,59.1458333333
2014.0,9.0,10.0,7.0,19.9308333333,67.8755,15.9983333333,78.0,53.0,0.0666666666667,1.6,212.333333333,0.0,0.239625,720.0,10736.8046875,57.7708333333
2014.0,9.0,10.0,8.0,20.7908333333,69.4235,16.0516666667,74.225,166.083333333,0.116666666667,1.575,198.166666667,0.0,0.368625,720.0,10736.8046875,59.7291666667
2014.0,9.0,10.0,9.0,23.2233333333,73.802,15.8666666667,63.4,426.5,0.0,0.483333333333,226.833333333,0.0,0.7335,720.0,10736.8046875,60.5416666667
2014.0,9.0,10.0,10.0,26.0883333333,78.959,14.7216666667,49.6333333333,617.416666667,0.05,0.983333333333,243.083333333,0.0,1.16325,720.0,10736.8046875,62.0625
2014.0,9.0,10.0,11.0,27.0716666667,80.729,14.5233333333,46.25,646.333333333,0.0166666666667,0.241666666667,246.0,0.0,1.31075,720.0,10736.8046875,65.8125
2014.0,9.0,10.0,12.0,27.8216666667,82.079,13.79,42.2333333333,687.166666667,0.0166666666667,0.7,214.5,0.0,1.42325,720.0,10736.8046875,58.7708333333
2014.0,9.0,10.0,13.0,28.4633333333,83.234,14.3591666667,42.325,577.25,0.0333333333333,0.566666666667,259.25,0.0,1.5195,720.0,10736.8046875,64.2916666667
2014.0,9.0,10.0,14.0,27.7558333333,81.9605,14.6858333333,44.8416666667,337.083333333,0.0,0.341666666667,221.833333333,0.0,1.413375,720.0,10736.8046875,64.2708333333
2014.0,9.0,10.0,15.0,27.4325,81.3785,14.8,46.0083333333,260.916666667,0.0,0.458333333333,196.75,0.0,1.364875,720.0,10736.8046875,63.5
2014.0,9.0,10.0,16.0,26.845,80.321,15.0416666667,48.3583333333,174.25,0.0333333333333,0.458333333333,265.916666667,0.0,1.27675,720.0,10736.8046875,63.5833333333
2014.0,9.0,10.0,17.0,25.9116666667,78.641,16.2216666667,55.1083333333,104.916666667,0.208333333333,1.83333333333,282.583333333,0.0,1.13675,720.0,10736.8046875,63.5208333333
2014.0,9.0,10.0,18.0,24.7475,76.5455,17.2325,63.4333333333,77.3333333333,0.625,3.65,301.916666667,0.0,0.962125,720.0,10736.8046875,62.7083333333
2014.0,9.0,10.0,19.0,22.5425,72.5765,18.2741666667,76.7333333333,1.0,0.65,3.59166666667,289.416666667,0.0,0.631375,720.0,10736.8046875,61.9375
2014.0,9.0,10.0,20.0,21.4825,70.6685,17.8983333333,79.9416666667,1.0,0.666666666667,3.88333333333,291.416666667,0.0,0.472375,720.0,10736.8046875,60.75
2014.0,9.0,10.0,21.0,20.4425,68.7965,17.5225,83.225,1.0,0.233333333333,2.2,284.75,0.0,0.316375,720.0,10736.8046875,60.7291666667
2014.0,9.0,10.0,22.0,19.9066666667,67.832,17.3575,85.1333333333,1.0,0.05,1.125,294.583333333,0.0,0.236,720.0,10736.8046875,60.3333333333
2014.0,9.0,10.0,23.0,19.6816666667,67.427,17.3458333333,86.2666666667,1.0,0.0,0.266666666667,311.083333333,0.0,0.20225,720.0,10736.8046875,59.6875
2014.0,9.0,11.0,0.0,19.545,67.181,17.5175,87.95,1.0,0.2,2.39166666667,302.083333333,0.0,0.18175,720.0,10736.8046875,59.2083333333
2014.0,9.0,11.0,1.0,19.7641666667,67.5755,17.7216666667,87.8833333333,1.0,0.183333333333,2.35,303.75,0.0,0.214625,720.0,10736.8046875,59.2083333333
2014.0,9.0,11.0,2.0,20.0225,68.0405,18.0441666667,88.2666666667,1.0,0.0333333333333,1.18333333333,313.583333333,0.0,0.253375,720.0,10736.8046875,58.9375
2014.0,9.0,11.0,3.0,20.2908333333,68.5235,18.2425,87.9,1.0,0.0,0.1,296.916666667,0.0,0.293625,720.0,10736.8046875,58.7916666667
2014.0,9.0,11.0,4.0,20.51,68.918,18.435,87.775,1.0,0.0666666666667,1.6,304.25,0.0,0.3265,720.0,10736.8046875,59.2916666667
2014.0,9.0,11.0,5.0,20.5816666667,69.047,18.5275,87.8916666667,1.0,0.166666666667,2.0,300.75,0.0,0.33725,720.0,10736.8046875,59.3541666667
2014.0,9.0,11.0,6.0,21.0058333333,69.8105,18.7516666667,86.8333333333,3.75,0.0166666666667,0.525,314.416666667,0.0,0.400875,720.0,10736.8046875,60.1458333333
2014.0,9.0,11.0,7.0,21.5975,70.8755,19.0716666667,85.425,41.4166666667,0.266666666667,2.96666666667,319.5,0.0,0.489625,720.0,10736.8046875,59.0208333333
2014.0,9.0,11.0,8.0,22.7133333333,72.884,19.8833333333,83.95,80.1666666667,1.13333333333,6.21666666667,289.083333333,0.0,0.657,720.0,10736.8046875,59.9375
2014.0,9.0,11.0,9.0,24.5308333333,76.1555,20.2316666667,76.95,199.583333333,0.65,4.525,178.5,0.0,0.929625,720.0,10736.8046875,62.9791666667
2014.0,9.0,11.0,10.0,26.6033333333,79.886,20.2783333333,68.25,355.666666667,0.733333333333,4.96666666667,204.833333333,0.0,1.2405,720.0,10736.8046875,64.2708333333
2014.0,9.0,11.0,11.0,26.4083333333,79.535,20.555,70.225,341.166666667,2.00833333333,7.25,39.0833333333,0.0,1.21125,720.0,10736.8046875,65.6458333333
2014.0,9.0,11.0,12.0,25.8433333333,78.518,21.0916666667,74.975,129.833333333,0.933333333333,4.44166666667,38.5,0.0,1.1265,720.0,10736.8046875,65.3541666667
2014.0,9.0,11.0,13.0,27.6833333333,81.83,20.9375,66.775,454.333333333,0.458333333333,3.93333333333,35.5833333333,0.0,1.4025,720.0,10736.8046875,66.3541666667
2014.0,9.0,11.0,14.0,28.9416666667,84.095,21.7041666667,65.1833333333,520.5,0.741666666667,4.36666666667,31.4166666667,0.0,1.59125,720.0,10736.8046875,65.6875
2014.0,9.0,11.0,15.0,28.4941666667,83.2895,21.515,65.875,292.583333333,0.808333333333,4.34166666667,48.25,0.0,1.524125,720.0,10736.8046875,64.25
2014.0,9.0,11.0,16.0,28.6633333333,83.594,21.9183333333,66.8916666667,194.666666667,0.475,2.78333333333,49.8333333333,0.0,1.5495,720.0,10736.8046875,65.0
2014.0,9.0,11.0,17.0,28.915,84.047,22.0666666667,66.55,153.25,0.208333333333,1.9,42.9166666667,0.0,1.58725,720.0,10736.8046875,64.5833333333
2014.0,9.0,11.0,18.0,27.9208333333,82.2575,22.6275,72.8916666667,30.5,0.05,1.125,59.1666666667,0.0,1.438125,720.0,10736.8046875,63.4583333333
2014.0,9.0,11.0,19.0,26.7466666667,80.144,22.5375,77.625,1.16666666667,0.0,0.383333333333,60.4166666667,0.0,1.262,720.0,10736.8046875,62.25
2014.0,9.0,11.0,20.0,26.0566666667,78.902,22.2416666667,79.4083333333,1.0,0.0,0.0,62.3333333333,0.0,1.1585,720.0,10736.8046875,61.6875
2014.0,9.0,11.0,21.0,25.8916666667,78.605,21.765,77.9,1.0,0.1,1.19166666667,66.0833333333,0.0,1.13375,720.0,10736.8046875,61.5625
2014.0,9.0,11.0,22.0,25.1266666667,77.228,19.8716666667,72.6166666667,1.0,0.375,3.2,106.0,0.0,1.019,720.0,10736.8046875,61.9791666667
2014.0,9.0,11.0,23.0,24.2316666667,75.617,18.4225,69.9583333333,1.0,0.183333333333,1.85,115.5,0.0,0.88475,720.0,10736.8046875,60.6458333333
2014.0,9.0,12.0,0.0,23.0125,73.4225,17.83,72.5333333333,1.0,0.391666666667,3.4,160.5,0.0,0.701875,720.0,10736.8046875,60.0833333333
2014.0,9.0,12.0,1.0,21.5233333333,70.742,16.3725,72.4083333333,1.0,0.85,4.56666666667,162.416666667,0.0,0.4785,720.0,10736.8046875,59.5208333333
2014.0,9.0,12.0,2.0,20.1441666667,68.2595,15.295,73.5833333333,1.0,0.5,3.61666666667,151.083333333,0.0,0.271625,720.0,10736.8046875,59.75
2014.0,9.0,12.0,3.0,18.9658333333,66.1385,14.6225,75.8166666667,1.0,0.65,3.675,146.166666667,0.0,0.094875,720.0,10736.8046875,59.7708333333
2014.0,9.0,12.0,4.0,17.9558333333,64.3205,13.4533333333,74.875,1.0,0.658333333333,4.175,140.833333333,0.056625,0.0,720.0,10736.8046875,59.375
2014.0,9.0,12.0,5.0,17.0983333333,62.777,12.685,75.1666666667,1.0,0.616666666667,3.96666666667,155.083333333,0.18525,0.0,720.0,10736.8046875,58.8958333333
2014.0,9.0,12.0,6.0,16.5508333333,61.7915,12.1125,74.9833333333,9.0,0.458333333333,3.50833333333,160.916666667,0.267375,0.0,720.0,10736.8046875,59.1666666667
2014.0,9.0,12.0,7.0,17.8541666667,64.1375,11.49,66.2833333333,140.25,0.666666666667,4.41666666667,151.25,0.0770833333333,0.00520833333333,720.0,10736.8046875,58.75
2014.0,9.0,12.0,8.0,19.2191666667,66.5945,11.0816666667,59.2416666667,327.0,0.825,5.15,156.333333333,0.0,0.132875,720.0,10736.8046875,60.1041666667
2014.0,9.0,12.0,9.0,20.1116666667,68.201,11.0025,55.775,494.833333333,0.816666666667,4.6,167.916666667,0.0,0.26675,720.0,10736.8046875,60.5208333333
2014.0,9.0,12.0,10.0,21.9766666667,71.558,11.3341666667,50.8666666667,635.083333333,0.225,2.375,145.833333333,0.0,0.5465,720.0,10736.8046875,62.1875
2014.0,9.0,12.0,11.0,22.5991666667,72.6785,10.48,46.3083333333,732.666666667,0.383333333333,3.00833333333,141.416666667,0.0,0.639875,720.0,10736.8046875,62.75
2014.0,9.0,12.0,12.0,23.815,74.867,10.8391666667,44.0333333333,773.666666667,0.416666666667,2.89166666667,155.583333333,0.0,0.82225,720.0,10736.8046875,63.4375
2014.0,9.0,12.0,13.0,24.48,76.064,11.6741666667,44.6916666667,752.5,0.225,1.94166666667,121.75,0.0,0.922,720.0,10736.8046875,65.4791666667
2014.0,9.0,12.0,14.0,26.4308333333,79.5755,12.5558333333,42.2583333333,686.416666667,0.15,1.375,111.416666667,0.0,1.214625,720.0,10736.8046875,62.6666666667
2014.0,9.0,12.0,15.0,26.3175,79.3715,11.8825,40.6166666667,544.416666667,0.166666666667,1.60833333333,96.1666666667,0.0,1.197625,720.0,10736.8046875,62.0833333333
2014.0,9.0,12.0,16.0,27.12,80.816,12.7083333333,40.95,404.666666667,0.166666666667,2.25833333333,122.25,0.0,1.318,720.0,10736.8046875,62.0833333333
2014.0,9.0,12.0,17.0,26.2816666667,79.307,12.5358333333,42.525,228.5,0.291666666667,2.60833333333,106.083333333,0.0,1.19225,720.0,10736.8046875,57.6666666667
2014.0,9.0,12.0,18.0,23.8041666667,74.8475,12.7133333333,49.8416666667,53.25,0.258333333333,2.19166666667,118.0,0.0,0.820625,720.0,10736.8046875,59.75
2014.0,9.0,12.0,19.0,22.4766666667,72.458,12.515,53.2583333333,1.33333333333,0.133333333333,1.475,164.5,0.0,0.6215,720.0,10736.8046875,59.7083333333
2014.0,9.0,12.0,20.0,21.0816666667,69.947,13.3066666667,61.1,1.0,0.05,0.95,111.833333333,0.0,0.41225,720.0,10736.8046875,59.4166666667
2014.0,9.0,12.0,21.0,19.9841666667,67.9715,14.345,70.05,1.0,0.0,0.266666666667,219.333333333,0.0,0.247625,720.0,10736.8046875,58.8333333333
2014.0,9.0,12.0,22.0,19.1075,66.3935,15.1333333333,77.6666666667,1.0,0.0,0.0,280.666666667,0.0,0.116125,720.0,10736.8046875,58.8541666667
2014.0,9.0,12.0,23.0,18.555,65.399,13.2933333333,71.375,1.0,0.0166666666667,0.375,117.166666667,0.000166666666667,0.0334166666667,720.0,10736.8046875,58.3541666667
2014.0,9.0,13.0,0.0,18.0616666667,64.511,12.425,69.55,1.0,0.166666666667,2.00833333333,173.083333333,0.048,0.00725,0.0,10736.8046875,57.875
2014.0,9.0,13.0,1.0,17.1166666667,62.81,12.3275,73.35,1.0,0.233333333333,1.73333333333,175.833333333,0.1825,0.0,0.0,10736.8046875,57.0208333333
2014.0,9.0,13.0,2.0,17.255,63.059,11.77,70.1,1.0,0.3,2.85,197.333333333,0.16175,0.0,0.0,10736.8046875,56.7083333333
2014.0,9.0,13.0,3.0,16.8141666667,62.2655,11.245,69.6166666667,1.0,0.466666666667,3.26666666667,198.5,0.227875,0.0,0.0,10736.8046875,56.5625
2014.0,9.0,13.0,4.0,16.7491666667,62.1485,11.3733333333,70.5,1.0,0.258333333333,2.225,190.833333333,0.237625,0.0,0.0,10736.8046875,57.1875
2014.0,9.0,13.0,5.0,16.5016666667,61.703,11.5658333333,72.5333333333,1.0,0.475,3.16666666667,189.0,0.27475,0.0,0.0,10736.8046875,56.375
2014.0,9.0,13.0,6.0,16.5325,61.7585,11.9166666667,74.0916666667,7.08333333333,0.475,2.90833333333,188.25,0.270125,0.0,0.0,10736.8046875,57.3125
2014.0,9.0,13.0,7.0,17.0133333333,62.624,12.3083333333,73.7416666667,62.75,0.341666666667,2.325,189.666666667,0.198,0.0,0.0,10736.8046875,55.4791666667
2014.0,9.0,13.0,8.0,17.8158333333,64.0685,12.9058333333,72.9,94.25,0.0833333333333,1.45,190.25,0.0789583333333,0.00133333333333,0.0,10736.8046875,56.0416666667
2014.0,9.0,13.0,9.0,19.3233333333,66.782,13.8633333333,70.6583333333,195.166666667,0.1,1.48333333333,204.75,0.00229166666667,0.150791666667,0.0,10736.8046875,55.6458333333
2014.0,9.0,13.0,10.0,20.4675,68.8415,15.125,71.3583333333,180.25,0.25,2.09166666667,229.083333333,0.0,0.320125,0.0,10736.8046875,57.0
2014.0,9.0,13.0,11.0,21.8375,71.3075,16.3033333333,70.75,162.666666667,0.175,1.925,261.833333333,0.0,0.525625,0.0,10736.8046875,57.8333333333
2014.0,9.0,13.0,12.0,20.9733333333,69.752,17.1658333333,79.1333333333,64.0833333333,0.216666666667,2.40833333333,270.25,0.0,0.396,0.0,10736.8046875,58.5833333333
2014.0,9.0,13.0,13.0,18.8308333333,65.8955,18.305,96.6083333333,62.3333333333,0.0,0.0833333333333,279.833333333,0.0,0.074625,0.0,10736.8046875,58.9583333333
2014.0,9.0,13.0,14.0,19.0966666667,66.374,-28.3016666667,12.8916666667,50.5,0.0,0.0,130.75,0.0,0.1145,0.0,10736.8046875,58.6041666667
2014.0,9.0,13.0,15.0,19.0358333333,66.2645,-38.3558333333,1.0,43.5,0.0,0.141666666667,107.916666667,0.0,0.105375,0.0,10736.8046875,58.7708333333
2014.0,9.0,13.0,16.0,18.5191666667,65.3345,-38.6683333333,1.0,31.5833333333,0.0166666666667,0.4,112.666666667,0.00991666666667,0.0377916666667,0.0,10736.8046875,59.25
2014.0,9.0,13.0,17.0,18.2266666667,64.808,-38.8441666667,1.0,37.6666666667,0.0333333333333,0.316666666667,113.166666667,0.0160833333333,8.33333333333e-05,0.0,10736.8046875,59.5833333333
2014.0,9.0,13.0,18.0,18.2316666667,64.817,2.76416666667,68.3416666667,18.1666666667,0.358333333333,3.5,104.833333333,0.0177083333333,0.00245833333333,0.0,10736.8046875,59.6041666667
2014.0,9.0,13.0,19.0,17.57,63.626,16.2408333333,91.7916666667,1.08333333333,0.333333333333,2.55,121.5,0.1145,0.0,0.0,10736.8046875,59.625
2014.0,9.0,13.0,20.0,16.8025,62.2445,15.1341666667,89.775,1.0,1.15833333333,5.15,113.5,0.229625,0.0,0.0,10736.8046875,59.9791666667
2014.0,9.0,13.0,21.0,16.0341666667,60.8615,14.6725,91.525,1.0,0.116666666667,1.6,119.25,0.344875,0.0,0.0,10736.8046875,59.25
2014.0,9.0,13.0,22.0,15.4883333333,59.879,14.2783333333,92.3916666667,1.0,0.166666666667,1.89166666667,103.333333333,0.42675,0.0,0.0,10736.8046875,58.5416666667
2014.0,9.0,13.0,23.0,15.1641666667,59.2955,13.8733333333,91.8916666667,1.0,0.4,2.53333333333,104.0,0.475375,0.0,0.0,10736.8046875,56.8958333333
2014.0,9.0,14.0,0.0,14.6866666667,58.436,13.4516666667,92.2166666667,1.0,0.941666666667,4.14166666667,109.833333333,0.547,0.0,0.0,10736.8046875,56.3958333333
2014.0,9.0,14.0,1.0,13.8008333333,56.8415,12.9033333333,94.225,1.0,0.191666666667,1.54166666667,145.25,0.679875,0.0,0.0,10736.8046875,56.5208333333
2014.0,9.0,14.0,2.0,13.4133333333,56.144,12.5033333333,94.1333333333,1.0,0.183333333333,1.85,132.666666667,0.738,0.0,0.0,10736.8046875,56.1875
2014.0,9.0,14.0,3.0,12.8933333333,55.208,11.9233333333,93.7333333333,1.0,0.0333333333333,0.666666666667,168.333333333,0.816,0.0,0.0,10736.8046875,55.8125
2014.0,9.0,14.0,4.0,12.4458333333,54.4025,11.3441666667,92.9083333333,1.0,0.116666666667,1.23333333333,126.583333333,0.883125,0.0,0.0,10736.8046875,56.0625
2014.0,9.0,14.0,5.0,11.805,53.249,10.6791666667,92.7333333333,1.0,0.0666666666667,1.075,148.333333333,0.97925,0.0,0.0,10736.8046875,55.9791666667
2014.0,9.0,14.0,6.0,11.4016666667,52.523,9.93166666667,90.6,6.5,0.0166666666667,0.791666666667,129.083333333,1.03975,0.0,0.0,10736.8046875,55.8125
2014.0,9.0,14.0,7.0,13.8408333333,56.9135,9.06666666667,73.0083333333,149.083333333,0.425,2.68333333333,151.083333333,0.673875,0.0,0.0,10736.8046875,54.75
2014.0,9.0,14.0,8.0,15.2333333333,59.42,8.53666666667,64.2583333333,344.083333333,0.666666666667,3.85833333333,152.5,0.465,0.0,0.0,10736.8046875,54.75
2014.0,9.0,14.0,9.0,16.0141666667,60.8255,8.11,59.4583333333,511.583333333,0.833333333333,4.36666666667,143.916666667,0.347875,0.0,0.0,10736.8046875,54.5625
2014.0,9.0,14.0,10.0,17.6558333333,63.7805,7.94333333333,53.0666666667,650.583333333,0.441666666667,2.925,157.583333333,0.12875,0.027125,0.0,10736.8046875,55.6875
2014.0,9.0,14.0,11.0,18.5591666667,65.4065,8.04583333333,50.4166666667,661.416666667,0.266666666667,1.78333333333,135.25,0.0373333333333,0.0712083333333,0.0,10736.8046875,56.1875
2014.0,9.0,14.0,12.0,19.3358333333,66.8045,7.93666666667,47.6416666667,742.833333333,0.0666666666667,1.18333333333,133.25,0.0,0.150375,0.0,10736.8046875,57.3541666667
2014.0,9.0,14.0,13.0,20.4566666667,68.822,8.88333333333,47.3583333333,659.916666667,0.075,1.16666666667,163.833333333,0.0,0.3185,0.0,10736.8046875,57.2916666667
2014.0,9.0,14.0,14.0,22.7225,72.9005,9.52666666667,43.2083333333,682.166666667,0.0333333333333,1.025,121.75,0.0,0.658375,0.0,10736.8046875,57.375
2014.0,9.0,14.0,15.0,21.7408333333,71.1335,9.38,45.2916666667,517.916666667,0.1,1.325,78.75,0.0,0.511125,0.0,10736.8046875,57.7708333333
2014.0,9.0,14.0,16.0,22.0566666667,71.702,9.98416666667,46.45,341.416666667,0.0833333333333,1.23333333333,76.4166666667,0.0,0.5585,0.0,10736.8046875,57.8125
2014.0,9.0,14.0,17.0,21.56,70.808,9.13416666667,45.1583333333,241.0,0.0333333333333,0.908333333333,61.5833333333,0.0,0.484,0.0,10736.8046875,56.875
2014.0,9.0,14.0,18.0,18.7108333333,65.6795,10.0475,57.0833333333,36.3333333333,0.0666666666667,1.01666666667,58.3333333333,0.00370833333333,0.0603333333333,0.0,10736.8046875,58.3333333333
2014.0,9.0,14.0,19.0,17.8191666667,64.0745,10.34,61.525,1.66666666667,0.0,0.55,58.6666666667,0.077125,0.0,0.0,10736.8046875,57.4791666667
2014.0,9.0,14.0,20.0,16.85,62.33,10.7591666667,67.2833333333,1.0,0.0333333333333,0.625,53.5,0.2225,0.0,0.0,10736.8046875,56.3125
2014.0,9.0,14.0,21.0,15.8991666667,60.6185,10.8166666667,71.725,1.0,0.05,0.65,54.3333333333,0.365125,0.0,0.0,10736.8046875,56.2916666667
2014.0,9.0,14.0,22.0,15.2508333333,59.4515,10.6491666667,73.95,1.0,0.0,0.208333333333,66.3333333333,0.462375,0.0,0.0,10736.8046875,56.625
2014.0,9.0,14.0,23.0,14.6883333333,58.439,10.4408333333,75.6083333333,1.0,0.0166666666667,0.508333333333,76.5,0.54675,0.0,0.0,10736.8046875,55.9583333333
2014.0,9.0,15.0,0.0,14.2525,57.6545,10.0308333333,75.6583333333,1.0,0.0,0.175,84.1666666667,0.612125,0.0,720.0,10736.8046875,56.1458333333
2014.0,9.0,15.0,1.0,13.7741666667,56.7935,9.85916666667,77.1666666667,1.0,0.0,0.316666666667,75.0833333333,0.683875,0.0,720.0,10736.8046875,55.5208333333
2014.0,9.0,15.0,2.0,13.205,55.769,9.63166666667,78.875,1.0,0.0333333333333,0.641666666667,75.0,0.76925,0.0,720.0,10736.8046875,55.7083333333
2014.0,9.0,15.0,3.0,12.5883333333,54.659,9.355,80.6083333333,1.0,0.0,0.708333333333,103.583333333,0.86175,0.0,720.0,10736.8046875,53.7291666667
2014.0,9.0,15.0,4.0,12.4941666667,54.4895,9.22416666667,80.3916666667,1.0,0.216666666667,1.69166666667,113.083333333,0.875875,0.0,720.0,10736.8046875,54.5833333333
2014.0,9.0,15.0,5.0,11.9358333333,53.4845,9.19583333333,83.25,1.0,0.0833333333333,1.43333333333,148.75,0.959625,0.0,720.0,10736.8046875,54.2083333333
2014.0,9.0,15.0,6.0,11.475,52.655,9.07,85.0916666667,8.08333333333,0.25,2.4,162.75,1.02875,0.0,720.0,10736.8046875,54.2708333333
2014.0,9.0,15.0,7.0,13.855,56.939,8.67666666667,70.9916666667,149.0,0.0666666666667,1.125,163.5,0.67175,0.0,720.0,10736.8046875,53.2291666667
2014.0,9.0,15.0,8.0,16.7475,62.1455,7.9275,56.0833333333,328.083333333,0.216666666667,1.91666666667,197.583333333,0.237875,0.0,720.0,10736.8046875,55.5
2014.0,9.0,15.0,9.0,18.3775,65.0795,7.90166666667,50.55,498.666666667,0.241666666667,1.91666666667,196.416666667,0.0474166666667,0.0540416666667,720.0,10736.8046875,47.7291666667
2014.0,9.0,15.0,10.0,20.6533333333,69.176,7.25416666667,41.875,638.0,0.0833333333333,1.325,217.75,0.0,0.348,720.0,10736.8046875,49.5416666667
2014.0,9.0,15.0,11.0,21.6033333333,70.886,6.71166666667,38.0833333333,753.75,0.15,2.025,221.333333333,0.0,0.4905,720.0,10736.8046875,36.4893617021
2014.0,9.0,15.0,12.0,22.2958333333,72.1325,6.59833333333,36.225,768.0,0.05,0.833333333333,199.333333333,0.0,0.594375,720.0,10736.8046875,57.6388888889
2014.0,9.0,15.0,13.0,22.8241666667,73.0835,8.15583333333,39.0083333333,742.416666667,0.05,0.783333333333,153.166666667,0.0,0.673625,720.0,10736.8046875,80.6111111111
2014.0,9.0,15.0,14.0,24.33,75.794,8.34833333333,36.25,667.25,0.0833333333333,1.0,117.666666667,0.0,0.8995,720.0,10736.8046875,20.5
2014.0,9.0,15.0,15.0,23.8825,74.9885,8.21833333333,36.8333333333,549.75,0.275,1.83333333333,176.666666667,0.0,0.832375,720.0,10736.8046875,13.1666666667
2014.0,9.0,15.0,16.0,23.5883333333,74.459,8.98583333333,39.5,356.0,0.283333333333,2.3,112.416666667,0.0,0.78825,720.0,10736.8046875,0.0
2014.0,9.0,15.0,17.0,22.1916666667,71.945,9.115,43.2916666667,197.25,0.175,1.94166666667,39.6666666667,0.0,0.57875,720.0,10736.8046875,0.0
2014.0,9.0,15.0,18.0,20.31,68.558,10.125,52.0,34.5,0.208333333333,1.78333333333,142.666666667,0.0,0.2965,720.0,10736.8046875,0.0
2014.0,9.0,15.0,19.0,19.1675,66.5015,10.6875,57.875,1.0,0.0833333333333,1.23333333333,46.5,0.0,0.125125,720.0,10736.8046875,0.0
2014.0,9.0,15.0,20.0,18.6691666667,65.6045,11.0941666667,61.325,1.0,0.0666666666667,1.3,106.833333333,0.0,0.050375,720.0,10736.8046875,0.0
2014.0,9.0,15.0,21.0,18.1533333333,64.676,11.1283333333,63.4916666667,1.0,0.0,0.525,43.5833333333,0.0299166666667,0.00291666666667,720.0,10736.8046875,0.0
2014.0,9.0,15.0,22.0,17.6366666667,63.746,11.2183333333,65.9833333333,1.0,0.0,0.0,53.0,0.1045,0.0,720.0,10736.8046875,0.0
2014.0,9.0,15.0,23.0,17.0875,62.7575,11.3733333333,69.0166666667,1.0,0.0,0.275,279.75,0.186875,0.0,720.0,10736.8046875,0.0
2014.0,9.0,16.0,0.0,16.8466666667,62.324,11.5291666667,70.7916666667,1.0,0.0,0.0166666666667,280.583333333,0.223,0.0,720.0,10736.8046875,0.0
2014.0,9.0,16.0,1.0,16.85,62.33,12.2116666667,74.075,1.0,0.0,0.05,288.666666667,0.2225,0.0,720.0,10736.8046875,24.4444444444
2014.0,9.0,17.0,10.0,21.8841666667,71.3915,8.21333333333,41.575,623.333333333,0.183333333333,1.59166666667,216.416666667,0.0,0.532625,720.0,10736.8046875,0.0
2014.0,9.0,17.0,11.0,22.5108333333,72.5195,7.84083333333,38.975,676.583333333,0.1,1.20833333333,177.416666667,0.0,0.626625,720.0,10736.8046875,0.0
2014.0,9.0,17.0,12.0,23.0841666667,73.5515,8.01083333333,38.075,703.25,0.133333333333,1.63333333333,114.75,0.0,0.712625,720.0,10736.8046875,0.0
2014.0,9.0,17.0,13.0,22.7608333333,72.9695,8.87166666667,41.1666666667,600.416666667,0.258333333333,1.95,118.666666667,0.0,0.664125,720.0,10736.8046875,0.0
2014.0,9.0,17.0,14.0,23.9425,75.0965,9.04,38.85,440.166666667,0.183333333333,1.78333333333,65.1666666667,0.0,0.841375,720.0,10736.8046875,0.0
2014.0,9.0,17.0,15.0,25.0625,77.1125,8.83916666667,35.8416666667,557.5,0.225,1.55,110.833333333,0.0,1.009375,720.0,10736.8046875,0.0
2014.0,9.0,17.0,16.0,25.135,77.243,9.59583333333,37.525,414.666666667,0.241666666667,1.61666666667,61.25,0.0,1.02025,720.0,10736.8046875,0.0
2014.0,9.0,17.0,17.0,23.3458333333,74.0225,9.01166666667,40.0916666667,179.75,0.225,1.75,75.6666666667,0.0,0.751875,720.0,10736.8046875,0.0
2014.0,9.0,17.0,18.0,21.4116666667,70.541,9.4725,46.475,29.8333333333,0.175,1.18333333333,55.75,0.0,0.46175,720.0,10736.8046875,0.0
2014.0,9.0,17.0,19.0,20.3783333333,68.681,9.86333333333,50.8083333333,1.0,0.0,0.0833333333333,111.916666667,0.0,0.30675,720.0,10736.8046875,0.0
2014.0,9.0,17.0,20.0,19.6575,67.3835,9.93583333333,53.3916666667,1.0,0.0,0.0,122.583333333,0.0,0.198625,720.0,10736.8046875,0.0
2014.0,9.0,17.0,21.0,18.4975,65.2955,11.07,62.0666666667,1.0,0.0333333333333,0.391666666667,210.583333333,0.0145,0.039125,720.0,10736.8046875,0.0
2014.0,9.0,17.0,22.0,17.7358333333,63.9245,12.4583333333,71.1416666667,1.0,0.0333333333333,0.358333333333,298.0,0.089625,0.0,720.0,10736.8046875,0.0
2014.0,9.0,17.0,23.0,17.0758333333,62.7365,12.3725,73.7833333333,1.0,0.0,0.133333333333,293.416666667,0.188625,0.0,720.0,10736.8046875,0.0
2014.0,9.0,18.0,0.0,16.3466666667,61.424,12.35,77.1416666667,1.0,0.0,0.0,287.25,0.298,0.0,720.0,10736.8046875,0.0
2014.0,9.0,18.0,1.0,16.3291666667,61.3925,12.3066666667,77.0,1.0,0.0,0.075,100.5,0.300625,0.0,720.0,10736.8046875,0.0
2014.0,9.0,18.0,2.0,15.9408333333,60.6935,12.3266666667,79.0666666667,1.0,0.0,0.516666666667,42.8333333333,0.358875,0.0,720.0,10736.8046875,0.0
2014.0,9.0,18.0,3.0,15.1575,59.2835,12.3991666667,83.5166666667,1.0,0.0,0.0,50.75,0.476375,0.0,720.0,10736.8046875,0.0
2014.0,9.0,18.0,4.0,14.6266666667,58.328,11.6508333333,82.2666666667,1.0,0.0,0.0,66.6666666667,0.556,0.0,720.0,10736.8046875,0.0
2014.0,9.0,18.0,5.0,14.5791666667,58.2425,11.28,80.525,1.0,0.0,0.0,117.0,0.563125,0.0,720.0,10736.8046875,0.0
2014.0,9.0,18.0,6.0,15.0933333333,59.168,11.1458333333,77.2166666667,9.91666666667,0.0,0.0333333333333,100.083333333,0.486,0.0,720.0,10736.8046875,0.0
2014.0,9.0,18.0,7.0,17.5516666667,63.593,10.8991666667,65.1166666667,121.0,0.0,0.241666666667,113.75,0.1345,0.01725,720.0,10736.8046875,0.0
2014.0,9.0,18.0,8.0,19.6833333333,67.43,11.9925,61.1583333333,236.75,0.0,0.383333333333,93.0833333333,0.00166666666667,0.204166666667,720.0,10736.8046875,0.0
2014.0,9.0,18.0,9.0,22.1466666667,71.864,12.6308333333,54.7666666667,423.416666667,0.0666666666667,0.958333333333,81.5833333333,0.0,0.572,720.0,10736.8046875,0.0
2014.0,9.0,18.0,10.0,22.6333333333,72.74,11.4958333333,49.4333333333,441.5,0.15,1.5,51.0,0.0,0.645,720.0,10736.8046875,0.0
2014.0,9.0,18.0,11.0,24.465,76.037,11.075,43.1083333333,581.916666667,0.216666666667,1.775,45.5833333333,0.0,0.91975,720.0,10736.8046875,32.2678571429
2014.0,9.0,18.0,12.0,23.5958333333,74.4725,11.8816666667,47.875,333.666666667,0.133333333333,1.45,121.083333333,0.0,0.789375,720.0,10736.8046875,65.2291666667
2014.0,9.0,18.0,13.0,23.2483333333,73.847,12.0291666667,49.3083333333,168.416666667,0.05,0.45,180.583333333,0.0,0.73725,720.0,10736.8046875,63.6041666667
2014.0,9.0,18.0,14.0,21.8675,71.3615,13.5583333333,59.175,155.916666667,0.791666666667,3.75,46.0,0.0,0.530125,720.0,10736.8046875,58.3846153846
2014.0,9.0,18.0,15.0,21.8,71.24,14.1333333333,61.6833333333,268.5,1.29166666667,4.84166666667,56.3333333333,0.0,0.52,720.0,10736.8046875,64.0208333333
2014.0,9.0,18.0,16.0,23.4158333333,74.1485,13.3608333333,53.3083333333,369.416666667,0.658333333333,3.66666666667,53.25,0.0,0.762375,720.0,10736.8046875,63.8541666667
2014.0,9.0,18.0,17.0,23.315,73.967,12.7991666667,51.5833333333,200.166666667,0.325,2.61666666667,49.3333333333,0.0,0.74725,720.0,10736.8046875,64.4375
2014.0,9.0,18.0,18.0,21.1866666667,70.136,13.4108333333,61.2666666667,36.25,0.2,1.61666666667,56.0833333333,0.0,0.428,720.0,10736.8046875,60.9166666667
2014.0,9.0,18.0,19.0,19.9091666667,67.8365,14.0391666667,68.8666666667,1.0,0.0166666666667,0.525,59.25,0.0,0.236375,720.0,10736.8046875,61.8958333333
2014.0,9.0,18.0,20.0,19.1808333333,66.5255,14.1216666667,72.4333333333,1.0,0.0,0.191666666667,57.5,0.0,0.127125,720.0,10736.8046875,61.2291666667
2014.0,9.0,18.0,21.0,18.5408333333,65.3735,14.295,76.2416666667,1.0,0.05,0.85,56.4166666667,0.007125,0.03825,720.0,10736.8046875,60.25
2014.0,9.0,18.0,22.0,17.8691666667,64.1645,14.1325,78.6916666667,1.0,0.0,0.266666666667,95.75,0.069625,0.0,720.0,10736.8046875,59.3333333333
2014.0,9.0,18.0,23.0,17.335,63.203,13.2116666667,76.65,1.0,0.116666666667,1.13333333333,126.083333333,0.14975,0.0,720.0,10736.8046875,58.6875
2014.0,9.0,19.0,0.0,16.8333333333,62.3,11.9858333333,73.0166666667,1.0,0.366666666667,2.7,149.25,0.225,0.0,720.0,10736.8046875,58.0208333333
2014.0,9.0,19.0,1.0,16.1133333333,61.004,11.1933333333,72.55,1.0,0.35,2.63333333333,154.333333333,0.333,0.0,720.0,10736.8046875,57.3958333333
2014.0,9.0,19.0,2.0,15.3233333333,59.582,10.9441666667,75.0583333333,1.0,0.783333333333,3.75,170.833333333,0.4515,0.0,720.0,10736.8046875,57.1041666667
2014.0,9.0,19.0,3.0,14.9791666667,58.9625,10.9758333333,76.8916666667,1.0,1.55,5.39166666667,176.083333333,0.503125,0.0,720.0,10736.8046875,56.9583333333
2014.0,9.0,19.0,4.0,14.4216666667,57.959,10.8216666667,78.9,1.0,0.991666666667,4.275,175.416666667,0.58675,0.0,720.0,10736.8046875,56.8541666667
2014.0,9.0,19.0,5.0,13.9991666667,57.1985,10.6233333333,80.025,1.0,0.541666666667,3.80833333333,170.416666667,0.650125,0.0,720.0,10736.8046875,57.0625
2014.0,9.0,19.0,6.0,13.55,56.39,10.2583333333,80.4166666667,6.33333333333,0.466666666667,3.68333333333,178.083333333,0.7175,0.0,720.0,10736.8046875,58.125
2014.0,9.0,19.0,7.0,14.8616666667,58.751,9.59166666667,70.725,96.3333333333,0.816666666667,4.29166666667,182.75,0.52075,0.0,720.0,10736.8046875,57.8541666667
2014.0,9.0,19.0,8.0,16.3658333333,61.4585,9.88583333333,65.4916666667,275.416666667,1.2,4.775,190.666666667,0.295125,0.0,720.0,10736.8046875,58.5833333333
2014.0,9.0,19.0,9.0,17.7491666667,63.9485,10.2141666667,61.3583333333,491.333333333,1.03333333333,5.03333333333,203.0,0.0965,0.008875,720.0,10736.8046875,52.9285714286
2014.0,9.0,19.0,10.0,18.1016666667,64.583,10.9775,63.15,395.166666667,0.958333333333,5.08333333333,219.333333333,0.0624583333333,0.0277083333333,720.0,10736.8046875,61.25
2014.0,9.0,19.0,11.0,18.635,65.543,10.8258333333,60.475,383.75,0.525,4.06666666667,218.75,0.0246666666667,0.0699166666667,720.0,10736.8046875,61.2916666667
2014.0,9.0,19.0,12.0,19.5383333333,67.169,10.5883333333,56.2083333333,467.75,0.441666666667,3.51666666667,224.666666667,0.0,0.18075,720.0,10736.8046875,62.375
2014.0,9.0,19.0,13.0,20.7525,69.3545,11.0975,53.9666666667,599.583333333,0.491666666667,3.38333333333,218.0,0.0,0.362875,720.0,10736.8046875,61.0416666667
2014.0,9.0,19.0,14.0,21.6958333333,71.0525,11.0666666667,50.8666666667,475.416666667,0.475,3.25,235.5,0.0,0.504375,720.0,10736.8046875,61.4166666667
2014.0,9.0,19.0,15.0,21.5641666667,70.8155,11.2775,51.9083333333,418.833333333,0.358333333333,2.73333333333,263.333333333,0.0,0.484625,720.0,10736.8046875,60.875
2014.0,9.0,19.0,16.0,20.0675,68.1215,11.7675,58.9083333333,186.833333333,0.766666666667,3.80833333333,252.333333333,0.0,0.260125,720.0,10736.8046875,63.0208333333
2014.0,9.0,19.0,17.0,19.4983333333,67.097,11.85,61.35,152.333333333,0.733333333333,3.71666666667,260.916666667,0.00254166666667,0.177291666667,720.0,10736.8046875,62.9791666667
2014.0,9.0,19.0,18.0,17.5675,63.6215,12.3516666667,71.525,33.0833333333,0.591666666667,3.93333333333,268.333333333,0.128125,0.01325,720.0,10736.8046875,61.2916666667
2014.0,9.0,19.0,19.0,16.3775,61.4795,12.6025,78.275,1.0,0.491666666667,3.23333333333,267.083333333,0.293375,0.0,720.0,10736.8046875,60.7916666667
2014.0,9.0,19.0,20.0,15.7758333333,60.3965,12.6158333333,81.4083333333,1.0,0.35,2.51666666667,227.583333333,0.383625,0.0,720.0,10736.8046875,60.625
2014.0,9.0,19.0,21.0,15.535,59.963,12.6475,82.8333333333,1.0,0.25,2.55833333333,223.833333333,0.41975,0.0,720.0,10736.8046875,59.5625
2014.0,9.0,19.0,22.0,15.3983333333,59.717,12.7458333333,84.1166666667,1.0,0.416666666667,3.2,223.166666667,0.44025,0.0,720.0,10736.8046875,59.3125
2014.0,9.0,19.0,23.0,15.3258333333,59.5865,12.89,85.3,1.0,0.291666666667,2.91666666667,223.583333333,0.451125,0.0,720.0,10736.8046875,57.8541666667
2014.0,9.0,20.0,0.0,15.5916666667,60.065,13.1175,85.1166666667,1.0,0.183333333333,1.95,251.5,0.41125,0.0,0.0,10736.8046875,57.7708333333
2014.0,9.0,20.0,1.0,15.2183333333,59.393,13.0175,86.6166666667,1.0,0.0666666666667,0.933333333333,274.166666667,0.46725,0.0,0.0,10736.8046875,57.25
2014.0,9.0,20.0,2.0,15.1808333333,59.3255,13.0966666667,87.275,1.0,0.0,0.0166666666667,262.666666667,0.472875,0.0,0.0,10736.8046875,56.3333333333
2014.0,9.0,20.0,3.0,15.86,60.548,13.5291666667,85.9416666667,1.0,0.0,0.15,278.833333333,0.371,0.0,0.0,10736.8046875,56.8333333333
2014.0,9.0,20.0,4.0,15.4675,59.8415,13.3825,87.2916666667,1.0,0.0,0.0666666666667,196.333333333,0.429875,0.0,0.0,10736.8046875,57.3333333333
2014.0,9.0,20.0,5.0,15.2916666667,59.525,13.2633333333,87.6,1.0,0.0,0.233333333333,186.0,0.45625,0.0,0.0,10736.8046875,56.9375
2014.0,9.0,20.0,6.0,14.795,58.631,12.8816666667,88.2083333333,7.75,0.0,0.1,176.333333333,0.53075,0.0,0.0,10736.8046875,57.0208333333
2014.0,9.0,20.0,7.0,16.3091666667,61.3565,12.9933333333,80.7416666667,91.0,0.0,0.108333333333,182.583333333,0.303625,0.0,0.0,10736.8046875,55.9375
2014.0,9.0,20.0,8.0,20.455,68.819,13.5716666667,64.9333333333,313.333333333,0.0,0.0,190.083333333,0.00104166666667,0.319291666667,0.0,10736.8046875,55.8125
2014.0,9.0,20.0,9.0,22.1225,71.8205,13.9591666667,59.9166666667,462.083333333,0.0333333333333,0.608333333333,277.75,0.0,0.568375,0.0,10736.8046875,56.1458333333
2014.0,9.0,20.0,10.0,23.8458333333,74.9225,14.4566666667,55.7166666667,499.166666667,0.458333333333,2.74166666667,304.083333333,0.0,0.826875,0.0,10736.8046875,57.75
2014.0,9.0,20.0,11.0,25.3041666667,77.5475,14.38,51.025,663.083333333,0.666666666667,3.8,327.666666667,0.0,1.045625,0.0,10736.8046875,58.625
2014.0,9.0,20.0,12.0,25.12,77.216,15.0275,53.5583333333,367.416666667,0.3,2.86666666667,327.083333333,0.0,1.018,0.0,10736.8046875,58.5208333333
2014.0,9.0,20.0,13.0,25.8516666667,78.533,14.9841666667,51.1,508.0,0.475,3.08333333333,313.25,0.0,1.12775,0.0,10736.8046875,59.375
2014.0,9.0,20.0,14.0,27.7083333333,81.875,15.1725,46.5083333333,616.75,0.741666666667,3.875,333.833333333,0.0,1.40625,0.0,10736.8046875,59.6666666667
2014.0,9.0,20.0,15.0,27.075,80.735,15.565,49.425,560.583333333,1.04166666667,5.06666666667,330.75,0.0,1.31125,0.0,10736.8046875,59.5625
2014.0,9.0,20.0,16.0,26.2408333333,79.2335,15.7366666667,52.45,326.583333333,1.01666666667,4.93333333333,316.833333333,0.0,1.186125,0.0,10736.8046875,59.5
2014.0,9.0,20.0,17.0,25.6225,78.1205,15.2416666667,52.6583333333,200.666666667,0.975,4.36666666667,297.083333333,0.0,1.093375,0.0,10736.8046875,59.4375
2014.0,9.0,20.0,18.0,23.1291666667,73.6325,15.1766666667,60.8833333333,27.75,0.433333333333,2.96666666667,289.583333333,0.0,0.719375,0.0,10736.8046875,58.3541666667
2014.0,9.0,20.0,19.0,22.0175,71.6315,15.7966666667,67.75,1.0,0.175,1.675,289.083333333,0.0,0.552625,0.0,10736.8046875,58.25
2014.0,9.0,20.0,20.0,21.3566666667,70.442,17.0583333333,76.45,1.0,0.441666666667,2.95,285.916666667,0.0,0.4535,0.0,10736.8046875,58.7083333333
2014.0,9.0,20.0,21.0,20.5883333333,69.059,17.4441666667,82.0916666667,1.0,0.15,1.78333333333,281.25,0.0,0.33825,0.0,10736.8046875,58.25
2014.0,9.0,20.0,22.0,20.2341666667,68.4215,17.7041666667,85.275,1.0,0.0166666666667,0.433333333333,278.333333333,0.0,0.285125,0.0,10736.8046875,58.5625
2014.0,9.0,20.0,23.0,20.5241666667,68.9435,18.0233333333,85.4583333333,1.0,0.0,0.0833333333333,292.916666667,0.0,0.328625,0.0,10736.8046875,57.8541666667
2014.0,9.0,21.0,0.0,20.0766666667,68.138,18.1175,88.375,1.0,0.0,0.075,111.166666667,0.0,0.2615,0.0,10736.8046875,57.7291666667
2014.0,9.0,21.0,1.0,19.8166666667,67.67,18.0233333333,89.275,1.0,0.0,0.0833333333333,55.5,0.0,0.2225,0.0,10736.8046875,57.6875
2014.0,9.0,21.0,2.0,19.9608333333,67.9295,18.01,88.4,1.0,0.0,0.0,85.3333333333,0.0,0.244125,0.0,10736.8046875,58.0625
2014.0,9.0,21.0,3.0,19.2541666667,66.6575,17.5525,89.7583333333,1.0,0.0,0.0,109.916666667,0.0,0.138125,0.0,10736.8046875,57.3333333333
2014.0,9.0,21.0,4.0,18.6158333333,65.5085,17.1233333333,90.9083333333,1.0,0.0,0.0666666666667,191.833333333,0.000166666666667,0.0425416666667,0.0,10736.8046875,57.9166666667
2014.0,9.0,21.0,5.0,19.2125,66.5825,17.6541666667,90.575,1.0,0.0,0.0,232.416666667,0.0,0.131875,0.0,10736.8046875,57.5625
2014.0,9.0,21.0,6.0,19.1691666667,66.5045,17.7308333333,91.25,2.58333333333,0.0,0.283333333333,190.75,0.0,0.125375,0.0,10736.8046875,57.8125
2014.0,9.0,21.0,7.0,19.5416666667,67.175,17.8091666667,89.6083333333,30.3333333333,0.0,0.0,163.5,0.0,0.18125,0.0,10736.8046875,56.4166666667
2014.0,9.0,21.0,8.0,20.1366666667,68.246,18.1858333333,88.425,69.5833333333,0.0,0.05,175.666666667,0.0,0.2705,0.0,10736.8046875,56.0625
2014.0,9.0,21.0,9.0,20.7658333333,69.3785,18.4283333333,86.3833333333,137.833333333,0.0333333333333,0.5,168.0,0.0,0.364875,0.0,10736.8046875,56.1875
2014.0,9.0,21.0,10.0,21.54,70.772,18.7283333333,83.9333333333,211.75,0.0,0.141666666667,166.75,0.0,0.481,0.0,10736.8046875,57.2916666667
2014.0,9.0,21.0,11.0,22.8333333333,73.1,19.0466666667,79.1666666667,203.333333333,0.0,0.0166666666667,171.25,0.0,0.675,0.0,10736.8046875,58.2708333333
2014.0,9.0,21.0,12.0,25.1658333333,77.2985,18.9316666667,68.3916666667,456.5,0.0,0.208333333333,104.083333333,0.0,1.024875,0.0,10736.8046875,58.2916666667
2014.0,9.0,21.0,13.0,26.9391666667,80.4905,18.6683333333,60.525,454.083333333,0.0,0.0166666666667,215.166666667,0.0,1.290875,0.0,10736.8046875,58.4583333333
2014.0,9.0,21.0,14.0,27.0,80.6,17.8191666667,57.175,359.583333333,0.0,0.0833333333333,201.25,0.0,1.3,0.0,10736.8046875,58.125
2014.0,9.0,21.0,15.0,27.0583333333,80.705,18.025,57.8333333333,300.25,0.0,0.0,132.833333333,0.0,1.30875,0.0,10736.8046875,58.5833333333
2014.0,9.0,21.0,16.0,26.6625,79.9925,18.4225,60.65,262.083333333,0.0166666666667,0.45,296.833333333,0.0,1.249375,0.0,10736.8046875,58.5416666667
2014.0,9.0,21.0,17.0,27.4275,81.3695,18.0708333333,56.6833333333,220.833333333,0.0166666666667,0.366666666667,299.75,0.0,1.364125,0.0,10736.8046875,59.4791666667
2014.0,9.0,21.0,18.0,24.4241666667,75.9635,18.74,70.7333333333,29.0833333333,0.0666666666667,0.933333333333,113.666666667,0.0,0.913625,0.0,10736.8046875,59.1875
2014.0,9.0,21.0,19.0,23.125,73.625,19.2341666667,78.6416666667,1.0,0.0666666666667,0.875,47.5833333333,0.0,0.71875,0.0,10736.8046875,59.5
2014.0,9.0,21.0,20.0,22.6525,72.7745,19.2583333333,81.0416666667,1.0,0.0,0.35,139.416666667,0.0,0.647875,0.0,10736.8046875,58.9583333333
2014.0,9.0,21.0,21.0,21.9716666667,71.549,19.1383333333,83.8333333333,1.0,0.0333333333333,1.04166666667,46.25,0.0,0.54575,0.0,10736.8046875,58.3958333333
2014.0,9.0,21.0,22.0,21.9841666667,71.5715,18.8458333333,82.3666666667,1.0,0.641666666667,3.975,53.0833333333,0.0,0.547625,0.0,10736.8046875,59.5208333333
2014.0,9.0,21.0,23.0,22.4616666667,72.431,16.6383333333,69.6333333333,1.0,0.633333333333,4.18333333333,50.4166666667,0.0,0.61925,0.0,10736.8046875,58.2083333333
2014.0,9.0,22.0,0.0,21.6225,70.9205,17.245,76.0916666667,1.0,0.583333333333,4.05833333333,60.0,0.0,0.493375,720.0,10736.8046875,57.9375
2014.0,9.0,22.0,1.0,20.6858333333,69.2345,17.1458333333,80.0666666667,1.0,0.541666666667,4.25,74.0,0.0,0.352875,720.0,10736.8046875,58.5
2014.0,9.0,22.0,2.0,19.8275,67.6895,16.6175,81.6416666667,1.0,0.0333333333333,0.941666666667,62.75,0.0,0.224125,720.0,10736.8046875,57.4166666667
2014.0,9.0,22.0,3.0,19.0233333333,66.242,14.9491666667,77.1666666667,1.0,0.133333333333,1.75,64.4166666667,0.0,0.1035,720.0,10736.8046875,57.5833333333
2014.0,9.0,22.0,4.0,18.3466666667,65.024,13.6283333333,73.925,1.0,0.466666666667,3.79166666667,60.1666666667,0.021875,0.023875,720.0,10736.8046875,58.125
2014.0,9.0,22.0,5.0,17.7258333333,63.9065,12.0616666667,69.3583333333,1.0,0.575,4.375,64.5,0.091125,0.0,720.0,10736.8046875,57.7916666667
2014.0,9.0,22.0,6.0,17.1658333333,62.8985,11.1208333333,67.525,4.91666666667,0.758333333333,5.41666666667,61.9166666667,0.175125,0.0,720.0,10736.8046875,58.0833333333
2014.0,9.0,22.0,7.0,18.3666666667,65.06,10.7308333333,61.0416666667,85.5833333333,0.441666666667,3.5,61.9166666667,0.0260833333333,0.0310833333333,720.0,10736.8046875,56.7291666667
2014.0,9.0,22.0,8.0,19.8433333333,67.718,10.1791666667,53.6916666667,305.25,0.666666666667,4.91666666667,71.9166666667,0.0,0.2265,720.0,10736.8046875,57.9583333333
2014.0,9.0,22.0,9.0,20.0308333333,68.0555,9.86,51.9583333333,478.0,1.075,5.98333333333,77.75,0.0,0.254625,720.0,10736.8046875,59.5833333333
2014.0,9.0,22.0,10.0,20.4466666667,68.804,9.74166666667,50.2166666667,629.75,1.2,6.13333333333,86.1666666667,0.0,0.317,720.0,10736.8046875,61.5833333333
2014.0,9.0,22.0,11.0,20.43,68.774,9.79916666667,50.575,463.833333333,1.30833333333,5.71666666667,96.9166666667,0.0,0.3145,720.0,10736.8046875,62.8958333333
2014.0,9.0,22.0,12.0,21.2166666667,70.19,10.2783333333,49.65,339.416666667,0.566666666667,3.63333333333,85.8333333333,0.0,0.4325,720.0,10736.8046875,62.4791666667
2014.0,9.0,22.0,13.0,21.0833333333,69.95,10.1258333333,49.5083333333,392.25,0.833333333333,5.35833333333,97.8333333333,0.0,0.4125,720.0,10736.8046875,63.0208333333
2014.0,9.0,22.0,14.0,21.0366666667,69.866,10.1241666667,49.65,380.333333333,1.225,6.05,106.083333333,0.0,0.4055,720.0,10736.8046875,62.5
2014.0,9.0,22.0,15.0,20.6058333333,69.0905,9.73583333333,49.7,336.5,1.13333333333,5.675,89.1666666667,0.0,0.340875,720.0,10736.8046875,62.0
2014.0,9.0,22.0,16.0,22.0608333333,71.7095,8.92083333333,43.0833333333,381.25,0.933333333333,5.45,86.3333333333,0.0,0.559125,720.0,10736.8046875,61.8541666667
2014.0,9.0,22.0,17.0,21.6591666667,70.9865,8.61916666667,43.2083333333,237.666666667,0.7,4.41666666667,99.5,0.0,0.498875,720.0,10736.8046875,61.75
2014.0,9.0,22.0,18.0,18.5725,65.4305,8.58166666667,52.1666666667,28.1666666667,0.55,4.11666666667,85.0833333333,0.0195833333333,0.0554583333333,720.0,10736.8046875,60.2083333333
2014.0,9.0,22.0,19.0,17.3541666667,63.2375,8.595,56.3416666667,1.0,0.0333333333333,0.75,76.9166666667,0.146875,0.0,720.0,10736.8046875,60.25
2014.0,9.0,22.0,20.0,16.5641666667,61.8155,8.06416666667,57.1416666667,1.0,0.416666666667,3.11666666667,84.5833333333,0.265375,0.0,720.0,10736.8046875,60.0833333333
2014.0,9.0,22.0,21.0,15.565,60.017,7.49416666667,58.5916666667,1.0,0.266666666667,3.28333333333,91.25,0.41525,0.0,720.0,10736.8046875,59.4166666667
2014.0,9.0,22.0,22.0,14.6108333333,58.2995,7.18083333333,60.9666666667,1.0,0.4,3.95833333333,104.333333333,0.558375,0.0,720.0,10736.8046875,58.7291666667
2014.0,9.0,22.0,23.0,13.7808333333,56.8055,6.93083333333,63.2666666667,1.0,0.433333333333,2.85,119.916666667,0.682875,0.0,720.0,10736.8046875,57.5625
2014.0,9.0,23.0,0.0,12.755,54.959,6.80416666667,67.05,1.0,0.125,1.53333333333,136.583333333,0.83675,0.0,720.0,10736.8046875,57.25
2014.0,9.0,23.0,1.0,12.2241666667,54.0035,6.16583333333,66.425,1.0,0.133333333333,1.8,109.583333333,0.916375,0.0,720.0,10736.8046875,56.8333333333
2014.0,9.0,23.0,2.0,11.6916666667,53.045,5.885,67.4916666667,1.0,0.05,0.683333333333,111.25,0.99625,0.0,720.0,10736.8046875,56.4166666667
2014.0,9.0,23.0,3.0,11.1683333333,52.103,5.83,69.6,1.0,0.0166666666667,0.6,110.75,1.07475,0.0,720.0,10736.8046875,56.1458333333
2014.0,9.0,23.0,4.0,10.9716666667,51.749,5.69666666667,69.8666666667,1.0,0.25,1.80833333333,124.583333333,1.10425,0.0,720.0,10736.8046875,56.5208333333
2014.0,9.0,23.0,5.0,10.5841666667,51.0515,5.73916666667,71.9083333333,1.0,0.0833333333333,0.791666666667,106.166666667,1.162375,0.0,720.0,10736.8046875,56.3125
2014.0,9.0,23.0,6.0,10.3775,50.6795,5.75333333333,73.0083333333,5.66666666667,0.2,1.35,90.5,1.193375,0.0,720.0,10736.8046875,56.7916666667
2014.0,9.0,23.0,7.0,12.3041666667,54.1475,5.59916666667,63.5916666667,86.0833333333,0.383333333333,2.58333333333,112.5,0.904375,0.0,720.0,10736.8046875,56.1041666667
2014.0,9.0,23.0,8.0,14.57,58.226,5.63333333333,54.9833333333,269.5,0.516666666667,3.04166666667,142.916666667,0.5645,0.0,720.0,10736.8046875,58.0416666667
2014.0,9.0,23.0,9.0,15.8933333333,60.608,5.56,50.3583333333,474.5,0.766666666667,3.96666666667,159.333333333,0.366,0.0,720.0,10736.8046875,58.4791666667
2014.0,9.0,23.0,10.0,17.4041666667,63.3275,5.07916666667,44.175,606.416666667,0.391666666667,2.575,201.833333333,0.146166666667,0.00679166666667,720.0,10736.8046875,60.2916666667
2014.0,9.0,23.0,11.0,19.2391666667,66.6305,5.185,39.6666666667,686.5,0.0833333333333,1.09166666667,212.833333333,0.00641666666667,0.142291666667,720.0,10736.8046875,61.1041666667
2014.0,9.0,23.0,12.0,20.2566666667,68.462,6.09,39.6166666667,735.75,0.0333333333333,0.983333333333,205.666666667,0.0,0.2885,720.0,10736.8046875,61.1666666667
2014.0,9.0,23.0,13.0,21.1958333333,70.1525,6.30166666667,37.95,703.25,0.0666666666667,0.875,200.25,0.0,0.429375,720.0,10736.8046875,62.2708333333
2014.0,9.0,23.0,14.0,23.43,74.174,6.14083333333,32.8416666667,583.416666667,0.0166666666667,0.375,261.083333333,0.0,0.7645,720.0,10736.8046875,61.7916666667
2014.0,9.0,23.0,15.0,23.425,74.165,6.1225,32.7333333333,496.916666667,0.0166666666667,0.183333333333,239.5,0.0,0.76375,720.0,10736.8046875,62.6875
2014.0,9.0,23.0,16.0,24.8916666667,76.805,6.14333333333,30.0666666667,375.0,0.0166666666667,0.158333333333,235.833333333,0.0,0.98375,720.0,10736.8046875,62.0833333333
2014.0,9.0,23.0,17.0,23.7666666667,74.78,6.28333333333,32.475,185.0,0.0,0.0666666666667,218.083333333,0.0,0.815,720.0,10736.8046875,61.4166666667
2014.0,9.0,23.0,18.0,20.1066666667,68.192,7.12916666667,43.05,12.5,0.0,0.0833333333333,283.5,0.0,0.266,720.0,10736.8046875,62.3333333333
2014.0,9.0,23.0,19.0,18.6008333333,65.4815,9.265,54.5583333333,1.0,0.0,0.308333333333,240.333333333,0.00675,0.046875,720.0,10736.8046875,60.875
2014.0,9.0,23.0,20.0,17.6733333333,63.812,10.2433333333,61.7583333333,1.0,0.0333333333333,1.04166666667,174.0,0.100958333333,0.00195833333333,720.0,10736.8046875,59.9166666667
2014.0,9.0,23.0,21.0,16.7008333333,62.0615,10.5575,66.9916666667,1.0,0.0,0.075,66.8333333333,0.244875,0.0,720.0,10736.8046875,59.6875
2014.0,9.0,23.0,22.0,16.0608333333,60.9095,11.1441666667,72.5666666667,1.0,0.0,0.0,259.5,0.340875,0.0,720.0,10736.8046875,59.8125
2014.0,9.0,23.0,23.0,15.3625,59.6525,10.9258333333,74.7916666667,1.0,0.0,0.0,249.666666667,0.445625,0.0,720.0,10736.8046875,57.9791666667
2014.0,9.0,24.0,0.0,15.0525,59.0945,11.2533333333,77.975,1.0,0.0,0.0,259.833333333,0.492125,0.0,720.0,10736.8046875,57.5833333333
2014.0,9.0,24.0,1.0,14.6833333333,58.43,11.4183333333,80.7083333333,1.0,0.0,0.0,177.583333333,0.5475,0.0,720.0,10736.8046875,57.1666666667
2014.0,9.0,24.0,2.0,14.145,57.461,11.435,83.6583333333,1.0,0.0,0.0,164.5,0.62825,0.0,720.0,10736.8046875,57.3125
2014.0,9.0,24.0,3.0,13.9708333333,57.1475,11.4691666667,84.8,1.0,0.0,0.0916666666667,165.666666667,0.654375,0.0,720.0,10736.8046875,56.8541666667
2014.0,9.0,24.0,4.0,13.6716666667,56.609,11.3625,85.8583333333,1.0,0.0166666666667,0.625,173.333333333,0.69925,0.0,720.0,10736.8046875,56.625
2014.0,9.0,24.0,5.0,13.4408333333,56.1935,10.9175,84.6333333333,1.0,0.166666666667,1.38333333333,178.416666667,0.733875,0.0,720.0,10736.8046875,52.0833333333
2014.0,9.0,24.0,6.0,13.565,56.417,10.575,82.0583333333,3.08333333333,0.333333333333,2.3,183.916666667,0.71525,0.0,720.0,10736.8046875,57.3125
2014.0,9.0,24.0,7.0,14.2583333333,57.665,10.2991666667,77.0166666667,58.3333333333,0.3,2.425,192.333333333,0.61125,0.0,720.0,10736.8046875,56.9375
2014.0,9.0,24.0,8.0,16.2958333333,61.3325,11.2766666667,72.1416666667,181.416666667,0.283333333333,2.425,191.916666667,0.305625,0.0,720.0,10736.8046875,58.5833333333
2014.0,9.0,24.0,9.0,18.3991666667,65.1185,13.2591666667,71.9083333333,273.25,0.6,3.10833333333,216.583333333,0.0299583333333,0.0398333333333,720.0,10736.8046875,60.1458333333
2014.0,9.0,24.0,10.0,19.93,67.874,13.7591666667,67.6166666667,395.666666667,1.075,5.4,217.166666667,0.0,0.2395,720.0,10736.8046875,64.4166666667
2014.0,9.0,24.0,11.0,21.585,70.853,14.0183333333,62.05,525.75,1.24166666667,5.525,224.833333333,0.0,0.48775,720.0,10736.8046875,63.625
2014.0,9.0,24.0,12.0,22.7125,72.8825,14.0075,58.0083333333,400.166666667,0.908333333333,4.73333333333,230.833333333,0.0,0.656875,720.0,10736.8046875,64.0208333333
2014.0,9.0,24.0,13.0,22.9008333333,73.2215,12.9808333333,53.525,383.416666667,1.18333333333,5.35833333333,239.75,0.0,0.685125,720.0,10736.8046875,63.1875
2014.0,9.0,24.0,14.0,22.8358333333,73.1045,12.8066666667,53.15,392.666666667,1.68333333333,5.95833333333,234.25,0.0,0.675375,720.0,10736.8046875,63.7916666667
2014.0,9.0,24.0,15.0,22.5358333333,72.5645,12.6316666667,53.4833333333,312.083333333,1.03333333333,5.05,232.583333333,0.0,0.630375,720.0,10736.8046875,63.2708333333
2014.0,9.0,24.0,16.0,21.5125,70.7225,13.2825,59.45,189.75,1.4,5.28333333333,229.416666667,0.0,0.476875,720.0,10736.8046875,62.3958333333
2014.0,9.0,24.0,17.0,20.3366666667,68.606,13.6358333333,65.3416666667,76.5833333333,1.2,5.48333333333,214.166666667,0.0,0.3005,720.0,10736.8046875,55.6666666667
2014.0,9.0,24.0,18.0,19.4091666667,66.9365,14.0258333333,70.975,15.9166666667,1.34166666667,5.30833333333,221.833333333,0.0,0.161375,720.0,10736.8046875,59.8958333333
2014.0,9.0,24.0,19.0,18.8141666667,65.8655,14.1883333333,74.4166666667,1.0,1.54166666667,6.125,217.25,0.0,0.072125,720.0,10736.8046875,56.3958333333
2014.0,9.0,24.0,20.0,18.5958333333,65.4725,14.1366666667,75.2,1.0,1.2,5.3,209.083333333,0.0,0.039375,720.0,10736.8046875,55.4166666667
2014.0,9.0,24.0,21.0,18.5408333333,65.3735,13.8658333333,74.1416666667,1.0,1.31666666667,5.44166666667,210.666666667,0.0,0.031125,720.0,10736.8046875,59.2708333333
2014.0,9.0,24.0,22.0,17.9141666667,64.2455,13.8475,77.05,1.0,1.125,5.65833333333,220.166666667,0.0676666666667,0.00479166666667,720.0,10736.8046875,59.625
2014.0,9.0,24.0,23.0,17.62,63.716,14.1733333333,80.15,1.0,0.866666666667,4.79166666667,213.666666667,0.107,0.0,720.0,10736.8046875,49.5208333333
2014.0,9.0,25.0,0.0,16.8383333333,62.309,14.7258333333,87.3333333333,1.0,0.55,3.75833333333,202.416666667,0.22425,0.0,720.0,10736.8046875,43.8541666667
2014.0,9.0,25.0,1.0,15.885,60.593,14.2925,90.225,1.0,0.4,4.25833333333,204.583333333,0.36725,0.0,720.0,10736.8046875,44.6666666667
2014.0,9.0,25.0,2.0,14.8583333333,58.745,14.1183333333,95.2166666667,1.0,0.575,3.56666666667,206.333333333,0.52125,0.0,720.0,10736.8046875,52.7291666667
2014.0,9.0,25.0,3.0,14.6583333333,58.385,-13.9058333333,20.9083333333,1.0,0.983333333333,5.13333333333,200.75,0.55125,0.0,720.0,10736.8046875,52.125
2014.0,9.0,25.0,4.0,14.7108333333,58.4795,-40.9783333333,1.0,1.0,1.45,6.58333333333,196.916666667,0.543375,0.0,720.0,10736.8046875,57.5
2014.0,9.0,25.0,5.0,14.9591666667,58.9265,-40.8283333333,1.0,1.0,0.883333333333,4.65,189.916666667,0.506125,0.0,720.0,10736.8046875,58.75
2014.0,9.0,25.0,6.0,14.5258333333,58.1465,-41.0916666667,1.0,1.08333333333,1.30833333333,5.7,195.75,0.571125,0.0,720.0,10736.8046875,44.1875
2014.0,9.0,25.0,7.0,14.3825,57.8885,-41.1758333333,1.0,16.5,1.65,6.39166666667,189.0,0.592625,0.0,720.0,10736.8046875,46.9375
2014.0,9.0,25.0,8.0,14.5316666667,58.157,-41.0866666667,1.0,43.9166666667,1.78333333333,6.45833333333,191.0,0.57025,0.0,720.0,10736.8046875,48.0625
2014.0,9.0,25.0,9.0,15.21,59.378,-40.6758333333,1.0,95.0,1.5,5.975,188.0,0.4685,0.0,720.0,10736.8046875,44.4166666667
2014.0,9.0,25.0,10.0,15.5833333333,60.05,-40.4475,1.0,153.5,1.34166666667,6.36666666667,178.916666667,0.4125,0.0,720.0,10736.8046875,45.5625
2014.0,9.0,25.0,11.0,15.8816666667,60.587,-35.6458333333,8.80833333333,159.416666667,1.58333333333,5.84166666667,181.666666667,0.36775,0.0,720.0,10736.8046875,33.6166666667
2014.0,9.0,25.0,12.0,16.7625,62.1725,14.9058333333,89.375,191.333333333,1.89166666667,6.55833333333,180.25,0.235625,0.0,720.0,10736.8046875,52.0625
2014.0,9.0,25.0,13.0,17.07,62.726,15.4091666667,89.85,96.25,1.35,5.73333333333,170.416666667,0.1895,0.0,720.0,10736.8046875,52.3125
2014.0,9.0,25.0,14.0,16.945,62.501,16.1766666667,95.125,128.5,1.225,5.28333333333,186.166666667,0.20825,0.0,720.0,10736.8046875,51.5833333333
2014.0,9.0,25.0,15.0,16.46,61.628,16.0433333333,97.3,124.25,0.408333333333,3.43333333333,164.166666667,0.281,0.0,720.0,10736.8046875,51.625
2014.0,9.0,25.0,16.0,16.795,62.231,16.0491666667,95.2916666667,113.333333333,0.591666666667,4.13333333333,159.75,0.23075,0.0,720.0,10736.8046875,51.9583333333
2014.0,9.0,25.0,17.0,16.7775,62.1995,15.29,90.8333333333,55.3333333333,1.48333333333,5.36666666667,170.833333333,0.233375,0.0,720.0,10736.8046875,51.8333333333
2014.0,9.0,25.0,18.0,16.8141666667,62.2655,15.3658333333,91.05,7.5,0.108333333333,0.558333333333,166.75,0.227875,0.0,720.0,10736.8046875,50.4375
2014.0,9.0,25.0,19.0,16.7066666667,62.072,15.5058333333,92.5083333333,1.0,0.0,0.0,154.833333333,0.244,0.0,720.0,10736.8046875,49.6041666667
2014.0,9.0,25.0,20.0,16.1833333333,61.13,14.9133333333,92.0666666667,1.0,0.0,0.0,143.583333333,0.3225,0.0,720.0,10736.8046875,49.1458333333
2014.0,9.0,25.0,21.0,15.6983333333,60.257,14.31,91.3333333333,1.0,0.0,0.0,140.75,0.39525,0.0,720.0,10736.8046875,49.0625
2014.0,9.0,25.0,22.0,15.3616666667,59.651,13.8058333333,90.3333333333,1.0,0.0,0.0,151.75,0.44575,0.0,720.0,10736.8046875,48.4166666667
2014.0,9.0,25.0,23.0,15.1075,59.1935,13.3425,89.1083333333,1.0,0.0,0.0,138.0,0.483875,0.0,720.0,10736.8046875,47.0
2014.0,9.0,26.0,0.0,14.7033333333,58.466,12.9583333333,89.1833333333,1.0,0.0,0.0,138.416666667,0.5445,0.0,720.0,10736.8046875,47.0208333333
2014.0,9.0,26.0,1.0,14.2875,57.7175,12.705,90.1166666667,1.0,0.0,0.0,145.0,0.606875,0.0,720.0,10736.8046875,47.1041666667
2014.0,9.0,26.0,2.0,14.2191666667,57.5945,12.4816666667,89.2083333333,1.0,0.0,0.0,124.083333333,0.617125,0.0,720.0,10736.8046875,45.875
2014.0,9.0,26.0,3.0,14.0483333333,57.287,12.2033333333,88.55,1.0,0.0,0.0,119.75,0.64275,0.0,720.0,10736.8046875,46.4166666667
2014.0,9.0,26.0,4.0,13.7558333333,56.7605,12.0016666667,89.0666666667,1.0,0.0,0.0,105.916666667,0.686625,0.0,720.0,10736.8046875,46.8958333333
2014.0,9.0,26.0,5.0,13.4783333333,56.261,11.7591666667,89.25,1.0,0.0,0.0,112.75,0.72825,0.0,720.0,10736.8046875,45.5833333333
2014.0,9.0,26.0,6.0,13.2225,55.8005,11.64,90.05,4.75,0.0,0.0,135.25,0.766625,0.0,720.0,10736.8046875,46.5208333333
2014.0,9.0,26.0,7.0,15.8116666667,60.461,11.4925,75.6083333333,55.9166666667,0.0,0.0,157.916666667,0.37825,0.0,720.0,10736.8046875,44.875
2014.0,9.0,26.0,8.0,17.46,63.428,11.3591666667,67.3583333333,288.25,0.0,0.0,150.833333333,0.131,0.0,720.0,10736.8046875,46.6458333333
2014.0,9.0,26.0,9.0,18.7858333333,65.8145,11.115,61.0916666667,455.5,0.0,0.0,146.916666667,0.0230416666667,0.0909166666667,720.0,10736.8046875,48.0833333333
2014.0,9.0,26.0,10.0,20.9025,69.6245,10.9175,52.8083333333,591.083333333,0.716666666667,3.50833333333,185.666666667,0.0,0.385375,720.0,10736.8046875,50.5
2014.0,9.0,26.0,11.0,22.2125,71.9825,11.5016666667,50.675,682.916666667,0.566666666667,3.69166666667,192.916666667,0.0,0.581875,720.0,10736.8046875,50.7291666667
2014.0,9.0,26.0,12.0,23.625,74.525,12.3675,49.2333333333,721.0,0.425,3.24166666667,194.916666667,0.0,0.79375,720.0,10736.8046875,52.5625
2014.0,9.0,26.0,13.0,24.5575,76.2035,12.2475,46.2,699.666666667,0.375,2.51666666667,173.75,0.0,0.933625,720.0,10736.8046875,51.3333333333
2014.0,9.0,26.0,14.0,25.885,78.593,11.5908333333,40.9333333333,628.833333333,0.366666666667,2.58333333333,156.0,0.0,1.13275,720.0,10736.8046875,50.4791666667
2014.0,9.0,26.0,15.0,26.34,79.412,10.8541666667,37.9083333333,508.0,0.233333333333,2.23333333333,194.416666667,0.0,1.201,720.0,10736.8046875,49.1875
2014.0,9.0,26.0,16.0,27.1533333333,80.876,11.3141666667,37.2833333333,353.0,0.183333333333,2.05,175.583333333,0.0,1.323,720.0,10736.8046875,51.1666666667
2014.0,9.0,26.0,17.0,26.4583333333,79.625,11.7658333333,40.0333333333,180.333333333,0.116666666667,1.33333333333,127.666666667,0.0,1.21875,720.0,10736.8046875,49.2083333333
2014.0,9.0,26.0,18.0,23.1866666667,73.736,12.7483333333,51.9333333333,19.3333333333,0.0,0.3,115.833333333,0.0,0.728,720.0,10736.8046875,47.8333333333
2014.0,9.0,26.0,19.0,21.6833333333,71.03,12.1666666667,54.6333333333,1.0,0.0,0.0,97.3333333333,0.0,0.5025,720.0,10736.8046875,48.1666666667
2014.0,9.0,26.0,20.0,20.8766666667,69.578,11.9583333333,56.625,1.0,0.0,0.0,120.25,0.0,0.3815,720.0,10736.8046875,47.7708333333
2014.0,9.0,26.0,21.0,19.8725,67.7705,12.0791666667,60.7333333333,1.0,0.0,0.0,97.5833333333,0.0,0.230875,720.0,10736.8046875,47.5833333333
2014.0,9.0,26.0,22.0,18.3241666667,64.9835,12.6408333333,69.4,1.0,0.0,0.0,120.916666667,0.017125,0.01575,720.0,10736.8046875,47.2916666667
2014.0,9.0,26.0,23.0,17.7291666667,63.9125,12.3916666667,70.9,1.0,0.0,0.0,115.666666667,0.0922916666667,0.00166666666667,720.0,10736.8046875,46.0625
2014.0,9.0,27.0,0.0,17.4025,63.3245,12.955,75.0583333333,1.0,0.0,0.108333333333,152.666666667,0.139625,0.0,0.0,10736.8046875,45.4583333333
2014.0,9.0,27.0,1.0,17.2483333333,63.047,13.1775,76.9166666667,1.0,0.0,0.175,126.333333333,0.16275,0.0,0.0,10736.8046875,47.0416666667
2014.0,9.0,27.0,2.0,16.1883333333,61.139,13.1816666667,82.3083333333,1.0,0.0,0.283333333333,170.75,0.32175,0.0,0.0,10736.8046875,45.3125
2014.0,9.0,27.0,3.0,15.4408333333,59.7935,13.025,85.4333333333,1.0,0.0,0.0666666666667,153.333333333,0.433875,0.0,0.0,10736.8046875,45.5833333333
2014.0,9.0,27.0,4.0,15.5858333333,60.0545,12.92,84.0666666667,1.0,0.0333333333333,0.416666666667,151.166666667,0.412125,0.0,0.0,10736.8046875,46.0833333333
2014.0,9.0,27.0,5.0,15.4666666667,59.84,12.8791666667,84.4833333333,1.0,0.0,0.158333333333,130.166666667,0.43,0.0,0.0,10736.8046875,45.9791666667
2014.0,9.0,27.0,6.0,15.6191666667,60.1145,12.9483333333,84.05,4.5,0.0166666666667,0.308333333333,124.5,0.407125,0.0,0.0,10736.8046875,45.625
2014.0,9.0,27.0,7.0,17.5916666667,63.665,12.7166666667,73.1083333333,67.25,0.1,1.40833333333,156.666666667,0.1235,0.01225,0.0,10736.8046875,44.6041666667
2014.0,9.0,27.0,8.0,20.775,69.395,12.85,60.4666666667,279.583333333,0.0,0.45,156.5,0.0,0.36625,0.0,10736.8046875,44.0208333333
2014.0,9.0,27.0,9.0,21.9316666667,71.477,12.7191666667,55.9333333333,458.0,0.0166666666667,0.808333333333,157.25,0.0,0.53975,0.0,10736.8046875,44.9375
2014.0,9.0,27.0,10.0,24.7608333333,76.5695,13.1375,48.45,594.0,0.0333333333333,0.825,161.583333333,0.0,0.964125,0.0,10736.8046875,46.9791666667
2014.0,9.0,27.0,11.0,26.4716666667,79.649,14.0475,46.425,683.416666667,0.0666666666667,1.04166666667,186.833333333,0.0,1.22075,0.0,10736.8046875,46.6041666667
2014.0,9.0,27.0,12.0,27.4183333333,81.353,14.6025,45.4666666667,719.166666667,0.2,2.175,203.5,0.0,1.36275,0.0,10736.8046875,46.1875
2014.0,9.0,27.0,13.0,28.4033333333,83.126,14.4708333333,42.55,699.916666667,0.116666666667,1.45,222.75,0.0,1.5105,0.0,10736.8046875,47.0833333333
2014.0,9.0,27.0,14.0,29.9466666667,85.904,14.0566666667,37.95,626.25,0.0666666666667,0.941666666667,200.25,0.0,1.742,0.0,10736.8046875,45.8541666667
2014.0,9.0,27.0,15.0,29.6725,85.4105,13.8433333333,38.0333333333,502.75,0.0166666666667,0.441666666667,194.833333333,0.0,1.700875,0.0,10736.8046875,46.3541666667
2014.0,9.0,27.0,16.0,31.0641666667,87.9155,13.4191666667,34.1916666667,347.916666667,0.0,0.308333333333,197.666666667,0.0,1.909625,0.0,10736.8046875,46.5833333333
2014.0,9.0,27.0,17.0,30.5616666667,87.011,12.92,34.0083333333,174.75,0.0,0.0,211.666666667,0.0,1.83425,0.0,10736.8046875,47.4166666667
2014.0,9.0,27.0,18.0,26.2158333333,79.1885,13.8075,46.6583333333,19.0833333333,0.0,0.0,181.083333333,0.0,1.182375,0.0,10736.8046875,47.3958333333
2014.0,9.0,27.0,19.0,24.2275,75.6095,14.6708333333,55.1666666667,1.0,0.0,0.0,208.416666667,0.0,0.884125,0.0,10736.8046875,46.8333333333
2014.0,9.0,27.0,20.0,23.2858333333,73.9145,14.975,59.5083333333,1.0,0.0,0.0,40.9166666667,0.0,0.742875,0.0,10736.8046875,46.5
2014.0,9.0,27.0,21.0,22.5858333333,72.6545,15.0583333333,62.4083333333,1.0,0.0,0.0,53.75,0.0,0.637875,0.0,10736.8046875,47.6875
2014.0,9.0,27.0,22.0,21.4766666667,70.658,15.3458333333,68.0666666667,1.0,0.0,0.0,31.75,0.0,0.4715,0.0,10736.8046875,47.0625
2014.0,9.0,27.0,23.0,19.9933333333,67.988,15.9183333333,77.3,1.0,0.0333333333333,0.841666666667,46.6666666667,0.0,0.249,0.0,10736.8046875,46.3333333333
2014.0,9.0,28.0,0.0,19.065,66.317,16.2666666667,83.7333333333,1.0,0.0166666666667,0.425,49.6666666667,0.0,0.10975,0.0,10736.8046875,45.9791666667
2014.0,9.0,28.0,1.0,18.5066666667,65.312,16.5608333333,88.3333333333,1.0,0.0,0.166666666667,53.0833333333,0.008,0.034,0.0,10736.8046875,46.6041666667
2014.0,9.0,28.0,2.0,17.85,64.13,16.375,90.9666666667,1.0,0.0,0.0,57.3333333333,0.0725,0.0,0.0,10736.8046875,47.0
2014.0,9.0,28.0,3.0,17.5108333333,63.5195,16.3783333333,92.95,1.0,0.0,0.0,52.75,0.123375,0.0,0.0,10736.8046875,45.8958333333
2014.0,9.0,28.0,4.0,17.0625,62.7125,16.0808333333,93.8333333333,1.0,0.0,0.0,52.3333333333,0.190625,0.0,0.0,10736.8046875,46.3541666667
2014.0,9.0,28.0,5.0,16.5425,61.7765,15.6058333333,94.075,1.0,0.0,0.0,60.1666666667,0.268625,0.0,0.0,10736.8046875,46.5
2014.0,9.0,28.0,6.0,16.4308333333,61.5755,14.99,91.1166666667,8.5,0.0,0.0,142.0,0.285375,0.0,0.0,10736.8046875,46.25
2014.0,9.0,28.0,7.0,19.2075,66.5735,14.32,73.425,114.333333333,0.0,0.0166666666667,182.916666667,0.0117083333333,0.142833333333,0.0,10736.8046875,44.9375
2014.0,9.0,28.0,8.0,20.9041666667,69.6275,14.565,67.0416666667,194.333333333,0.0,0.0,114.416666667,0.0,0.385625,0.0,10736.8046875,45.6875
2014.0,9.0,28.0,9.0,23.1266666667,73.628,13.3716666667,54.4666666667,412.916666667,0.0,0.0333333333333,126.75,0.0,0.719,0.0,10736.8046875,44.9166666667
2014.0,9.0,28.0,10.0,26.4141666667,79.5455,12.8,43.1333333333,566.083333333,0.0,0.0,213.916666667,0.0,1.212125,0.0,10736.8046875,46.5833333333
2014.0,9.0,28.0,11.0,28.1108333333,82.5995,13.6366666667,41.0583333333,674.583333333,0.0,0.408333333333,136.666666667,0.0,1.466625,0.0,10736.8046875,47.25
2014.0,9.0,28.0,12.0,28.8933333333,84.008,14.97,42.725,708.5,0.133333333333,1.525,157.166666667,0.0,1.584,0.0,10736.8046875,46.6875
2014.0,9.0,28.0,13.0,28.99,84.182,14.7958333333,42.025,674.25,0.35,2.55833333333,107.916666667,0.0,1.5985,0.0,10736.8046875,46.2083333333
2014.0,9.0,28.0,14.0,30.0533333333,86.096,15.43,41.1833333333,612.0,0.3,2.43333333333,84.5,0.0,1.758,0.0,10736.8046875,47.1875
2014.0,9.0,28.0,15.0,29.6791666667,85.4225,15.6566666667,42.675,508.583333333,0.183333333333,2.375,51.1666666667,0.0,1.701875,0.0,10736.8046875,48.0
2014.0,9.0,28.0,16.0,28.5608333333,83.4095,15.9275,46.45,258.083333333,0.291666666667,2.26666666667,37.0833333333,0.0,1.534125,0.0,10736.8046875,47.3125
2014.0,9.0,28.0,17.0,26.3166666667,79.37,16.0333333333,53.1833333333,82.4166666667,0.0916666666667,0.816666666667,47.1666666667,0.0,1.1975,0.0,10736.8046875,47.7916666667
2014.0,9.0,28.0,18.0,24.6858333333,76.4345,16.0725,58.6833333333,10.1666666667,0.0833333333333,0.633333333333,47.25,0.0,0.952875,0.0,10736.8046875,47.0625
2014.0,9.0,28.0,19.0,23.7516666667,74.753,16.14,62.3583333333,1.0,0.0,0.0166666666667,42.5,0.0,0.81275,0.0,10736.8046875,48.2291666667
2014.0,9.0,28.0,20.0,22.4675,72.4415,16.73,69.9666666667,1.0,0.05,1.04166666667,49.25,0.0,0.620125,0.0,10736.8046875,46.5833333333
2014.0,9.0,28.0,21.0,21.2191666667,70.1945,16.6166666667,74.9333333333,1.0,0.1,1.575,55.4166666667,0.0,0.432875,0.0,10736.8046875,46.0
2014.0,9.0,28.0,22.0,20.2025,68.3645,15.8283333333,75.8583333333,1.0,0.15,2.03333333333,51.75,0.0,0.280375,0.0,10736.8046875,46.5625
2014.0,9.0,28.0,23.0,19.58,67.244,16.0416666667,79.9333333333,1.0,0.0,0.183333333333,52.0833333333,0.0,0.187,0.0,10736.8046875,46.3125
2014.0,9.0,29.0,0.0,19.3241666667,66.7835,16.52,83.725,1.0,0.0166666666667,0.541666666667,53.8333333333,0.0,0.148625,720.0,10736.8046875,46.1458333333
2014.0,9.0,29.0,1.0,18.9808333333,66.1655,16.9791666667,88.05,1.0,0.0,0.0333333333333,50.5,0.0,0.097125,720.0,10736.8046875,45.8958333333
2014.0,9.0,29.0,2.0,18.6033333333,65.486,16.9958333333,90.25,1.0,0.0,0.216666666667,70.0,0.0,0.0405,720.0,10736.8046875,46.3958333333
2014.0,9.0,29.0,3.0,18.0775,64.5395,16.9533333333,93.025,1.0,0.0,0.05,53.75,0.038375,0.0,720.0,10736.8046875,45.4583333333
2014.0,9.0,29.0,4.0,18.0391666667,64.4705,16.9525,93.2333333333,1.0,0.0,0.233333333333,56.3333333333,0.044125,0.0,720.0,10736.8046875,46.8958333333
2014.0,9.0,29.0,5.0,17.8433333333,64.118,16.5208333333,91.85,1.0,0.0,0.0166666666667,54.3333333333,0.0735,0.0,720.0,10736.8046875,46.8541666667
2014.0,9.0,29.0,6.0,17.9783333333,64.361,16.1983333333,89.2333333333,2.08333333333,0.0,0.0,50.1666666667,0.05325,0.0,720.0,10736.8046875,46.875
2014.0,9.0,29.0,7.0,18.4283333333,65.171,16.0875,86.15,66.75,0.0,0.108333333333,51.3333333333,0.0133333333333,0.0275833333333,720.0,10736.8046875,46.2083333333
2014.0,9.0,29.0,8.0,19.8133333333,67.664,16.175,79.5,117.25,0.0166666666667,0.325,53.5833333333,0.0,0.222,720.0,10736.8046875,48.2916666667
2014.0,9.0,29.0,9.0,21.1591666667,70.0865,16.2425,73.475,211.0,0.0,0.0333333333333,56.3333333333,0.0,0.423875,720.0,10736.8046875,48.4375
2014.0,9.0,29.0,10.0,23.4075,74.1335,15.615,61.65,430.083333333,0.0,0.0833333333333,47.6666666667,0.0,0.761125,720.0,10736.8046875,51.0
2014.0,9.0,29.0,11.0,24.5833333333,76.25,16.4166666667,60.3833333333,331.416666667,0.0,0.25,65.3333333333,0.0,0.9375,720.0,10736.8046875,51.0625
2014.0,9.0,29.0,12.0,24.4791666667,76.0625,15.9091666667,58.8083333333,298.166666667,0.0333333333333,1.49166666667,73.6666666667,0.0,0.921875,720.0,10736.8046875,50.375
2014.0,9.0,29.0,13.0,23.755,74.759,15.7075,60.625,185.5,0.275,2.21666666667,53.3333333333,0.0,0.81325,720.0,10736.8046875,50.8125
2014.0,9.0,29.0,14.0,23.0466666667,73.484,16.51,66.625,91.1666666667,0.1,1.21666666667,56.6666666667,0.0,0.707,720.0,10736.8046875,51.2083333333
2014.0,9.0,29.0,15.0,22.5358333333,72.5645,17.2,71.7666666667,54.5,0.0,0.175,74.8333333333,0.0,0.630375,720.0,10736.8046875,50.1666666667
2014.0,9.0,29.0,16.0,21.1525,70.0745,18.1183333333,82.8,33.25,0.0166666666667,0.316666666667,53.9166666667,0.0,0.422875,720.0,10736.8046875,51.6875
2014.0,9.0,29.0,17.0,20.96,69.728,18.6858333333,86.9166666667,20.25,0.0,0.266666666667,37.75,0.0,0.394,720.0,10736.8046875,43.1666666667
2014.0,9.0,29.0,18.0,20.0483333333,68.087,19.3566666667,95.675,2.58333333333,0.1,1.5,56.4166666667,0.0,0.25725,720.0,10736.8046875,42.125
2014.0,9.0,29.0,19.0,19.8258333333,67.6865,18.6366666667,92.75,1.0,0.15,1.80833333333,61.0833333333,0.0,0.223875,720.0,10736.8046875,42.8958333333
2014.0,9.0,29.0,20.0,19.46,67.028,17.675,89.3,1.0,0.0,0.125,59.75,0.0,0.169,720.0,10736.8046875,42.125
2014.0,9.0,29.0,21.0,19.4308333333,66.9755,17.7016666667,89.625,1.0,0.0,0.2,43.25,0.0,0.164625,720.0,10736.8046875,41.7916666667
2014.0,9.0,29.0,22.0,19.4808333333,67.0655,18.0358333333,91.2333333333,1.0,0.0,0.0166666666667,100.333333333,0.0,0.172125,720.0,10736.8046875,42.2291666667
2014.0,9.0,29.0,23.0,19.2608333333,66.6695,18.0116666667,92.3333333333,1.0,0.0,0.05,46.5833333333,0.0,0.139125,720.0,10736.8046875,41.3333333333
2014.0,9.0,30.0,0.0,19.1575,66.4835,17.6925,91.1,1.0,0.0,0.0583333333333,216.916666667,0.0,0.123625,720.0,10736.8046875,47.375
2014.0,9.0,30.0,1.0,18.9783333333,66.161,17.3075,89.9083333333,1.0,0.0,0.0,296.666666667,0.0,0.09675,720.0,10736.8046875,47.9166666667
2014.0,9.0,30.0,2.0,18.8758333333,65.9765,17.0358333333,88.975,1.0,0.0,0.0166666666667,299.833333333,0.0,0.081375,720.0,10736.8046875,47.3541666667
2014.0,9.0,30.0,3.0,18.4375,65.1875,16.5425,88.625,1.0,0.0,0.0166666666667,140.583333333,0.00479166666667,0.0204166666667,720.0,10736.8046875,46.7083333333
2014.0,9.0,30.0,4.0,18.2691666667,64.8845,16.5783333333,89.7583333333,1.0,0.0,0.0166666666667,128.083333333,0.0139583333333,0.00433333333333,720.0,10736.8046875,47.0625
2014.0,9.0,30.0,5.0,18.3525,65.0345,16.6583333333,89.7416666667,1.0,0.0,0.0,82.0,0.003,0.005875,720.0,10736.8046875,47.4791666667
2014.0,9.0,30.0,6.0,18.3183333333,64.973,16.8283333333,90.9083333333,1.16666666667,0.0,0.0,312.083333333,0.008,0.00575,720.0,10736.8046875,47.25
2014.0,9.0,30.0,7.0,18.5025,65.3045,16.8925,90.225,32.4166666667,0.0,0.0,289.666666667,0.000583333333333,0.0259583333333,720.0,10736.8046875,47.0
2014.0,9.0,30.0,8.0,20.6741666667,69.2135,16.6241666667,77.9166666667,187.25,0.0,0.0,274.416666667,0.0,0.351125,720.0,10736.8046875,48.8333333333
2014.0,9.0,30.0,9.0,23.0791666667,73.5425,15.2816666667,61.6833333333,402.75,0.0,0.0,182.0,0.0,0.711875,720.0,10736.8046875,51.3333333333
2014.0,9.0,30.0,10.0,24.905,76.829,12.9591666667,47.6916666667,579.5,0.0,0.25,269.25,0.0,0.98575,720.0,10736.8046875,51.4583333333
2014.0,9.0,30.0,11.0,25.6158333333,78.1085,13.0725,45.7666666667,656.083333333,0.0666666666667,1.13333333333,264.083333333,0.0,1.092375,720.0,10736.8046875,46.6875
2014.0,9.0,30.0,12.0,26.075,78.935,13.4375,45.6416666667,627.416666667,0.116666666667,1.23333333333,227.833333333,0.0,1.16125,720.0,10736.8046875,52.0208333333
2014.0,9.0,30.0,13.0,25.2716666667,77.489,13.9241666667,49.425,429.416666667,0.183333333333,1.64166666667,300.833333333,0.0,1.04075,720.0,10736.8046875,61.4583333333
2014.0,9.0,30.0,14.0,25.9666666667,78.74,14.0083333333,47.7,360.333333333,0.05,0.775,303.833333333,0.0,1.145,720.0,10736.8046875,60.3333333333
2014.0,9.0,30.0,15.0,25.295,77.531,13.2241666667,47.125,213.5,0.05,0.608333333333,275.333333333,0.0,1.04425,720.0,10736.8046875,59.2708333333
2014.0,9.0,30.0,16.0,26.5933333333,79.868,13.4841666667,44.4166666667,291.5,0.275,1.975,240.666666667,0.0,1.239,720.0,10736.8046875,59.0208333333
2014.0,9.0,30.0,17.0,23.6933333333,74.648,14.7916666667,57.9916666667,123.166666667,0.616666666667,3.7,249.5,0.0,0.804,720.0,10736.8046875,54.625
2014.0,9.0,30.0,18.0,20.4758333333,68.8565,15.875,74.875,6.0,0.808333333333,4.28333333333,242.916666667,0.0,0.321375,720.0,10736.8046875,50.2083333333
2014.0,9.0,30.0,19.0,19.5325,67.1585,15.8708333333,79.3,1.0,0.158333333333,1.73333333333,261.5,0.0,0.179875,720.0,10736.8046875,51.1666666667
2014.0,9.0,30.0,20.0,18.8933333333,66.008,15.6516666667,81.3666666667,1.0,0.3,2.58333333333,248.75,0.0,0.084,720.0,10736.8046875,49.7291666667
2014.0,9.0,30.0,21.0,18.2766666667,64.898,15.5008333333,83.7666666667,1.0,0.0166666666667,0.625,220.333333333,0.0195833333333,0.0110833333333,720.0,10736.8046875,49.3333333333
2014.0,9.0,30.0,22.0,17.7891666667,64.0205,15.67,87.3,1.0,0.05,0.675,225.0,0.081625,0.0,720.0,10736.8046875,48.1041666667
2014.0,9.0,30.0,23.0,17.6975,63.8555,15.6516666667,87.6916666667,1.0,0.0333333333333,0.858333333333,203.5,0.095375,0.0,720.0,10736.8046875,48.125
2014.0,10.0,1.0,0.0,17.6675,63.8015,15.5066666667,87.05,1.0,0.05,1.25,211.833333333,0.099875,0.0,720.0,10736.8046875,54.7708333333
2014.0,10.0,1.0,1.0,17.68,63.824,15.4466666667,86.65,1.0,0.0,0.283333333333,180.75,0.098,0.0,720.0,10736.8046875,54.125
2014.0,10.0,1.0,2.0,17.5675,63.6215,15.5075,87.6083333333,1.0,0.05,0.716666666667,172.25,0.114875,0.0,720.0,10736.8046875,52.625
2014.0,10.0,1.0,3.0,17.295,63.131,15.5625,89.45,1.0,0.0333333333333,0.991666666667,157.666666667,0.15575,0.0,720.0,10736.8046875,52.8541666667
2014.0,10.0,1.0,4.0,17.175,62.915,15.4941666667,89.7333333333,1.0,0.0,0.691666666667,160.416666667,0.17375,0.0,720.0,10736.8046875,53.0833333333
2014.0,10.0,1.0,5.0,16.95,62.51,15.2875,89.8333333333,1.0,0.4,3.23333333333,188.0,0.2075,0.0,720.0,10736.8046875,52.9166666667
2014.0,10.0,1.0,6.0,16.9341666667,62.4815,15.2241666667,89.5583333333,1.33333333333,0.216666666667,2.20833333333,190.166666667,0.209875,0.0,720.0,10736.8046875,53.2708333333
2014.0,10.0,1.0,7.0,17.42,63.356,15.2125,86.7833333333,33.6666666667,0.0833333333333,1.46666666667,184.5,0.137,0.0,720.0,10736.8046875,51.9583333333
2014.0,10.0,1.0,8.0,18.2608333333,64.8695,15.0983333333,81.7333333333,109.833333333,0.05,1.18333333333,180.583333333,0.0362083333333,0.0253333333333,720.0,10736.8046875,54.6875
2014.0,10.0,1.0,9.0,20.0241666667,68.0435,14.4933333333,70.5,305.75,0.15,1.89166666667,184.083333333,0.0,0.253625,720.0,10736.8046875,55.375
2014.0,10.0,1.0,10.0,20.2516666667,68.453,14.7275,70.4833333333,214.583333333,0.175,1.86666666667,207.583333333,0.0,0.28775,720.0,10736.8046875,57.2916666667
2014.0,10.0,1.0,11.0,21.4216666667,70.559,14.5675,65.025,297.333333333,0.183333333333,1.725,192.0,0.0,0.46325,720.0,10736.8046875,58.3333333333
2014.0,10.0,1.0,12.0,22.8525,73.1345,14.8883333333,60.85,501.75,0.183333333333,2.25,198.833333333,0.0,0.677875,720.0,10736.8046875,58.5
2014.0,10.0,1.0,13.0,23.485,74.273,14.5375,57.225,462.083333333,0.475,3.70833333333,192.666666667,0.0,0.77275,720.0,10736.8046875,59.3333333333
2014.0,10.0,1.0,14.0,23.0108333333,73.4195,14.6366666667,59.3583333333,336.416666667,0.508333333333,3.48333333333,192.666666667,0.0,0.701625,720.0,10736.8046875,59.2916666667
2014.0,10.0,1.0,15.0,22.1433333333,71.858,14.6783333333,62.6333333333,232.833333333,0.525,3.55833333333,192.833333333,0.0,0.5715,720.0,10736.8046875,59.2083333333
2014.0,10.0,1.0,16.0,22.9858333333,73.3745,14.885,60.35,287.916666667,0.516666666667,3.65,198.0,0.0,0.697875,720.0,10736.8046875,61.2708333333
2014.0,10.0,1.0,17.0,22.2041666667,71.9675,14.7925,62.8833333333,130.25,0.366666666667,2.675,208.0,0.0,0.580625,720.0,10736.8046875,54.0625
2014.0,10.0,1.0,18.0,19.8575,67.7435,15.0916666667,73.9916666667,14.5,0.0666666666667,1.35,205.25,0.0,0.228625,720.0,10736.8046875,52.0208333333
2014.0,10.0,1.0,19.0,19.4333333333,66.98,14.9691666667,75.3083333333,1.0,0.25,2.175,188.666666667,0.0,0.165,720.0,10736.8046875,51.1875
2014.0,10.0,1.0,20.0,19.0675,66.3215,15.1775,78.075,1.0,0.2,1.80833333333,223.083333333,0.0,0.110125,720.0,10736.8046875,50.9791666667
2014.0,10.0,1.0,21.0,18.8775,65.9795,15.0341666667,78.2833333333,1.0,0.0666666666667,1.175,194.666666667,0.0,0.081625,720.0,10736.8046875,50.1041666667
2014.0,10.0,1.0,22.0,18.71,65.678,15.0883333333,79.3916666667,1.0,0.05,1.11666666667,182.416666667,0.0,0.0565,720.0,10736.8046875,50.0833333333
2014.0,10.0,1.0,23.0,18.0466666667,64.484,14.9975,82.2833333333,1.0,0.0166666666667,1.09166666667,180.833333333,0.0440416666667,0.00104166666667,720.0,10736.8046875,53.3333333333
2014.0,10.0,2.0,0.0,17.9183333333,64.253,15.0575,83.2583333333,1.0,0.0166666666667,0.775,176.583333333,0.06225,0.0,720.0,10736.8046875,54.7708333333
2014.0,10.0,2.0,1.0,17.9333333333,64.28,14.8575,82.1166666667,1.0,0.0833333333333,1.4,178.25,0.06,0.0,720.0,10736.8046875,52.9375
2014.0,10.0,2.0,2.0,17.7308333333,63.9155,14.5366666667,81.4583333333,1.0,0.133333333333,1.49166666667,182.666666667,0.090375,0.0,720.0,10736.8046875,52.2083333333
2014.0,10.0,2.0,3.0,17.4258333333,63.3665,14.535,83.0333333333,1.0,0.0666666666667,0.75,167.166666667,0.136125,0.0,720.0,10736.8046875,53.1666666667
2014.0,10.0,2.0,4.0,17.0158333333,62.6285,14.4916666667,85.0,1.0,0.283333333333,2.475,187.833333333,0.197625,0.0,720.0,10736.8046875,53.4583333333
2014.0,10.0,2.0,5.0,16.3816666667,61.487,14.3416666667,87.625,1.0,0.191666666667,2.34166666667,181.5,0.29275,0.0,720.0,10736.8046875,53.6875
2014.0,10.0,2.0,6.0,16.47,61.646,14.2783333333,86.7916666667,1.58333333333,0.216666666667,2.06666666667,183.166666667,0.2795,0.0,720.0,10736.8046875,53.3541666667
2014.0,10.0,2.0,7.0,17.0816666667,62.747,13.9358333333,81.7416666667,65.1666666667,0.266666666667,2.7,187.666666667,0.195583333333,0.00783333333333,720.0,10736.8046875,54.4375
2014.0,10.0,2.0,8.0,17.6991666667,63.8585,13.8941666667,78.3916666667,105.5,0.233333333333,1.73333333333,178.666666667,0.103583333333,0.00845833333333,720.0,10736.8046875,54.75
2014.0,10.0,2.0,9.0,18.4675,65.2415,13.4983333333,73.1166666667,268.416666667,0.325,2.23333333333,184.166666667,0.0786666666667,0.0987916666667,720.0,10736.8046875,56.5
2014.0,10.0,2.0,10.0,21.0608333333,69.9095,12.6683333333,58.75,564.416666667,0.116666666667,1.39166666667,198.333333333,0.0,0.409125,720.0,10736.8046875,58.6458333333
2014.0,10.0,2.0,11.0,21.1525,70.0745,14.0283333333,63.7416666667,334.0,0.258333333333,2.69166666667,213.083333333,0.0,0.422875,720.0,10736.8046875,58.4375
2014.0,10.0,2.0,12.0,20.9666666667,69.74,13.9958333333,64.325,315.25,0.141666666667,1.80833333333,206.583333333,0.0,0.395,720.0,10736.8046875,58.2083333333
2014.0,10.0,2.0,13.0,20.5191666667,68.9345,13.75,65.1083333333,186.5,0.0666666666667,1.3,204.916666667,0.0,0.327875,720.0,10736.8046875,58.125
2014.0,10.0,2.0,14.0,21.46,70.628,13.6383333333,61.0083333333,258.833333333,0.0,0.483333333333,230.666666667,0.0,0.469,720.0,10736.8046875,57.6875
2014.0,10.0,2.0,15.0,21.645,70.961,13.5691666667,60.0583333333,256.416666667,0.0,0.516666666667,197.666666667,0.0,0.49675,720.0,10736.8046875,57.875
2014.0,10.0,2.0,16.0,22.9133333333,73.244,13.3841666667,55.1083333333,284.166666667,0.0333333333333,0.65,255.666666667,0.0,0.687,720.0,10736.8046875,57.9791666667
2014.0,10.0,2.0,17.0,20.8141666667,69.4655,13.7183333333,63.9583333333,78.5833333333,0.0333333333333,0.516666666667,206.833333333,0.0,0.372125,720.0,10736.8046875,57.5833333333
2014.0,10.0,2.0,18.0,19.7216666667,67.499,14.075,69.825,5.25,0.0,0.225,262.166666667,0.0,0.20825,720.0,10736.8046875,55.8958333333
2014.0,10.0,2.0,19.0,19.2041666667,66.5675,14.4216666667,73.7416666667,1.0,0.0166666666667,0.341666666667,291.416666667,0.0,0.130625,720.0,10736.8046875,56.7291666667
2014.0,10.0,2.0,20.0,18.5416666667,65.375,14.6291666667,77.8916666667,1.0,0.0333333333333,0.45,284.833333333,0.0005,0.03175,720.0,10736.8046875,56.5416666667
2014.0,10.0,2.0,21.0,18.0466666667,64.484,14.54,79.8833333333,1.0,0.0,0.35,283.333333333,0.043,0.0,720.0,10736.8046875,55.8541666667
2014.0,10.0,2.0,22.0,17.8058333333,64.0505,14.485,80.8083333333,1.0,0.0,0.0666666666667,294.333333333,0.079125,0.0,720.0,10736.8046875,56.4583333333
2014.0,10.0,2.0,23.0,17.2325,63.0185,14.265,82.6083333333,1.0,0.0,0.0,285.083333333,0.165125,0.0,720.0,10736.8046875,54.8125
2014.0,10.0,3.0,0.0,17.0583333333,62.705,14.3941666667,84.225,1.0,0.0,0.0,317.5,0.19125,0.0,720.0,10736.8046875,54.2708333333
2014.0,10.0,3.0,1.0,16.555,61.799,14.2175,85.975,1.0,0.0,0.175,283.833333333,0.26675,0.0,720.0,10736.8046875,53.6458333333
2014.0,10.0,3.0,2.0,15.9308333333,60.6755,14.2941666667,89.9083333333,1.0,0.0,0.0,275.666666667,0.360375,0.0,720.0,10736.8046875,53.7708333333
2014.0,10.0,3.0,3.0,15.9208333333,60.6575,14.0358333333,88.475,1.0,0.0,0.0,291.0,0.361875,0.0,720.0,10736.8046875,53.3125
2014.0,10.0,3.0,4.0,16.2491666667,61.2485,14.1558333333,87.3083333333,1.0,0.0,0.0,277.416666667,0.312625,0.0,720.0,10736.8046875,53.5416666667
2014.0,10.0,3.0,5.0,16.2775,61.2995,14.3758333333,88.4,1.0,0.0,0.0,119.333333333,0.308375,0.0,720.0,10736.8046875,53.4791666667
2014.0,10.0,3.0,6.0,16.4258333333,61.5665,14.4825,88.1916666667,1.25,0.0,0.0,181.5,0.286125,0.0,720.0,10736.8046875,54.0
2014.0,10.0,3.0,7.0,17.0941666667,62.7695,14.1825,82.9,20.9166666667,0.0,0.0,278.5,0.185875,0.0,720.0,10736.8046875,53.0416666667
2014.0,10.0,3.0,8.0,17.4941666667,63.4895,14.0058333333,79.9083333333,66.25,0.0333333333333,0.3,290.083333333,0.125875,0.0,720.0,10736.8046875,53.6875
2014.0,10.0,3.0,9.0,18.0558333333,64.5005,14.2466666667,78.3416666667,126.833333333,0.0,0.175,295.5,0.0449583333333,0.00333333333333,720.0,10736.8046875,56.375
2014.0,10.0,3.0,10.0,19.43,66.974,14.19,71.7,396.0,0.166666666667,2.0,265.333333333,0.0,0.1645,720.0,10736.8046875,57.6458333333
2014.0,10.0,3.0,11.0,20.8583333333,69.545,14.3158333333,66.1916666667,663.0,0.333333333333,2.675,270.833333333,0.0,0.37875,720.0,10736.8046875,58.8541666667
2014.0,10.0,3.0,12.0,21.4716666667,70.649,13.495,60.3916666667,336.916666667,0.0666666666667,1.31666666667,295.416666667,0.0,0.47075,720.0,10736.8046875,59.5416666667
2014.0,10.0,3.0,13.0,22.0708333333,71.7275,13.5483333333,58.4166666667,353.333333333,0.15,1.7,316.166666667,0.0,0.560625,720.0,10736.8046875,59.1875
2014.0,10.0,3.0,14.0,21.9758333333,71.5565,13.99,60.475,237.833333333,0.133333333333,1.76666666667,301.333333333,0.0,0.546375,720.0,10736.8046875,58.5833333333
2014.0,10.0,3.0,15.0,22.0558333333,71.7005,14.215,61.0416666667,213.75,0.183333333333,1.86666666667,300.166666667,0.0,0.558375,720.0,10736.8046875,59.6041666667
2014.0,10.0,3.0,16.0,21.6975,71.0555,14.5275,63.6833333333,121.916666667,0.383333333333,3.34166666667,308.25,0.0,0.504625,720.0,10736.8046875,58.4375
2014.0,10.0,3.0,17.0,20.5033333333,68.906,14.9433333333,70.4333333333,48.25,1.20833333333,4.775,301.333333333,0.0,0.3255,720.0,10736.8046875,58.4583333333
2014.0,10.0,3.0,18.0,18.6083333333,65.495,14.3091666667,75.9833333333,3.83333333333,1.65833333333,5.925,286.5,0.0230833333333,0.0643333333333,720.0,10736.8046875,56.0416666667
2014.0,10.0,3.0,19.0,17.2425,63.0365,13.4591666667,78.35,1.0,1.0,4.61666666667,294.5,0.163625,0.0,720.0,10736.8046875,55.6458333333
2014.0,10.0,3.0,20.0,16.7758333333,62.1965,13.4008333333,80.3916666667,1.0,0.266666666667,2.53333333333,289.583333333,0.233625,0.0,720.0,10736.8046875,55.1458333333
2014.0,10.0,3.0,21.0,16.7183333333,62.093,13.6083333333,81.7833333333,1.0,0.283333333333,2.79166666667,288.666666667,0.24225,0.0,720.0,10736.8046875,54.3333333333
2014.0,10.0,3.0,22.0,16.8833333333,62.39,13.9383333333,82.6916666667,1.0,0.116666666667,2.05833333333,286.333333333,0.2175,0.0,720.0,10736.8046875,54.6458333333
2014.0,10.0,3.0,23.0,16.695,62.051,14.5216666667,87.0333333333,1.0,0.141666666667,1.95,285.0,0.24575,0.0,720.0,10736.8046875,54.2916666667
2014.0,10.0,4.0,0.0,15.5125,59.9225,15.4341666667,99.3833333333,1.0,0.183333333333,2.03333333333,288.166666667,0.423125,0.0,0.0,10736.8046875,53.8541666667
2014.0,10.0,4.0,1.0,15.6025,60.0845,15.6225,100.0,1.0,0.166666666667,1.925,282.666666667,0.409625,0.0,0.0,10736.8046875,53.4375
2014.0,10.0,4.0,2.0,16.1,60.98,16.12,100.0,1.0,0.375,2.825,283.5,0.335,0.0,0.0,10736.8046875,53.1458333333
2014.0,10.0,4.0,3.0,16.9941666667,62.5895,17.0141666667,100.0,1.0,0.625,4.18333333333,294.666666667,0.200875,0.0,0.0,10736.8046875,53.5208333333
2014.0,10.0,4.0,4.0,17.8316666667,64.097,17.8516666667,100.0,1.0,0.441666666667,2.65833333333,304.25,0.07525,0.0,0.0,10736.8046875,54.3541666667
2014.0,10.0,4.0,5.0,18.52,65.336,18.5433333333,100.0,1.0,0.25,2.475,314.666666667,0.00454166666667,0.0325416666667,0.0,10736.8046875,53.9375
2014.0,10.0,4.0,6.0,19.3333333333,66.8,19.2183333333,99.125,1.0,0.191666666667,1.93333333333,331.916666667,0.0,0.15,0.0,10736.8046875,54.3333333333
2014.0,10.0,4.0,7.0,19.7275,67.5095,19.4558333333,98.1666666667,2.0,0.0333333333333,0.9,321.916666667,0.0,0.209125,0.0,10736.8046875,52.5
2014.0,10.0,4.0,8.0,19.9775,67.9595,19.5825,97.4333333333,17.5,0.0,0.175,312.166666667,0.0,0.246625,0.0,10736.8046875,52.4791666667
2014.0,10.0,4.0,9.0,18.9233333333,66.062,17.6783333333,94.6,41.5833333333,0.3,2.36666666667,98.1666666667,0.0247083333333,0.113208333333,0.0,10736.8046875,52.75
2014.0,10.0,4.0,10.0,18.0025,64.4045,14.82,83.5083333333,153.333333333,0.166666666667,2.24166666667,84.3333333333,0.0727916666667,0.0231666666667,0.0,10736.8046875,54.3541666667
2014.0,10.0,4.0,11.0,19.055,66.299,15.1308333333,77.95,204.5,0.475,3.78333333333,80.5833333333,0.0,0.10825,0.0,10736.8046875,54.5416666667
2014.0,10.0,4.0,12.0,20.495,68.891,14.9475,70.4666666667,413.833333333,0.575,3.66666666667,87.9166666667,0.0,0.32425,0.0,10736.8046875,54.3541666667
2014.0,10.0,4.0,13.0,20.3908333333,68.7035,12.2875,59.9833333333,309.166666667,1.23333333333,5.14166666667,89.1666666667,0.0,0.308625,0.0,10736.8046875,55.125
2014.0,10.0,4.0,14.0,20.8458333333,69.5225,11.4466666667,54.9,391.333333333,1.11666666667,5.26666666667,88.5833333333,0.0,0.376875,0.0,10736.8046875,54.4583333333
2014.0,10.0,4.0,15.0,19.865,67.757,11.5716666667,58.7583333333,218.833333333,0.991666666667,4.94166666667,80.4166666667,0.0,0.22975,0.0,10736.8046875,54.8333333333
2014.0,10.0,4.0,16.0,18.1058333333,64.5905,10.7958333333,62.3583333333,186.25,1.39166666667,6.30833333333,86.5,0.0509583333333,0.0168333333333,0.0,10736.8046875,54.8125
2014.0,10.0,4.0,17.0,17.3058333333,63.1505,9.75166666667,61.1166666667,101.75,0.625,3.95,80.4166666667,0.154125,0.0,0.0,10736.8046875,54.5
2014.0,10.0,4.0,18.0,15.7066666667,60.272,9.1025,64.8,7.16666666667,0.708333333333,4.34166666667,80.0,0.394,0.0,0.0,10736.8046875,54.5416666667
2014.0,10.0,4.0,19.0,14.6725,58.4105,5.595,54.4833333333,1.0,0.883333333333,5.09166666667,80.0833333333,0.549125,0.0,0.0,10736.8046875,54.4583333333
2014.0,10.0,4.0,20.0,13.375,56.075,3.96833333333,52.8666666667,1.0,1.4,6.4,78.75,0.74375,0.0,0.0,10736.8046875,53.4583333333
2014.0,10.0,4.0,21.0,11.7208333333,53.0975,2.51083333333,53.1583333333,1.0,2.375,7.85,80.1666666667,0.991875,0.0,0.0,10736.8046875,53.25
2014.0,10.0,4.0,22.0,10.4808333333,50.8655,2.01333333333,55.7333333333,1.0,1.025,4.86666666667,82.9166666667,1.177875,0.0,0.0,10736.8046875,53.3125
2014.0,10.0,4.0,23.0,9.73583333333,49.5245,1.845,57.8583333333,1.0,0.566666666667,3.99166666667,76.6666666667,1.289625,0.0,0.0,10736.8046875,52.1875
2014.0,10.0,5.0,0.0,9.145,48.461,1.16166666667,57.325,1.0,0.55,3.875,71.0,1.37825,0.0,0.0,10736.8046875,51.875
2014.0,10.0,5.0,1.0,8.6425,47.5565,1.21166666667,59.525,1.0,0.216666666667,2.68333333333,60.0833333333,1.453625,0.0,0.0,10736.8046875,51.7083333333
2014.0,10.0,5.0,2.0,8.54666666667,47.384,1.3375,60.45,1.0,0.291666666667,2.675,60.3333333333,1.468,0.0,0.0,10736.8046875,51.2708333333
2014.0,10.0,5.0,3.0,7.62583333333,45.7265,1.71333333333,66.1833333333,1.0,0.133333333333,1.89166666667,50.9166666667,1.606125,0.0,0.0,10736.8046875,51.5416666667
2014.0,10.0,5.0,4.0,6.775,44.195,2.15166666667,72.325,1.0,0.0666666666667,0.908333333333,52.5833333333,1.73375,0.0,0.0,10736.8046875,51.8541666667
2014.0,10.0,5.0,5.0,6.5,43.7,2.11333333333,73.5083333333,1.0,0.0166666666667,0.658333333333,56.25,1.775,0.0,0.0,10736.8046875,51.625
2014.0,10.0,5.0,6.0,6.13583333333,43.0445,2.0975,75.2916666667,2.5,0.1,1.05833333333,51.1666666667,1.829625,0.0,0.0,10736.8046875,51.7708333333
2014.0,10.0,5.0,7.0,7.77,45.986,1.45,64.4666666667,69.9166666667,0.341666666667,2.55,51.9166666667,1.5845,0.0,0.0,10736.8046875,50.1458333333
2014.0,10.0,5.0,8.0,10.3575,50.6435,1.00666666667,52.35,271.083333333,0.35,3.03333333333,59.5833333333,1.196375,0.0,0.0,10736.8046875,50.2708333333
2014.0,10.0,5.0,9.0,11.1183333333,52.013,1.41666666667,51.1833333333,436.583333333,0.95,4.54166666667,60.5833333333,1.08225,0.0,0.0,10736.8046875,49.6041666667
2014.0,10.0,5.0,10.0,12.6,54.68,2.01833333333,48.45,551.333333333,0.841666666667,4.38333333333,72.0,0.86,0.0,0.0,10736.8046875,51.1666666667
2014.0,10.0,5.0,11.0,13.9391666667,57.0905,3.19916666667,48.3083333333,688.75,1.075,5.45833333333,67.0833333333,0.659125,0.0,0.0,10736.8046875,52.6875
2014.0,10.0,5.0,12.0,14.9575,58.9235,3.26416666667,45.4083333333,712.666666667,1.475,5.8,62.8333333333,0.506375,0.0,0.0,10736.8046875,54.1041666667
2014.0,10.0,5.0,13.0,15.1541666667,59.2775,2.88333333333,43.6416666667,581.416666667,0.791666666667,4.525,60.8333333333,0.476875,0.0,0.0,10736.8046875,55.0416666667
2014.0,10.0,5.0,14.0,16.2075,61.1735,2.53916666667,39.9166666667,588.916666667,1.19166666667,5.30833333333,53.5833333333,0.318875,0.0,0.0,10736.8046875,53.9166666667
2014.0,10.0,5.0,15.0,16.3491666667,61.4285,2.575,39.6,477.416666667,1.10833333333,4.70833333333,48.0,0.297625,0.0,0.0,10736.8046875,53.5625
2014.0,10.0,5.0,16.0,15.2983333333,59.537,2.69416666667,42.6666666667,178.916666667,0.833333333333,3.925,56.1666666667,0.45525,0.0,0.0,10736.8046875,53.9791666667
2014.0,10.0,5.0,17.0,15.3508333333,59.6315,2.84833333333,43.0416666667,105.416666667,0.216666666667,1.95,60.3333333333,0.447375,0.0,0.0,10736.8046875,53.5416666667
2014.0,10.0,5.0,18.0,13.6025,56.4845,3.35583333333,49.9083333333,6.16666666667,0.05,0.816666666667,56.0833333333,0.709625,0.0,0.0,10736.8046875,53.6458333333
2014.0,10.0,5.0,19.0,13.0858333333,55.5545,3.51,52.1666666667,1.0,0.0,0.05,81.1666666667,0.787125,0.0,0.0,10736.8046875,53.9583333333
2014.0,10.0,5.0,20.0,12.56,54.608,3.77416666667,55.025,1.0,0.0,0.0,78.0,0.866,0.0,0.0,10736.8046875,53.75
2014.0,10.0,5.0,21.0,12.275,54.095,4.77083333333,60.2583333333,1.0,0.0,0.0,282.5,0.90875,0.0,0.0,10736.8046875,53.625
2014.0,10.0,5.0,22.0,11.9233333333,53.462,6.10833333333,67.5166666667,1.0,0.0,0.0166666666667,280.666666667,0.9615,0.0,0.0,10736.8046875,54.5833333333
2014.0,10.0,5.0,23.0,11.1891666667,52.1405,5.62916666667,68.55,1.0,0.0,0.0,267.666666667,1.071625,0.0,0.0,10736.8046875,53.0208333333
2014.0,10.0,6.0,0.0,11.145,52.061,5.70666666667,69.1166666667,1.0,0.0,0.0,271.583333333,1.07825,0.0,720.0,10736.8046875,51.6666666667
2014.0,10.0,6.0,1.0,10.6575,51.1835,5.55083333333,70.6333333333,1.0,0.0,0.0,264.833333333,1.151375,0.0,720.0,10736.8046875,51.6458333333
2014.0,10.0,6.0,2.0,10.4441666667,50.7995,5.40583333333,70.9333333333,1.0,0.0,0.0333333333333,284.416666667,1.183375,0.0,720.0,10736.8046875,51.125
2014.0,10.0,6.0,3.0,10.1958333333,50.3525,5.0375,70.2916666667,1.0,0.0,0.125,280.0,1.220625,0.0,720.0,10736.8046875,51.0
2014.0,10.0,6.0,4.0,10.2783333333,50.501,5.1825,70.6083333333,1.0,0.0,0.0,280.083333333,1.20825,0.0,720.0,10736.8046875,51.7708333333
2014.0,10.0,6.0,5.0,9.64833333333,49.367,5.81,76.95,1.0,0.0,0.0,262.916666667,1.30275,0.0,720.0,10736.8046875,50.9791666667
2014.0,10.0,6.0,6.0,9.59,49.262,6.57416666667,81.4166666667,2.33333333333,0.0,0.0,274.916666667,1.3115,0.0,720.0,10736.8046875,51.875
2014.0,10.0,6.0,7.0,11.79,53.222,6.70583333333,71.2,62.75,0.0,0.0,270.0,0.9815,0.0,720.0,10736.8046875,50.7291666667
2014.0,10.0,6.0,8.0,15.4175,59.7515,7.48,59.2333333333,255.5,0.0,0.0,304.5,0.437375,0.0,720.0,10736.8046875,52.9375
2014.0,10.0,6.0,9.0,16.1541666667,61.0775,9.0725,62.8166666667,418.583333333,0.5,3.03333333333,324.916666667,0.326875,0.0,720.0,10736.8046875,54.6458333333
2014.0,10.0,6.0,10.0,18.5383333333,65.369,8.99583333333,53.75,550.333333333,1.025,4.95833333333,285.333333333,0.0363333333333,0.0670833333333,720.0,10736.8046875,56.75
2014.0,10.0,6.0,11.0,20.5108333333,68.9195,7.9375,44.2916666667,634.416666667,1.1,5.475,203.25,0.0,0.326625,720.0,10736.8046875,58.0416666667
2014.0,10.0,6.0,12.0,21.8333333333,71.3,8.04583333333,41.1083333333,666.833333333,1.09166666667,5.59166666667,126.666666667,0.0,0.525,720.0,10736.8046875,58.25
2014.0,10.0,6.0,13.0,21.4883333333,70.679,8.41,43.0416666667,640.916666667,1.83333333333,7.275,287.0,0.0,0.47325,720.0,10736.8046875,57.8125
2014.0,10.0,6.0,14.0,21.8375,71.3075,8.3025,41.8416666667,568.083333333,1.76666666667,7.03333333333,309.666666667,0.0,0.525625,720.0,10736.8046875,58.3333333333
2014.0,10.0,6.0,15.0,22.1233333333,71.822,8.395,41.3583333333,451.25,1.71666666667,6.41666666667,341.916666667,0.0,0.5685,720.0,10736.8046875,58.4583333333
2014.0,10.0,6.0,16.0,22.825,73.085,8.8025,40.75,297.666666667,1.55833333333,5.78333333333,337.416666667,0.0,0.67375,720.0,10736.8046875,58.6875
2014.0,10.0,6.0,17.0,21.3383333333,70.409,9.30083333333,46.1916666667,126.416666667,1.69166666667,6.31666666667,327.0,0.0,0.45075,720.0,10736.8046875,57.7708333333
2014.0,10.0,6.0,18.0,18.7066666667,65.672,10.5383333333,59.0166666667,3.83333333333,0.675,4.65,318.833333333,0.006875,0.062875,720.0,10736.8046875,57.9375
2014.0,10.0,6.0,19.0,17.5933333333,63.668,11.2841666667,66.4583333333,1.0,0.658333333333,4.55,323.583333333,0.111,0.0,720.0,10736.8046875,56.6458333333
2014.0,10.0,6.0,20.0,17.2125,62.9825,11.4483333333,68.8,1.0,0.875,5.06666666667,329.5,0.168125,0.0,720.0,10736.8046875,56.3125
2014.0,10.0,6.0,21.0,16.8783333333,62.381,11.1433333333,68.8666666667,1.0,0.466666666667,3.50833333333,327.5,0.21825,0.0,720.0,10736.8046875,56.2291666667
2014.0,10.0,6.0,22.0,16.8966666667,62.414,11.6033333333,70.9166666667,1.0,0.625,4.00833333333,326.416666667,0.2155,0.0,720.0,10736.8046875,56.9791666667
2014.0,10.0,6.0,23.0,17.2491666667,63.0485,12.1733333333,72.0,1.0,0.508333333333,3.5,325.0,0.162625,0.0,720.0,10736.8046875,55.6875
2014.0,10.0,7.0,0.0,17.4383333333,63.389,12.6191666667,73.2583333333,1.0,0.233333333333,2.625,322.5,0.13425,0.0,720.0,10736.8046875,54.625
2014.0,10.0,7.0,1.0,17.3883333333,63.299,12.7325,74.0333333333,1.0,0.283333333333,2.63333333333,325.416666667,0.14175,0.0,720.0,10736.8046875,53.4791666667
2014.0,10.0,7.0,2.0,17.975,64.355,12.3608333333,69.65,1.0,0.4,3.49166666667,331.0,0.0547083333333,0.000958333333333,720.0,10736.8046875,53.0625
2014.0,10.0,7.0,3.0,17.9575,64.3235,13.4316666667,75.3916666667,1.0,0.466666666667,4.04166666667,314.75,0.0652916666667,0.00891666666667,720.0,10736.8046875,52.75
2014.0,10.0,7.0,4.0,17.2208333333,62.9975,13.1591666667,76.9583333333,1.0,0.15,2.1,287.333333333,0.166875,0.0,720.0,10736.8046875,53.3541666667
2014.0,10.0,7.0,5.0,17.1708333333,62.9075,12.72,75.0083333333,1.0,0.175,1.75833333333,63.0,0.174375,0.0,720.0,10736.8046875,53.9166666667
2014.0,10.0,7.0,6.0,17.195,62.951,12.525,73.9416666667,1.58333333333,0.291666666667,3.15833333333,150.0,0.17075,0.0,720.0,10736.8046875,53.5625
2014.0,10.0,7.0,7.0,17.3091666667,63.1565,12.5358333333,73.4583333333,33.9166666667,0.216666666667,3.00833333333,277.916666667,0.153625,0.0,720.0,10736.8046875,52.6041666667
2014.0,10.0,7.0,8.0,17.9591666667,64.3265,12.2183333333,69.0916666667,142.666666667,0.208333333333,2.1,97.4166666667,0.0607916666667,0.00466666666667,720.0,10736.8046875,49.2692307692
2014.0,10.0,7.0,9.0,18.9841666667,66.1715,12.3208333333,65.2333333333,370.166666667,0.8,4.54166666667,39.1666666667,0.0102083333333,0.107833333333,720.0,10736.8046875,55.3541666667
2014.0,10.0,7.0,10.0,19.5775,67.2395,12.3216666667,62.85,373.5,1.74166666667,6.55,45.0833333333,0.0,0.186625,720.0,10736.8046875,48.7884615385
2014.0,10.0,7.0,11.0,20.2716666667,68.489,12.6616666667,61.5666666667,373.166666667,0.591666666667,3.6,34.75,0.0,0.29075,720.0,10736.8046875,58.3958333333
2014.0,10.0,7.0,12.0,20.6633333333,69.194,12.4108333333,59.1166666667,294.416666667,0.283333333333,3.075,86.4166666667,0.0,0.3495,720.0,10736.8046875,57.6041666667
2014.0,10.0,7.0,13.0,19.8625,67.7525,12.9183333333,64.2083333333,119.916666667,0.158333333333,1.36666666667,45.6666666667,0.0,0.229375,720.0,10736.8046875,57.7708333333
2014.0,10.0,7.0,14.0,20.95,69.71,13.0458333333,60.5666666667,225.0,0.116666666667,1.875,50.5833333333,0.0,0.3925,720.0,10736.8046875,57.4791666667
2014.0,10.0,7.0,15.0,21.2375,70.2275,12.2075,56.325,212.583333333,0.258333333333,2.10833333333,55.0,0.0,0.435625,720.0,10736.8046875,59.9166666667
2014.0,10.0,7.0,16.0,21.3875,70.4975,11.6825,53.9,129.833333333,0.0166666666667,0.3,291.416666667,0.0,0.458125,720.0,10736.8046875,58.8958333333
2014.0,10.0,7.0,17.0,20.8916666667,69.605,11.9625,56.625,46.0833333333,0.0,0.0,300.25,0.0,0.38375,720.0,10736.8046875,59.75
2014.0,10.0,7.0,18.0,20.2166666667,68.39,14.0733333333,67.7916666667,3.16666666667,0.0166666666667,0.55,300.75,0.0,0.2825,720.0,10736.8046875,59.1041666667
2014.0,10.0,7.0,19.0,19.5308333333,67.1555,15.42,77.0666666667,1.0,0.233333333333,2.09166666667,325.166666667,0.0,0.179625,720.0,10736.8046875,58.2291666667
2014.0,10.0,7.0,20.0,19.1316666667,66.437,16.0166666667,82.125,1.0,0.475,3.925,328.083333333,0.0,0.11975,720.0,10736.8046875,57.1875
2014.0,10.0,7.0,21.0,17.8091666667,64.0565,16.3533333333,91.325,1.0,0.558333333333,4.25833333333,334.416666667,0.0980833333333,0.0194583333333,720.0,10736.8046875,56.2916666667
2014.0,10.0,7.0,22.0,16.4858333333,61.6745,16.4766666667,99.8,1.0,1.53333333333,6.29166666667,336.75,0.277125,0.0,720.0,10736.8046875,55.5208333333
2014.0,10.0,7.0,23.0,16.8425,62.3165,16.7866666667,99.5083333333,1.0,0.316666666667,2.625,339.083333333,0.223625,0.0,720.0,10736.8046875,54.6666666667
2014.0,10.0,8.0,0.0,17.4866666667,63.476,17.4183333333,99.4416666667,1.0,1.175,5.41666666667,308.416666667,0.127,0.0,720.0,10736.8046875,55.4166666667
2014.0,10.0,8.0,1.0,18.3608333333,65.0495,17.135,92.55,1.0,1.33333333333,6.25833333333,39.0833333333,0.0136666666667,0.0177916666667,720.0,10736.8046875,54.0625
2014.0,10.0,8.0,2.0,18.3683333333,65.063,16.4216666667,88.3083333333,1.0,0.65,4.18333333333,46.6666666667,0.00558333333333,0.0108333333333,720.0,10736.8046875,54.6041666667
2014.0,10.0,8.0,3.0,17.9508333333,64.3115,16.255,89.7,1.0,0.0,0.0,55.6666666667,0.057375,0.0,720.0,10736.8046875,54.0208333333
2014.0,10.0,8.0,4.0,17.2166666667,62.99,15.8008333333,91.275,1.0,0.0,0.0,55.1666666667,0.1675,0.0,720.0,10736.8046875,54.7083333333
2014.0,10.0,8.0,5.0,16.5058333333,61.7105,15.3483333333,92.7583333333,1.0,0.0,0.0,52.5,0.274125,0.0,720.0,10736.8046875,53.9583333333
2014.0,10.0,8.0,6.0,15.8725,60.5705,14.8583333333,93.5916666667,1.83333333333,0.0,0.0,54.1666666667,0.369125,0.0,720.0,10736.8046875,55.1458333333
2014.0,10.0,8.0,7.0,16.7966666667,62.234,14.2325,84.8833333333,47.0833333333,0.0,0.0,59.1666666667,0.2305,0.0,720.0,10736.8046875,54.7708333333
2014.0,10.0,8.0,8.0,18.1458333333,64.6625,13.295,73.275,249.25,0.0,0.0,57.6666666667,0.03225,0.004125,720.0,10736.8046875,55.5
2014.0,10.0,8.0,9.0,19.1758333333,66.5165,12.7358333333,66.2666666667,412.666666667,0.0,0.0,64.0833333333,0.000416666666667,0.126791666667,720.0,10736.8046875,55.7291666667
2014.0,10.0,8.0,10.0,20.7825,69.4085,11.6808333333,55.9583333333,549.583333333,0.0,0.0,69.5,0.0,0.367375,720.0,10736.8046875,58.8333333333
2014.0,10.0,8.0,11.0,22.0916666667,71.765,10.7483333333,48.55,635.75,0.8,3.14166666667,59.9166666667,0.0,0.56375,720.0,10736.8046875,58.7291666667
2014.0,10.0,8.0,12.0,22.74,72.932,10.7633333333,46.6916666667,632.333333333,2.25,6.875,60.5,0.0,0.661,720.0,10736.8046875,58.125
2014.0,10.0,8.0,13.0,22.6866666667,72.836,10.3233333333,45.5,596.5,3.03333333333,7.9,60.1666666667,0.0,0.653,720.0,10736.8046875,57.5
2014.0,10.0,8.0,14.0,23.0416666667,73.475,9.76166666667,42.9083333333,474.833333333,2.30833333333,7.95833333333,62.25,0.0,0.70625,720.0,10736.8046875,58.25
2014.0,10.0,8.0,15.0,23.62,74.516,9.24833333333,40.0416666667,499.5,1.55,5.86666666667,68.1666666667,0.0,0.793,720.0,10736.8046875,58.3958333333
2014.0,10.0,8.0,16.0,23.0216666667,73.439,9.00833333333,40.8333333333,216.083333333,2.3,7.05,62.0,0.0,0.70325,720.0,10736.8046875,60.1041666667
2014.0,10.0,8.0,17.0,22.4016666667,72.323,9.44,43.675,102.583333333,0.941666666667,4.775,58.8333333333,0.0,0.61025,720.0,10736.8046875,59.6875
2014.0,10.0,8.0,18.0,20.4983333333,68.897,10.0166666667,50.9916666667,5.25,0.1,1.03333333333,60.0833333333,0.0,0.32475,720.0,10736.8046875,58.0208333333
2014.0,10.0,8.0,19.0,19.8891666667,67.8005,10.2483333333,53.725,1.0,0.0166666666667,0.475,59.5833333333,0.0,0.233375,720.0,10736.8046875,57.125
2014.0,10.0,8.0,20.0,19.195,66.551,9.61916666667,53.7833333333,1.0,0.308333333333,3.025,68.9166666667,0.0,0.12925,720.0,10736.8046875,57.1041666667
2014.0,10.0,8.0,21.0,17.9441666667,64.2995,8.6225,54.3833333333,1.0,0.05,1.15,89.25,0.0597083333333,0.00133333333333,720.0,10736.8046875,55.5416666667
2014.0,10.0,8.0,22.0,16.9983333333,62.597,7.49833333333,53.4833333333,1.0,0.0333333333333,1.95833333333,93.4166666667,0.20025,0.0,720.0,10736.8046875,55.2916666667
2014.0,10.0,8.0,23.0,16.2341666667,61.2215,6.90333333333,53.9083333333,1.0,0.0333333333333,0.9,80.4166666667,0.314875,0.0,720.0,10736.8046875,54.25
2014.0,10.0,9.0,0.0,15.28,59.504,7.105,58.1166666667,1.0,0.0,0.0166666666667,58.0,0.458,0.0,720.0,10736.8046875,52.5833333333
2014.0,10.0,9.0,1.0,14.645,58.361,7.4125,61.8166666667,1.0,0.0,0.0916666666667,63.5,0.55325,0.0,720.0,10736.8046875,52.6875
2014.0,10.0,9.0,2.0,13.9375,57.0875,7.39666666667,64.6333333333,1.0,0.0166666666667,0.683333333333,63.6666666667,0.659375,0.0,720.0,10736.8046875,52.0625
2014.0,10.0,9.0,3.0,12.845,55.121,7.425,69.5583333333,1.0,0.0,0.591666666667,56.4166666667,0.82325,0.0,720.0,10736.8046875,52.1875
2014.0,10.0,9.0,4.0,12.4233333333,54.362,7.11916666667,70.0166666667,1.0,0.0,0.191666666667,57.5,0.8865,0.0,720.0,10736.8046875,52.75
2014.0,10.0,9.0,5.0,12.44,54.392,6.25,65.8833333333,1.0,0.0,0.0833333333333,64.8333333333,0.884,0.0,720.0,10736.8046875,52.3333333333
2014.0,10.0,9.0,6.0,11.81,53.258,5.90833333333,67.0666666667,1.83333333333,0.0,0.0166666666667,56.0,0.9785,0.0,720.0,10736.8046875,52.875
2014.0,10.0,9.0,7.0,13.21,55.778,5.38916666667,59.275,67.5,0.0,0.0333333333333,54.4166666667,0.7685,0.0,720.0,10736.8046875,52.0833333333
2014.0,10.0,9.0,8.0,15.1308333333,59.2355,4.83333333333,50.1583333333,241.5,0.0,0.0166666666667,48.25,0.480375,0.0,720.0,10736.8046875,53.4375
2014.0,10.0,9.0,9.0,16.5591666667,61.8065,5.11,46.7166666667,441.666666667,0.425,2.38333333333,48.4166666667,0.266125,0.0,720.0,10736.8046875,53.8333333333
2014.0,10.0,9.0,10.0,18.7,65.66,6.3775,44.5166666667,552.5,0.408333333333,2.94166666667,40.6666666667,0.0126666666667,0.0676666666667,720.0,10736.8046875,56.3125
2014.0,10.0,9.0,11.0,19.415,66.947,5.045,38.825,676.0,1.58333333333,5.6,55.6666666667,0.0,0.16225,720.0,10736.8046875,58.0416666667
2014.0,10.0,9.0,12.0,20.7658333333,69.3785,4.87583333333,35.2916666667,689.5,1.94166666667,6.95,54.3333333333,0.0,0.364875,720.0,10736.8046875,57.5208333333
2014.0,10.0,9.0,13.0,20.6291666667,69.1325,4.64833333333,35.0166666667,628.25,2.36666666667,7.60833333333,53.5833333333,0.0,0.344375,720.0,10736.8046875,57.0416666667
2014.0,10.0,9.0,14.0,20.6441666667,69.1595,5.80333333333,37.9666666667,302.833333333,1.08333333333,5.1,51.4166666667,0.0,0.346625,720.0,10736.8046875,58.1041666667
2014.0,10.0,9.0,15.0,19.8466666667,67.724,6.13666666667,40.75,149.75,1.41666666667,5.65833333333,58.1666666667,0.0,0.227,720.0,10736.8046875,57.5
2014.0,10.0,9.0,16.0,19.3183333333,66.773,6.59833333333,43.4666666667,84.8333333333,0.95,5.25833333333,53.75,0.0,0.14775,720.0,10736.8046875,59.0416666667
2014.0,10.0,9.0,17.0,18.9508333333,66.1115,6.66416666667,44.6916666667,41.3333333333,0.6,3.70833333333,55.6666666667,0.0,0.092625,720.0,10736.8046875,58.2083333333
2014.0,10.0,9.0,18.0,18.2383333333,64.829,7.48916666667,49.4833333333,1.91666666667,0.308333333333,3.15,52.8333333333,0.0216666666667,0.00741666666667,720.0,10736.8046875,57.7291666667
2014.0,10.0,9.0,19.0,17.6133333333,63.704,9.12833333333,57.4666666667,1.0,0.166666666667,2.08333333333,53.6666666667,0.108,0.0,720.0,10736.8046875,56.0
2014.0,10.0,9.0,20.0,16.895,62.411,8.90833333333,59.2666666667,1.0,0.116666666667,1.50833333333,61.1666666667,0.21575,0.0,720.0,10736.8046875,56.0416666667
2014.0,10.0,9.0,21.0,15.8558333333,60.5405,9.18333333333,64.4833333333,1.0,0.0,0.0333333333333,61.1666666667,0.371625,0.0,720.0,10736.8046875,54.9375
2014.0,10.0,9.0,22.0,15.0666666667,59.12,8.94333333333,66.7416666667,1.0,0.0,0.0,84.3333333333,0.49,0.0,720.0,10736.8046875,54.1875
2014.0,10.0,9.0,23.0,14.8825,58.7885,7.39833333333,60.825,1.0,0.0,0.308333333333,101.166666667,0.517625,0.0,720.0,10736.8046875,53.8541666667
2014.0,10.0,10.0,0.0,14.2933333333,57.728,6.6175,59.875,1.0,0.0,0.0333333333333,97.4166666667,0.606,0.0,720.0,10736.8046875,53.2083333333
2014.0,10.0,10.0,1.0,13.6508333333,56.5715,6.65083333333,62.575,1.0,0.0166666666667,0.341666666667,80.0833333333,0.702375,0.0,720.0,10736.8046875,53.4583333333
2014.0,10.0,10.0,2.0,13.1441666667,55.6595,6.02666666667,61.95,1.0,0.0,0.2,79.5,0.778375,0.0,720.0,10736.8046875,52.7708333333
2014.0,10.0,10.0,3.0,12.7183333333,54.893,5.72166666667,62.375,1.0,0.0,0.0,87.75,0.84225,0.0,720.0,10736.8046875,52.875
2014.0,10.0,10.0,4.0,11.9633333333,53.534,5.70083333333,65.4583333333,1.0,0.0,0.0166666666667,176.166666667,0.9555,0.0,720.0,10736.8046875,53.1041666667
2014.0,10.0,10.0,5.0,12.0391666667,53.6705,5.85,65.8083333333,1.0,0.0,0.0833333333333,186.75,0.944125,0.0,720.0,10736.8046875,53.0625
2014.0,10.0,10.0,6.0,12.0641666667,53.7155,6.23,67.4416666667,2.33333333333,0.0,0.158333333333,181.583333333,0.940375,0.0,720.0,10736.8046875,53.1666666667
2014.0,10.0,10.0,7.0,12.3333333333,54.2,6.33416666667,66.7333333333,23.25,0.0,0.158333333333,202.5,0.9,0.0,720.0,10736.8046875,51.7291666667
2014.0,10.0,10.0,8.0,13.1891666667,55.7405,6.235,62.675,62.75,0.0,0.0166666666667,169.75,0.771625,0.0,720.0,10736.8046875,53.2291666667
2014.0,10.0,10.0,9.0,14.445,58.001,5.50333333333,54.9666666667,149.0,0.0333333333333,0.525,196.5,0.58325,0.0,720.0,10736.8046875,55.0416666667
2014.0,10.0,10.0,10.0,15.405,59.729,4.5025,48.1583333333,188.833333333,0.0,0.3,198.5,0.43925,0.0,720.0,10736.8046875,56.8541666667
2014.0,10.0,10.0,11.0,15.1925,59.3465,4.33166666667,48.2166666667,125.916666667,0.0,0.183333333333,190.666666667,0.471125,0.0,720.0,10736.8046875,56.1041666667
2014.0,10.0,10.0,12.0,15.7291666667,60.3125,4.56166666667,47.3666666667,145.5,0.0,0.0333333333333,204.25,0.390625,0.0,720.0,10736.8046875,56.9375
2014.0,10.0,10.0,13.0,15.9166666667,60.65,5.36833333333,49.4833333333,144.166666667,0.0,0.0,191.416666667,0.3625,0.0,720.0,10736.8046875,57.1041666667
2014.0,10.0,10.0,14.0,16.3283333333,61.391,5.76666666667,49.5583333333,144.333333333,0.0,0.0,238.916666667,0.30075,0.0,720.0,10736.8046875,57.375
2014.0,10.0,10.0,15.0,15.95,60.71,5.95416666667,51.4583333333,100.416666667,0.0,0.0,213.75,0.3575,0.0,720.0,10736.8046875,58.8125
2014.0,10.0,10.0,16.0,16.0291666667,60.8525,5.93583333333,51.1,79.0,0.0,0.0,201.166666667,0.345625,0.0,720.0,10736.8046875,58.8958333333
2014.0,10.0,10.0,17.0,15.2483333333,59.447,6.2225,54.8083333333,18.75,0.0,0.0333333333333,121.916666667,0.46275,0.0,720.0,10736.8046875,58.3958333333
2014.0,10.0,10.0,18.0,14.9566666667,58.922,7.15583333333,59.5333333333,1.33333333333,0.0,0.0,180.333333333,0.5065,0.0,720.0,10736.8046875,56.1875
2014.0,10.0,10.0,19.0,14.9591666667,58.9265,7.64333333333,61.5333333333,1.0,0.0,0.0166666666667,166.083333333,0.506125,0.0,720.0,10736.8046875,55.8125
2014.0,10.0,10.0,20.0,14.97,58.946,7.62083333333,61.4166666667,1.0,0.0,0.05,153.666666667,0.5045,0.0,720.0,10736.8046875,56.3958333333
2014.0,10.0,10.0,21.0,14.4408333333,57.9935,8.03666666667,65.3416666667,1.0,0.0,0.1,156.25,0.583875,0.0,720.0,10736.8046875,54.1666666667
2014.0,10.0,10.0,22.0,14.3541666667,57.8375,7.70083333333,64.2333333333,1.0,0.0,0.0666666666667,201.916666667,0.596875,0.0,720.0,10736.8046875,55.1041666667
2014.0,10.0,10.0,23.0,14.4866666667,58.076,7.965,64.8416666667,1.0,0.0,0.0166666666667,201.583333333,0.577,0.0,720.0,10736.8046875,54.3125
2014.0,10.0,11.0,0.0,13.9375,57.0875,8.17416666667,68.15,1.0,0.0,0.0333333333333,201.75,0.659375,0.0,0.0,10736.8046875,53.8333333333
2014.0,10.0,11.0,1.0,13.9558333333,57.1205,8.76166666667,70.8333333333,1.0,0.0166666666667,0.5,197.0,0.656625,0.0,0.0,10736.8046875,53.4166666667
2014.0,10.0,11.0,2.0,12.8141666667,55.0655,10.1991666667,84.275,1.0,0.0,0.258333333333,206.666666667,0.827875,0.0,0.0,10736.8046875,53.0416666667
2014.0,10.0,11.0,3.0,11.5941666667,52.8695,10.67,94.1166666667,1.0,0.0,0.183333333333,214.833333333,1.010875,0.0,0.0,10736.8046875,52.8125
2014.0,10.0,11.0,4.0,10.7766666667,51.398,10.7633333333,99.8416666667,1.0,0.133333333333,1.98333333333,189.083333333,1.1335,0.0,0.0,10736.8046875,53.6041666667
2014.0,10.0,11.0,5.0,10.5741666667,51.0335,-12.2425,56.975,1.0,0.275,2.28333333333,185.75,1.163875,0.0,0.0,10736.8046875,52.9166666667
2014.0,10.0,11.0,6.0,10.5508333333,50.9915,-43.5183333333,1.0,1.0,0.508333333333,3.31666666667,179.25,1.167375,0.0,0.0,10736.8046875,53.0625
2014.0,10.0,11.0,7.0,10.4675,50.8415,-43.5716666667,1.0,3.66666666667,0.508333333333,3.09166666667,182.833333333,1.179875,0.0,0.0,10736.8046875,51.375
2014.0,10.0,11.0,8.0,10.705,51.269,-43.4225,1.0,17.9166666667,0.408333333333,3.25,183.5,1.14425,0.0,0.0,10736.8046875,50.625
2014.0,10.0,11.0,9.0,11.0808333333,51.9455,-43.195,1.0,36.9166666667,0.258333333333,2.34166666667,188.833333333,1.087875,0.0,0.0,10736.8046875,51.0
2014.0,10.0,11.0,10.0,11.6583333333,52.985,-42.8391666667,1.0,64.6666666667,0.1,1.66666666667,192.833333333,1.00125,0.0,0.0,10736.8046875,52.2291666667
2014.0,10.0,11.0,11.0,12.2,53.96,-24.4033333333,33.1166666667,53.3333333333,0.4,2.71666666667,166.5,0.92,0.0,0.0,10736.8046875,52.7916666667
2014.0,10.0,11.0,12.0,11.9966666667,53.594,11.8333333333,98.85,45.25,0.866666666667,3.96666666667,151.75,0.9505,0.0,0.0,10736.8046875,53.5833333333
2014.0,10.0,11.0,13.0,12.005,53.609,10.6841666667,91.95,45.4166666667,0.816666666667,4.06666666667,148.583333333,0.94925,0.0,0.0,10736.8046875,53.6875
2014.0,10.0,11.0,14.0,12.0658333333,53.7185,10.9041666667,92.525,52.5,0.716666666667,4.25833333333,148.75,0.940125,0.0,0.0,10736.8046875,53.1875
2014.0,10.0,11.0,15.0,12.2816666667,54.107,10.63,89.5916666667,64.0,0.541666666667,3.16666666667,168.583333333,0.90775,0.0,0.0,10736.8046875,53.5625
2014.0,10.0,11.0,16.0,12.4683333333,54.443,10.5175,87.825,44.4166666667,0.366666666667,2.7,167.5,0.87975,0.0,0.0,10736.8046875,53.9166666667
2014.0,10.0,11.0,17.0,11.6125,52.9025,10.4975,92.95,7.75,0.516666666667,2.84166666667,187.416666667,1.008125,0.0,0.0,10736.8046875,53.6041666667
2014.0,10.0,11.0,18.0,10.7308333333,51.3155,10.7083333333,99.775,1.33333333333,0.116666666667,1.54166666667,177.333333333,1.140375,0.0,0.0,10736.8046875,53.0208333333
2014.0,10.0,11.0,19.0,11.0825,51.9485,10.5708333333,96.5833333333,1.0,0.0,0.0,192.333333333,1.087625,0.0,0.0,10736.8046875,52.4791666667
2014.0,10.0,11.0,20.0,10.8075,51.4535,10.1708333333,95.775,1.0,0.0,0.0,141.5,1.128875,0.0,0.0,10736.8046875,52.3541666667
2014.0,10.0,11.0,21.0,10.5458333333,50.9825,10.1275,97.1833333333,1.0,0.0,0.35,144.666666667,1.168125,0.0,0.0,10736.8046875,52.375
2014.0,10.0,11.0,22.0,10.5108333333,50.9195,10.1483333333,97.5333333333,1.0,0.0333333333333,0.616666666667,112.833333333,1.173375,0.0,0.0,10736.8046875,52.8333333333
2014.0,10.0,11.0,23.0,10.5625,51.0125,10.0108333333,96.3083333333,1.0,0.0833333333333,0.975,129.25,1.165625,0.0,0.0,10736.8046875,52.2083333333
2014.0,10.0,12.0,0.0,10.4066666667,50.732,9.66333333333,95.075,1.0,0.216666666667,1.83333333333,154.75,1.189,0.0,0.0,10736.8046875,51.875
2014.0,10.0,12.0,1.0,9.78083333333,49.6055,9.19083333333,96.05,1.0,0.133333333333,1.25833333333,157.666666667,1.282875,0.0,0.0,10736.8046875,51.0208333333
2014.0,10.0,12.0,2.0,9.43833333333,48.989,8.5725,94.275,1.0,0.475,2.775,144.333333333,1.33425,0.0,0.0,10736.8046875,50.5208333333
2014.0,10.0,12.0,3.0,8.81583333333,47.8685,7.63916666667,92.2666666667,1.0,0.408333333333,2.36666666667,147.666666667,1.427625,0.0,0.0,10736.8046875,50.2916666667
2014.0,10.0,12.0,4.0,8.12833333333,46.631,6.84916666667,91.5916666667,1.0,0.0166666666667,0.45,158.833333333,1.53075,0.0,0.0,10736.8046875,50.8541666667
2014.0,10.0,12.0,5.0,7.78166666667,46.007,6.43916666667,91.175,1.0,0.0833333333333,1.16666666667,171.5,1.58275,0.0,0.0,10736.8046875,50.6666666667
2014.0,10.0,12.0,6.0,7.56333333333,45.614,6.01333333333,89.875,1.91666666667,0.15,1.05833333333,163.5,1.6155,0.0,0.0,10736.8046875,50.7916666667
2014.0,10.0,12.0,7.0,8.93,48.074,5.72833333333,80.6,72.4166666667,0.166666666667,1.625,136.916666667,1.4105,0.0,0.0,10736.8046875,49.2083333333
2014.0,10.0,12.0,8.0,10.34,50.612,5.565,72.325,193.666666667,0.166666666667,2.025,159.5,1.199,0.0,0.0,10736.8046875,49.4375
2014.0,10.0,12.0,9.0,11.7483333333,53.147,6.335,69.4166666667,410.75,0.375,2.55833333333,172.833333333,0.98775,0.0,0.0,10736.8046875,49.0625
2014.0,10.0,12.0,10.0,14.0083333333,57.215,7.34,64.1,542.916666667,0.308333333333,2.15,210.833333333,0.64875,0.0,0.0,10736.8046875,50.0208333333
2014.0,10.0,12.0,11.0,16.215,61.187,8.5875,60.55,634.666666667,0.15,1.63333333333,223.083333333,0.31775,0.0,0.0,10736.8046875,50.6458333333
2014.0,10.0,12.0,12.0,18.2166666667,64.79,8.79416666667,54.1583333333,676.083333333,0.0333333333333,0.941666666667,244.666666667,0.0665,0.049,0.0,10736.8046875,51.6458333333
2014.0,10.0,12.0,13.0,18.0616666667,64.511,6.68,47.3083333333,645.416666667,0.0,0.45,199.416666667,0.0757083333333,0.0349583333333,0.0,10736.8046875,51.2708333333
2014.0,10.0,12.0,14.0,18.4675,65.2415,5.21,41.7166666667,539.75,0.05,0.566666666667,238.833333333,0.0344583333333,0.0545833333333,0.0,10736.8046875,51.2083333333
2014.0,10.0,12.0,15.0,19.0483333333,66.287,4.6725,38.85,433.583333333,0.05,0.825,303.166666667,0.0125833333333,0.119833333333,0.0,10736.8046875,51.5625
2014.0,10.0,12.0,16.0,19.7475,67.5455,5.6025,39.5416666667,284.833333333,0.0,0.0833333333333,233.083333333,0.0,0.212125,0.0,10736.8046875,53.6458333333
2014.0,10.0,12.0,17.0,18.0033333333,64.406,5.74416666667,44.575,106.916666667,0.0166666666667,0.5,309.166666667,0.0785416666667,0.0290416666667,0.0,10736.8046875,53.1458333333
2014.0,10.0,12.0,18.0,15.2116666667,59.381,6.96666666667,57.8166666667,2.0,0.0,0.05,313.0,0.46825,0.0,0.0,10736.8046875,53.1666666667
2014.0,10.0,12.0,19.0,14.7558333333,58.5605,7.55333333333,61.9916666667,1.0,0.0,0.0166666666667,300.916666667,0.536625,0.0,0.0,10736.8046875,52.4166666667
2014.0,10.0,12.0,20.0,14.0516666667,57.293,8.40333333333,68.7666666667,1.0,0.0,0.7,301.916666667,0.64225,0.0,0.0,10736.8046875,52.1875
2014.0,10.0,12.0,21.0,13.8016666667,56.843,9.19416666667,73.6666666667,1.0,0.0666666666667,0.983333333333,325.5,0.67975,0.0,0.0,10736.8046875,52.9583333333
2014.0,10.0,12.0,22.0,13.6166666667,56.51,9.32666666667,75.2166666667,1.0,0.0,0.716666666667,289.333333333,0.7075,0.0,0.0,10736.8046875,53.125
2014.0,10.0,12.0,23.0,13.7566666667,56.762,9.35166666667,74.675,1.0,0.0,0.1,287.333333333,0.6865,0.0,0.0,10736.8046875,52.0625
2014.0,10.0,13.0,0.0,13.9591666667,57.1265,9.26583333333,73.2583333333,1.0,0.0,0.0916666666667,290.416666667,0.656125,0.0,720.0,10736.8046875,51.9791666667
2014.0,10.0,13.0,1.0,14.0766666667,57.338,9.20416666667,72.4083333333,1.0,0.0,0.1,291.5,0.6385,0.0,720.0,10736.8046875,52.5416666667
2014.0,10.0,13.0,2.0,14.0783333333,57.341,9.2,72.3833333333,1.0,0.0,0.0666666666667,288.666666667,0.63825,0.0,720.0,10736.8046875,51.4166666667
2014.0,10.0,13.0,3.0,13.9,57.02,9.555,75.0333333333,1.0,0.0,0.0,276.833333333,0.665,0.0,720.0,10736.8046875,51.6666666667
2014.0,10.0,13.0,4.0,13.99,57.182,9.86583333333,76.125,1.0,0.0,0.0,279.833333333,0.6515,0.0,720.0,10736.8046875,51.875
2014.0,10.0,13.0,5.0,14.1575,57.4835,10.0283333333,76.125,1.0,0.0,0.0,277.166666667,0.626375,0.0,720.0,10736.8046875,52.0
2014.0,10.0,13.0,6.0,14.4975,58.0955,10.3,75.8333333333,1.0,0.0,0.0,277.5,0.575375,0.0,720.0,10736.8046875,52.5
2014.0,10.0,13.0,7.0,14.5958333333,58.2725,10.7025,77.4,11.0,0.0,0.0,278.75,0.560625,0.0,720.0,10736.8046875,51.5833333333
2014.0,10.0,13.0,8.0,15.5941666667,60.0695,11.4208333333,76.1333333333,64.1666666667,0.0166666666667,0.208333333333,284.083333333,0.410875,0.0,720.0,10736.8046875,53.6458333333
2014.0,10.0,13.0,9.0,16.625,61.925,11.805,73.1166666667,131.416666667,0.133333333333,1.675,287.916666667,0.25625,0.0,720.0,10736.8046875,55.0
2014.0,10.0,13.0,10.0,17.11,62.798,12.3591666667,73.5333333333,119.166666667,0.3,2.175,297.0,0.1835,0.0,720.0,10736.8046875,56.7708333333
2014.0,10.0,13.0,11.0,17.2958333333,63.1325,13.0475,76.0166666667,134.083333333,0.416666666667,2.66666666667,299.416666667,0.155625,0.0,720.0,10736.8046875,57.25
2014.0,10.0,13.0,12.0,17.715,63.887,13.7041666667,77.2833333333,118.833333333,0.333333333333,2.54166666667,304.833333333,0.09275,0.0,720.0,10736.8046875,58.6666666667
2014.0,10.0,13.0,13.0,16.4058333333,61.5305,14.9841666667,91.4666666667,71.4166666667,0.216666666667,1.98333333333,336.416666667,0.289125,0.0,720.0,10736.8046875,58.6458333333
2014.0,10.0,13.0,14.0,16.4983333333,61.697,15.6016666667,94.325,58.9166666667,0.0333333333333,0.966666666667,311.583333333,0.27525,0.0,720.0,10736.8046875,59.125
2014.0,10.0,13.0,15.0,16.1566666667,61.082,15.77,97.4416666667,38.1666666667,0.0166666666667,0.5,294.583333333,0.3265,0.0,720.0,10736.8046875,58.4583333333
2014.0,10.0,13.0,16.0,16.3391666667,61.4105,16.2208333333,99.125,20.4166666667,0.0,0.275,285.166666667,0.299125,0.0,720.0,10736.8046875,59.7708333333
2014.0,10.0,13.0,17.0,16.6208333333,61.9175,16.6375,99.9666666667,5.91666666667,0.0166666666667,0.8,299.5,0.256875,0.0,720.0,10736.8046875,59.0208333333
2014.0,10.0,13.0,18.0,17.0475,62.6855,16.9966666667,99.55,1.0,0.0,0.0,307.333333333,0.192875,0.0,720.0,10736.8046875,58.4583333333
2014.0,10.0,13.0,19.0,17.4775,63.4595,17.3516666667,99.0666666667,1.0,0.0,0.0,313.166666667,0.128375,0.0,720.0,10736.8046875,57.4375
2014.0,10.0,13.0,20.0,17.9891666667,64.3805,17.7275,98.225,1.0,0.0,0.0,297.75,0.051625,0.0,720.0,10736.8046875,57.0833333333
2014.0,10.0,13.0,21.0,18.2658333333,64.8785,17.6491666667,96.0666666667,1.0,0.0,0.0,284.0,0.0111666666667,0.00104166666667,720.0,10736.8046875,56.8333333333
2014.0,10.0,13.0,22.0,18.4891666667,65.2805,17.8125,95.7083333333,1.0,0.0,0.0,293.833333333,0.000416666666667,0.0237916666667,720.0,10736.8046875,57.4166666667
2014.0,10.0,13.0,23.0,18.6375,65.5475,17.9166666667,95.4416666667,1.0,0.0,0.0,297.583333333,0.0,0.045625,720.0,10736.8046875,55.875
2014.0,10.0,14.0,0.0,18.7783333333,65.801,18.0458333333,95.3666666667,1.0,0.0,0.0,298.583333333,0.0,0.06675,720.0,10736.8046875,55.3958333333
2014.0,10.0,14.0,1.0,19.0116666667,66.221,18.1916666667,94.85,1.0,0.0,0.0,295.916666667,0.0,0.10175,720.0,10736.8046875,54.7083333333
2014.0,10.0,14.0,2.0,19.2641666667,66.6755,18.3916666667,94.55,1.0,0.0166666666667,0.525,315.833333333,0.0,0.139625,720.0,10736.8046875,54.4791666667
2014.0,10.0,14.0,3.0,19.1766666667,66.518,18.3975,95.1083333333,1.0,0.15,1.875,320.833333333,0.0,0.1265,720.0,10736.8046875,54.4375
2014.0,10.0,14.0,4.0,19.0075,66.2135,18.3166666667,95.625,1.0,0.133333333333,1.51666666667,326.166666667,0.0,0.101125,720.0,10736.8046875,54.8125
2014.0,10.0,14.0,5.0,18.7891666667,65.8205,18.1883333333,96.15,1.0,0.0,0.341666666667,320.333333333,0.0,0.068375,720.0,10736.8046875,54.5
2014.0,10.0,14.0,6.0,19.255,66.659,18.2791666667,93.9416666667,1.0,0.0333333333333,0.583333333333,316.333333333,0.0,0.13825,720.0,10736.8046875,54.8125
2014.0,10.0,14.0,7.0,19.8275,67.6895,18.1491666667,90.0916666667,43.25,0.116666666667,1.40833333333,313.083333333,0.0,0.224125,720.0,10736.8046875,54.5833333333
2014.0,10.0,14.0,8.0,21.5133333333,70.724,18.0358333333,80.55,211.833333333,0.533333333333,3.475,332.416666667,0.0,0.477,720.0,10736.8046875,55.4166666667
2014.0,10.0,14.0,9.0,22.7466666667,72.944,18.5475,77.15,370.75,1.19166666667,4.71666666667,334.5,0.0,0.662,720.0,10736.8046875,56.4583333333
2014.0,10.0,14.0,10.0,24.295,75.731,18.5525,70.2666666667,399.25,1.38333333333,5.8,343.25,0.0,0.89425,720.0,10736.8046875,59.0625
2014.0,10.0,14.0,11.0,25.1325,77.2385,18.4408333333,66.4,360.333333333,1.5,5.88333333333,337.916666667,0.0,1.019875,720.0,10736.8046875,58.7708333333
2014.0,10.0,14.0,12.0,25.795,78.431,18.2591666667,63.1,377.333333333,1.63333333333,6.325,313.75,0.0,1.11925,720.0,10736.8046875,58.9375
2014.0,10.0,14.0,13.0,26.1875,79.1375,18.2808333333,61.7416666667,420.333333333,2.30833333333,7.93333333333,288.416666667,0.0,1.178125,720.0,10736.8046875,59.375
2014.0,10.0,14.0,14.0,25.6875,78.2375,18.1966666667,63.2416666667,222.083333333,1.78333333333,6.71666666667,311.083333333,0.0,1.103125,720.0,10736.8046875,58.6041666667
2014.0,10.0,14.0,15.0,25.3508333333,77.6315,18.4083333333,65.3833333333,153.416666667,1.75833333333,6.575,341.583333333,0.0,1.052625,720.0,10736.8046875,58.75
2014.0,10.0,14.0,16.0,25.3125,77.5625,18.7358333333,66.925,163.25,1.33333333333,5.50833333333,318.5,0.0,1.046875,720.0,10736.8046875,59.9791666667
2014.0,10.0,14.0,17.0,24.0041666667,75.2075,19.0241666667,73.625,30.9166666667,1.00833333333,5.24166666667,308.5,0.0,0.850625,720.0,10736.8046875,59.4791666667
2014.0,10.0,14.0,18.0,23.4133333333,74.144,19.09,76.5916666667,1.16666666667,0.683333333333,4.33333333333,309.166666667,0.0,0.762,720.0,10736.8046875,59.0
2014.0,10.0,14.0,19.0,22.6933333333,72.848,19.1141666667,80.1333333333,1.0,0.775,4.25,305.083333333,0.0,0.654,720.0,10736.8046875,58.0833333333
2014.0,10.0,14.0,20.0,21.5941666667,70.8695,18.8633333333,84.35,1.0,0.633333333333,3.98333333333,300.333333333,0.0,0.489125,720.0,10736.8046875,57.7083333333
2014.0,10.0,14.0,21.0,21.1625,70.0925,18.7283333333,85.875,1.0,0.566666666667,3.55833333333,304.0,0.0,0.424375,720.0,10736.8046875,56.8958333333
2014.0,10.0,14.0,22.0,21.1275,70.0295,18.7666666667,86.2583333333,1.0,0.475,3.375,301.833333333,0.0,0.419125,720.0,10736.8046875,57.3125
2014.0,10.0,14.0,23.0,21.105,69.989,18.9533333333,87.3916666667,1.0,0.516666666667,3.24166666667,300.0,0.0,0.41575,720.0,10736.8046875,56.2708333333
2014.0,10.0,15.0,0.0,21.3308333333,70.3955,19.2091666667,87.575,1.0,0.275,2.41666666667,301.25,0.0,0.449625,720.0,10736.8046875,55.7708333333
2014.0,10.0,15.0,1.0,21.0025,69.8045,19.3308333333,90.0333333333,1.0,0.25,2.625,299.75,0.0,0.400375,720.0,10736.8046875,55.0833333333
2014.0,10.0,15.0,2.0,21.1333333333,70.04,19.3933333333,89.6583333333,1.0,0.133333333333,1.94166666667,294.916666667,0.0,0.42,720.0,10736.8046875,55.2083333333
2014.0,10.0,15.0,3.0,21.2316666667,70.217,19.3558333333,88.9083333333,1.0,0.0833333333333,1.21666666667,292.333333333,0.0,0.43475,720.0,10736.8046875,55.25
2014.0,10.0,15.0,4.0,21.0591666667,69.9065,19.3683333333,89.9333333333,1.0,0.0333333333333,1.56666666667,287.083333333,0.0,0.408875,720.0,10736.8046875,54.6458333333
2014.0,10.0,15.0,5.0,20.8066666667,69.452,19.3991666667,91.5083333333,1.0,0.0,0.5,285.416666667,0.0,0.371,720.0,10736.8046875,54.7916666667
2014.0,10.0,15.0,6.0,20.7633333333,69.374,19.5516666667,92.6333333333,2.0,0.0,0.933333333333,285.0,0.0,0.3645,720.0,10736.8046875,55.375
2014.0,10.0,15.0,7.0,21.8358333333,71.3045,19.5075,86.6416666667,95.5,0.0333333333333,0.916666666667,286.166666667,0.0,0.525375,720.0,10736.8046875,54.7916666667
2014.0,10.0,15.0,8.0,22.7758333333,72.9965,19.8216666667,83.325,152.416666667,0.391666666667,3.26666666667,298.333333333,0.0,0.666375,720.0,10736.8046875,54.6041666667
2014.0,10.0,15.0,9.0,24.59,76.262,20.5108333333,77.9833333333,302.666666667,1.125,4.86666666667,301.916666667,0.0,0.9385,720.0,10736.8046875,58.2916666667
2014.0,10.0,15.0,10.0,24.1316666667,75.437,21.1483333333,83.3583333333,90.3333333333,0.758333333333,4.88333333333,309.0,0.0,0.86975,720.0,10736.8046875,58.375
2014.0,10.0,15.0,11.0,23.5883333333,74.459,21.51,88.45,123.666666667,0.933333333333,5.65833333333,311.833333333,0.0,0.78825,720.0,10736.8046875,59.1041666667
2014.0,10.0,15.0,12.0,23.505,74.309,21.8875,90.6583333333,89.6666666667,1.425,5.625,313.0,0.0,0.77575,720.0,10736.8046875,59.6666666667
2014.0,10.0,15.0,13.0,24.1825,75.5285,21.29,83.8083333333,103.75,1.18333333333,5.45833333333,315.666666667,0.0,0.877375,720.0,10736.8046875,59.2916666667
2014.0,10.0,15.0,14.0,22.4566666667,72.422,20.93,91.2166666667,59.75,1.81666666667,6.86666666667,329.166666667,0.0,0.6185,720.0,10736.8046875,59.4791666667
2014.0,10.0,15.0,15.0,20.8666666667,69.56,-8.27166666667,49.8833333333,16.5,1.18333333333,5.21666666667,315.083333333,0.0,0.38,720.0,10736.8046875,59.1458333333
2014.0,10.0,15.0,16.0,20.9283333333,69.671,-37.2183333333,1.0,25.5833333333,0.241666666667,2.45,299.583333333,0.0,0.38925,720.0,10736.8046875,59.8541666667
2014.0,10.0,15.0,17.0,21.3591666667,70.4465,-36.9575,1.0,10.75,0.258333333333,1.675,296.75,0.0,0.453875,720.0,10736.8046875,57.3125
2014.0,10.0,15.0,18.0,21.3391666667,70.4105,6.63666666667,74.5583333333,1.0,0.416666666667,3.15833333333,292.5,0.0,0.450875,720.0,10736.8046875,55.75
2014.0,10.0,15.0,19.0,20.7766666667,69.398,15.2491666667,70.925,1.0,0.641666666667,4.3,306.916666667,0.0,0.3665,720.0,10736.8046875,55.3333333333
2014.0,10.0,15.0,20.0,20.605,69.089,14.2441666667,66.825,1.0,0.216666666667,2.34166666667,307.916666667,0.0,0.34075,720.0,10736.8046875,53.9791666667
2014.0,10.0,15.0,21.0,20.4466666667,68.804,14.0208333333,66.525,1.0,0.0,0.983333333333,300.083333333,0.0,0.317,720.0,10736.8046875,53.4375
2014.0,10.0,15.0,22.0,20.7541666667,69.3575,14.1875,65.975,1.0,0.0,0.116666666667,310.916666667,0.0,0.363125,720.0,10736.8046875,54.125
2014.0,10.0,15.0,23.0,21.0733333333,69.932,17.5475,81.3,1.0,0.408333333333,2.39166666667,300.583333333,0.0,0.411,720.0,10736.8046875,52.0416666667
2014.0,10.0,16.0,0.0,21.1033333333,69.986,20.425,95.75,1.0,0.908333333333,4.21666666667,305.166666667,0.0,0.4155,720.0,10736.8046875,56.6875
2014.0,10.0,16.0,1.0,20.0733333333,68.132,20.0533333333,99.7,1.0,0.483333333333,3.24166666667,301.0,0.0,0.261,720.0,10736.8046875,55.0833333333
2014.0,10.0,16.0,2.0,19.8291666667,67.6925,19.8591666667,100.0,1.0,0.583333333333,3.99166666667,234.083333333,0.0,0.224375,720.0,10736.8046875,54.6041666667
2014.0,10.0,16.0,3.0,18.3316666667,64.997,2.3475,67.1083333333,1.0,0.116666666667,1.50833333333,45.5,0.0265833333333,0.0263333333333,720.0,10736.8046875,54.3958333333
2014.0,10.0,16.0,4.0,17.3833333333,63.29,-39.355,1.0,1.0,0.0166666666667,0.891666666667,239.833333333,0.1425,0.0,720.0,10736.8046875,54.8541666667
2014.0,10.0,16.0,5.0,17.2325,63.0185,-39.4491666667,1.0,1.0,0.0833333333333,1.275,295.583333333,0.165125,0.0,720.0,10736.8046875,54.25
2014.0,10.0,16.0,6.0,16.985,62.573,11.6108333333,87.7083333333,1.0,0.316666666667,2.6,31.75,0.20225,0.0,720.0,10736.8046875,55.0
2014.0,10.0,16.0,7.0,15.9366666667,60.686,15.4991666667,97.1166666667,17.25,0.275,2.08333333333,65.25,0.3595,0.0,720.0,10736.8046875,53.8958333333
2014.0,10.0,16.0,8.0,16.0691666667,60.9245,15.055,93.6166666667,80.0,0.291666666667,2.33333333333,50.6666666667,0.339625,0.0,720.0,10736.8046875,54.5625
2014.0,10.0,16.0,9.0,17.3908333333,63.3035,15.2258333333,87.0916666667,162.75,0.291666666667,1.8,63.3333333333,0.141375,0.0,720.0,10736.8046875,56.375
2014.0,10.0,16.0,10.0,18.4716666667,65.249,14.8866666667,79.6333333333,293.0,0.566666666667,3.11666666667,69.75,0.0332916666667,0.0540416666667,720.0,10736.8046875,58.3541666667
2014.0,10.0,16.0,11.0,19.19,66.542,14.5108333333,74.2416666667,399.666666667,0.908333333333,4.15,46.6666666667,0.0,0.1285,720.0,10736.8046875,59.4583333333
2014.0,10.0,16.0,12.0,20.27,68.486,14.57,69.7,510.75,0.941666666667,4.5,41.5833333333,0.0,0.2905,720.0,10736.8046875,60.125
2014.0,10.0,16.0,13.0,20.2325,68.4185,14.4116666667,69.1666666667,429.833333333,0.791666666667,3.75,49.0,0.0,0.284875,720.0,10736.8046875,60.0833333333
2014.0,10.0,16.0,14.0,21.5983333333,70.877,14.1658333333,62.625,384.25,0.35,2.71666666667,107.583333333,0.0,0.48975,720.0,10736.8046875,59.0833333333
2014.0,10.0,16.0,15.0,22.2375,72.0275,14.2316666667,60.4833333333,320.583333333,0.233333333333,2.51666666667,79.3333333333,0.0,0.585625,720.0,10736.8046875,55.5
2014.0,10.0,16.0,16.0,22.0825,71.7485,14.0775,60.4833333333,282.333333333,0.833333333333,3.90833333333,46.1666666667,0.0,0.562375,720.0,10736.8046875,60.9791666667
2014.0,10.0,16.0,17.0,19.9383333333,67.889,14.1766666667,69.425,63.6666666667,0.933333333333,3.99166666667,52.0833333333,0.0,0.24075,720.0,10736.8046875,61.3125
2014.0,10.0,16.0,18.0,17.9808333333,64.3655,14.1966666667,78.4666666667,1.41666666667,0.733333333333,4.26666666667,52.1666666667,0.0570416666667,0.00416666666667,720.0,10736.8046875,59.6666666667
2014.0,10.0,16.0,19.0,16.9533333333,62.516,13.6075,80.5833333333,1.0,0.3,2.25,54.5,0.207,0.0,720.0,10736.8046875,59.1875
2014.0,10.0,16.0,20.0,16.1116666667,61.001,13.4475,84.1333333333,1.0,0.341666666667,2.74166666667,59.25,0.33325,0.0,720.0,10736.8046875,58.0208333333
2014.0,10.0,16.0,21.0,15.5508333333,59.9915,13.6008333333,88.075,1.0,0.116666666667,1.475,48.25,0.417375,0.0,720.0,10736.8046875,57.8125
2014.0,10.0,16.0,22.0,15.5675,60.0215,13.835,89.3333333333,1.0,0.0333333333333,0.875,57.25,0.414875,0.0,720.0,10736.8046875,57.4166666667
2014.0,10.0,16.0,23.0,15.1233333333,59.222,14.21,94.1666666667,1.0,0.0166666666667,0.65,50.0,0.4815,0.0,720.0,10736.8046875,57.1041666667
2014.0,10.0,17.0,0.0,15.1933333333,59.348,14.1125,93.1583333333,1.0,0.0166666666667,1.03333333333,62.5833333333,0.471,0.0,720.0,10736.8046875,55.3541666667
2014.0,10.0,17.0,1.0,15.2375,59.4275,13.9675,92.025,1.0,0.05,0.916666666667,61.5833333333,0.464375,0.0,720.0,10736.8046875,55.2916666667
2014.0,10.0,17.0,2.0,15.0316666667,59.057,14.0358333333,93.6666666667,1.0,0.0166666666667,0.466666666667,58.25,0.49525,0.0,720.0,10736.8046875,55.3541666667
2014.0,10.0,17.0,3.0,14.9875,58.9775,14.1383333333,94.55,1.0,0.0,0.075,56.75,0.501875,0.0,720.0,10736.8046875,55.5625
2014.0,10.0,17.0,4.0,14.925,58.865,14.145,94.975,1.0,0.0333333333333,0.691666666667,50.25,0.51125,0.0,720.0,10736.8046875,55.7708333333
2014.0,10.0,17.0,5.0,14.3941666667,57.9095,13.875,96.575,1.0,0.05,0.525,59.8333333333,0.590875,0.0,720.0,10736.8046875,55.0625
2014.0,10.0,17.0,6.0,14.0583333333,57.305,13.5625,96.7166666667,1.16666666667,0.0,0.25,63.8333333333,0.64125,0.0,720.0,10736.8046875,55.125
2014.0,10.0,17.0,7.0,14.95,58.91,12.9508333333,87.9083333333,52.5,0.0,0.333333333333,72.0833333333,0.5075,0.0,720.0,10736.8046875,55.2291666667
2014.0,10.0,17.0,8.0,16.5333333333,61.76,12.845,78.7833333333,212.583333333,0.15,1.35,56.3333333333,0.27,0.0,720.0,10736.8046875,55.9166666667
2014.0,10.0,17.0,9.0,18.0466666667,64.484,13.2375,73.475,368.416666667,0.341666666667,2.79166666667,58.8333333333,0.0602083333333,0.0172083333333,720.0,10736.8046875,51.8846153846
2014.0,10.0,17.0,10.0,19.6183333333,67.313,13.0616666667,65.8416666667,498.0,0.641666666667,3.44166666667,57.3333333333,0.0,0.19275,720.0,10736.8046875,58.9583333333
2014.0,10.0,17.0,11.0,21.1233333333,70.022,13.05,59.9416666667,546.75,0.6,3.24166666667,54.8333333333,0.0,0.4185,720.0,10736.8046875,59.1458333333
2014.0,10.0,17.0,12.0,22.3125,72.1625,13.1241666667,56.0083333333,665.583333333,0.858333333333,3.93333333333,43.0,0.0,0.596875,720.0,10736.8046875,58.4791666667
2014.0,10.0,17.0,13.0,23.0325,73.4585,12.8266666667,52.6,620.5,0.566666666667,3.56666666667,80.5,0.0,0.704875,720.0,10736.8046875,58.2916666667
2014.0,10.0,17.0,14.0,22.5475,72.5855,11.3775,49.25,535.333333333,0.783333333333,4.91666666667,30.1666666667,0.0,0.632125,720.0,10736.8046875,58.9375
2014.0,10.0,17.0,15.0,22.6241666667,72.7235,12.1591666667,51.5833333333,400.333333333,0.825,4.45833333333,35.3333333333,0.0,0.643625,720.0,10736.8046875,59.4375
2014.0,10.0,17.0,16.0,22.4566666667,72.422,11.5308333333,50.0166666667,243.666666667,1.43333333333,6.08333333333,49.75,0.0,0.6185,720.0,10736.8046875,59.4375
2014.0,10.0,17.0,17.0,21.1691666667,70.1045,11.5825,54.4083333333,73.0833333333,0.975,4.36666666667,49.0,0.0,0.425375,720.0,10736.8046875,60.3125
2014.0,10.0,17.0,18.0,19.3125,66.7625,12.2166666667,63.45,1.33333333333,0.0333333333333,1.16666666667,51.0833333333,0.0,0.146875,720.0,10736.8046875,59.6666666667
2014.0,10.0,17.0,19.0,18.7708333333,65.7875,12.525,66.9666666667,1.0,0.05,1.10833333333,77.0,0.0,0.065625,720.0,10736.8046875,57.7083333333
2014.0,10.0,17.0,20.0,17.8325,64.0985,12.5175,70.9916666667,1.0,0.05,0.866666666667,227.5,0.075125,0.0,720.0,10736.8046875,57.1875
2014.0,10.0,17.0,21.0,17.0208333333,62.6375,12.24,73.375,1.0,0.0166666666667,0.725,39.8333333333,0.196875,0.0,720.0,10736.8046875,56.1666666667
2014.0,10.0,17.0,22.0,16.6566666667,61.982,12.2175,74.9833333333,1.0,0.0,1.13333333333,56.25,0.2515,0.0,720.0,10736.8046875,56.6666666667
2014.0,10.0,17.0,23.0,16.25,61.25,12.5591666667,78.6833333333,1.0,0.0,0.0666666666667,38.5833333333,0.3125,0.0,720.0,10736.8046875,55.3958333333
2014.0,10.0,18.0,0.0,16.3358333333,61.4045,12.9641666667,80.35,1.0,0.0,0.325,52.3333333333,0.299625,0.0,0.0,10736.8046875,55.0833333333
2014.0,10.0,18.0,1.0,16.2408333333,61.2335,13.3816666667,83.0916666667,1.0,0.0,0.183333333333,38.3333333333,0.313875,0.0,0.0,10736.8046875,54.9166666667
2014.0,10.0,18.0,2.0,15.4441666667,59.7995,13.4783333333,87.9833333333,1.0,0.0166666666667,0.458333333333,40.8333333333,0.433375,0.0,0.0,10736.8046875,54.25
2014.0,10.0,18.0,3.0,15.0425,59.0765,13.485,90.3166666667,1.0,0.15,1.625,58.5,0.493625,0.0,0.0,10736.8046875,53.9166666667
2014.0,10.0,18.0,4.0,14.8075,58.6535,13.5108333333,91.8333333333,1.0,0.0166666666667,0.416666666667,55.3333333333,0.528875,0.0,0.0,10736.8046875,54.5208333333
2014.0,10.0,18.0,5.0,14.605,58.289,13.5166666667,93.0916666667,1.0,0.0666666666667,1.04166666667,77.5,0.55925,0.0,0.0,10736.8046875,53.9166666667
2014.0,10.0,18.0,6.0,14.4583333333,58.025,13.5391666667,94.1083333333,1.0,0.0,0.45,45.8333333333,0.58125,0.0,0.0,10736.8046875,54.2083333333
2014.0,10.0,18.0,7.0,14.6025,58.2845,13.5791666667,93.525,30.75,0.0,0.266666666667,45.1666666667,0.559625,0.0,0.0,10736.8046875,52.9791666667
2014.0,10.0,18.0,8.0,15.8008333333,60.4415,13.4433333333,85.85,172.416666667,0.0666666666667,1.1,51.5,0.379875,0.0,0.0,10736.8046875,52.6875
2014.0,10.0,18.0,9.0,17.4508333333,63.4115,13.5308333333,77.7,127.166666667,0.0166666666667,0.333333333333,53.9166666667,0.132375,0.0,0.0,10736.8046875,52.5833333333
2014.0,10.0,18.0,10.0,20.185,68.333,12.8966666667,63.0,381.333333333,0.475,3.51666666667,65.4166666667,0.0,0.27775,0.0,10736.8046875,53.9791666667
2014.0,10.0,18.0,11.0,20.665,69.197,10.8433333333,53.45,406.666666667,1.24166666667,5.81666666667,75.4166666667,0.0,0.34975,0.0,10736.8046875,53.8333333333
2014.0,10.0,18.0,12.0,21.4991666667,70.6985,9.83416666667,47.375,546.416666667,2.01666666667,7.41666666667,67.5,0.0,0.474875,0.0,10736.8046875,55.1875
2014.0,10.0,18.0,13.0,21.3591666667,70.4465,8.62416666667,44.025,386.333333333,1.83333333333,7.08333333333,67.5,0.0,0.453875,0.0,10736.8046875,55.2083333333
2014.0,10.0,18.0,14.0,21.2483333333,70.247,8.23666666667,43.1833333333,566.083333333,2.38333333333,7.675,63.5,0.0,0.43725,0.0,10736.8046875,55.5
2014.0,10.0,18.0,15.0,20.6175,69.1115,8.76916666667,46.6333333333,256.916666667,2.18333333333,7.25833333333,65.5,0.0,0.342625,0.0,10736.8046875,55.2916666667
2014.0,10.0,18.0,16.0,18.3091666667,64.9565,8.74083333333,53.5833333333,37.9166666667,2.14166666667,6.83333333333,64.0833333333,0.032,0.028375,0.0,10736.8046875,56.4791666667
2014.0,10.0,18.0,17.0,17.145,62.861,7.61833333333,53.4333333333,25.75,1.625,6.46666666667,70.5833333333,0.17825,0.0,0.0,10736.8046875,55.4791666667
2014.0,10.0,18.0,18.0,15.865,60.557,6.0,51.8833333333,1.08333333333,1.25,5.84166666667,63.25,0.37025,0.0,0.0,10736.8046875,55.9791666667
2014.0,10.0,18.0,19.0,14.6566666667,58.382,6.26833333333,57.1,1.0,0.633333333333,4.84166666667,64.0,0.5515,0.0,0.0,10736.8046875,56.4375
2014.0,10.0,18.0,20.0,13.9075,57.0335,6.56416666667,61.1916666667,1.0,0.408333333333,3.29166666667,58.75,0.663875,0.0,0.0,10736.8046875,55.4375
2014.0,10.0,18.0,21.0,13.1716666667,55.709,6.48916666667,63.8416666667,1.0,0.658333333333,4.66666666667,62.9166666667,0.77425,0.0,0.0,10736.8046875,54.6666666667
2014.0,10.0,18.0,22.0,12.5358333333,54.5645,6.38333333333,66.0666666667,1.0,0.5,4.375,66.1666666667,0.869625,0.0,0.0,10736.8046875,54.1041666667
2014.0,10.0,18.0,23.0,12.0375,53.6675,6.3875,68.3,1.0,0.658333333333,4.51666666667,73.0,0.944375,0.0,0.0,10736.8046875,53.5208333333
2014.0,10.0,19.0,0.0,11.5441666667,52.7795,6.40916666667,70.6583333333,1.0,0.558333333333,4.475,69.9166666667,1.018375,0.0,0.0,10736.8046875,53.5833333333
2014.0,10.0,19.0,1.0,11.3633333333,52.454,6.4725,71.825,1.0,0.0666666666667,1.475,79.5833333333,1.0455,0.0,0.0,10736.8046875,52.8125
2014.0,10.0,19.0,2.0,11.5883333333,52.859,6.51583333333,70.9583333333,1.0,0.116666666667,1.91666666667,76.0,1.01175,0.0,0.0,10736.8046875,53.1666666667
2014.0,10.0,19.0,3.0,11.7283333333,53.111,6.4875,70.175,1.0,0.2,2.45833333333,84.25,0.99075,0.0,0.0,10736.8046875,53.0208333333
2014.0,10.0,19.0,4.0,11.5008333333,52.7015,5.56916666667,66.8666666667,1.0,0.558333333333,4.31666666667,92.5,1.024875,0.0,0.0,10736.8046875,53.4166666667
2014.0,10.0,19.0,5.0,10.9958333333,51.7925,5.46333333333,68.6333333333,1.0,0.166666666667,2.40833333333,84.25,1.100625,0.0,0.0,10736.8046875,52.3541666667
2014.0,10.0,19.0,6.0,10.5958333333,51.0725,4.86583333333,67.6166666667,1.0,0.4,3.80833333333,95.4166666667,1.160625,0.0,0.0,10736.8046875,52.7083333333
2014.0,10.0,19.0,7.0,10.4975,50.8955,4.12583333333,64.6833333333,34.3333333333,0.525,4.16666666667,98.9166666667,1.175375,0.0,0.0,10736.8046875,51.125
2014.0,10.0,19.0,8.0,10.5066666667,50.912,3.92916666667,63.7083333333,59.8333333333,0.733333333333,5.55,97.5,1.174,0.0,0.0,10736.8046875,50.2916666667
2014.0,10.0,19.0,9.0,11.445,52.601,2.60166666667,54.5416666667,343.25,1.55833333333,7.15833333333,108.75,1.03325,0.0,0.0,10736.8046875,50.625
2014.0,10.0,19.0,10.0,11.605,52.889,2.10583333333,52.0666666667,371.333333333,1.21666666667,6.325,95.1666666667,1.00925,0.0,0.0,10736.8046875,51.5208333333
2014.0,10.0,19.0,11.0,12.1,53.78,2.0075,50.0333333333,583.666666667,1.84166666667,7.55,94.1666666667,0.935,0.0,0.0,10736.8046875,53.5625
2014.0,10.0,19.0,12.0,12.5141666667,54.5255,1.12666666667,45.7166666667,645.25,1.91666666667,7.75833333333,90.4166666667,0.872875,0.0,0.0,10736.8046875,53.2083333333
2014.0,10.0,19.0,13.0,12.1525,53.8745,-0.0175,43.0916666667,619.166666667,1.79166666667,7.31666666667,81.25,0.927125,0.0,0.0,10736.8046875,52.8125
2014.0,10.0,19.0,14.0,12.3175,54.1715,-1.69416666667,37.7083333333,541.5,1.36666666667,6.46666666667,83.5,0.902375,0.0,0.0,10736.8046875,53.3541666667
2014.0,10.0,19.0,15.0,12.6141666667,54.7055,-0.819166666667,39.4166666667,412.166666667,1.46666666667,6.68333333333,78.6666666667,0.857875,0.0,0.0,10736.8046875,53.3125
2014.0,10.0,19.0,16.0,13.8383333333,56.909,-0.856666666667,36.3083333333,252.833333333,0.716666666667,5.10833333333,80.9166666667,0.67425,0.0,0.0,10736.8046875,55.625
2014.0,10.0,19.0,17.0,12.6275,54.7295,-1.60666666667,37.2666666667,76.25,0.508333333333,3.825,87.0833333333,0.855875,0.0,0.0,10736.8046875,56.1666666667
2014.0,10.0,19.0,18.0,10.5983333333,51.1061818182,-1.16666666667,43.9083333333,1.08333333333,0.0,0.866666666667,77.25,1.51272222225,0.0,0.0,10736.8046875,56.5625
2014.0,10.0,19.0,19.0,9.7175,49.4915,-0.841666666667,47.7,1.0,0.0,0.0,90.75,1.292375,0.0,0.0,10736.8046875,54.8125
2014.0,10.0,19.0,20.0,9.78333333333,49.61,-0.693333333333,48.0083333333,1.0,0.0,0.0,64.4166666667,1.2825,0.0,0.0,10736.8046875,54.1875
2014.0,10.0,19.0,21.0,9.05833333333,48.305,-0.0458333333333,52.9,1.0,0.0,0.458333333333,146.916666667,1.39125,0.0,0.0,10736.8046875,54.1458333333
2014.0,10.0,19.0,22.0,8.32416666667,46.9835,-0.0466666666667,55.5333333333,1.0,0.0,0.0666666666667,159.0,1.501375,0.0,0.0,10736.8046875,54.4166666667
2014.0,10.0,19.0,23.0,7.93916666667,46.2905,-0.806666666667,53.9333333333,1.0,0.0,0.05,161.083333333,1.559125,0.0,0.0,10736.8046875,53.5
2014.0,10.0,20.0,0.0,7.36166666667,45.251,-1.07583333333,55.0083333333,1.0,0.0,0.05,168.583333333,1.64575,0.0,720.0,10736.8046875,53.2916666667
2014.0,10.0,20.0,1.0,6.5425,43.7765,-0.2025,62.0416666667,1.0,0.0,0.0,175.75,1.768625,0.0,720.0,10736.8046875,52.5833333333
2014.0,10.0,20.0,2.0,6.19333333333,43.148,-0.0916666666667,64.0583333333,1.0,0.0,0.0,168.583333333,1.821,0.0,720.0,10736.8046875,52.6041666667
2014.0,10.0,20.0,3.0,6.0975,42.9755,0.451666666667,67.0916666667,1.0,0.0,0.0,194.0,1.835375,0.0,720.0,10736.8046875,52.4791666667
2014.0,10.0,20.0,4.0,6.6125,43.9025,0.933333333333,67.05,1.0,0.0,0.0,289.25,1.758125,0.0,720.0,10736.8046875,52.7291666667
2014.0,10.0,20.0,5.0,5.95333333333,42.716,0.803333333333,69.4916666667,1.0,0.0,0.05,281.333333333,1.857,0.0,720.0,10736.8046875,52.5625
2014.0,10.0,20.0,6.0,5.52583333333,41.9465,0.545,70.2416666667,1.16666666667,0.0,0.075,304.833333333,1.921125,0.0,720.0,10736.8046875,52.7708333333
2014.0,10.0,20.0,7.0,7.23333333333,45.02,-0.211666666667,59.525,70.75,0.0,0.0333333333333,297.583333333,1.665,0.0,720.0,10736.8046875,51.8541666667
2014.0,10.0,20.0,8.0,10.015,50.027,0.485,51.6083333333,248.083333333,0.0,0.0666666666667,300.583333333,1.24775,0.0,720.0,10736.8046875,53.3125
2014.0,10.0,20.0,9.0,11.6425,52.9565,1.6075,50.1416666667,328.083333333,0.0,0.45,303.833333333,1.003625,0.0,720.0,10736.8046875,55.8125
2014.0,10.0,20.0,10.0,14.7733333333,58.592,4.06666666667,48.6583333333,462.416666667,0.05,1.30833333333,47.5833333333,0.534,0.0,720.0,10736.8046875,57.9166666667
2014.0,10.0,20.0,11.0,15.0766666667,59.138,5.0025,50.9416666667,483.25,0.683333333333,4.45833333333,237.833333333,0.4885,0.0,720.0,10736.8046875,59.5833333333
2014.0,10.0,20.0,12.0,17.2941666667,63.1295,5.435,45.6083333333,584.166666667,0.75,4.58333333333,175.0,0.166333333333,0.0104583333333,720.0,10736.8046875,58.2916666667
2014.0,10.0,20.0,13.0,17.3066666667,63.152,3.99583333333,41.1666666667,533.416666667,0.483333333333,3.4,154.416666667,0.155583333333,0.00158333333333,720.0,10736.8046875,59.125
2014.0,10.0,20.0,14.0,16.6458333333,61.9625,3.6975,42.0333333333,343.416666667,0.4,3.11666666667,25.4166666667,0.253125,0.0,720.0,10736.8046875,58.875
2014.0,10.0,20.0,15.0,16.775,62.195,4.59666666667,44.4,210.0,0.191666666667,2.075,182.0,0.23375,0.0,720.0,10736.8046875,54.4423076923
2014.0,10.0,20.0,16.0,17.1283333333,62.831,5.83583333333,47.45,143.916666667,0.291666666667,2.61666666667,280.666666667,0.209791666667,0.0290416666667,720.0,10736.8046875,59.5
2014.0,10.0,20.0,17.0,15.8158333333,60.4685,6.20166666667,52.775,29.9166666667,0.0833333333333,1.78333333333,337.583333333,0.377625,0.0,720.0,10736.8046875,59.0208333333
2014.0,10.0,20.0,18.0,15.0441666667,59.0795,7.14333333333,59.1666666667,1.0,0.0666666666667,1.64166666667,329.833333333,0.493375,0.0,720.0,10736.8046875,57.2708333333
2014.0,10.0,20.0,19.0,14.4833333333,58.07,7.90333333333,64.5916666667,1.0,0.0,0.583333333333,328.083333333,0.5775,0.0,720.0,10736.8046875,56.6875
2014.0,10.0,20.0,20.0,13.86,56.948,8.2325,68.775,1.0,0.0,0.175,75.3333333333,0.671,0.0,720.0,10736.8046875,56.5208333333
2014.0,10.0,20.0,21.0,13.8775,56.9795,7.95916666667,67.425,1.0,0.0166666666667,0.825,160.333333333,0.668375,0.0,720.0,10736.8046875,57.0416666667
2014.0,10.0,20.0,22.0,13.2608333333,55.8695,7.73833333333,69.1333333333,1.0,0.0,0.183333333333,36.0833333333,0.760875,0.0,720.0,10736.8046875,56.5416666667
2014.0,10.0,20.0,23.0,13.0391666667,55.4705,7.6925,69.9333333333,1.0,0.0,0.3,45.5833333333,0.794125,0.0,720.0,10736.8046875,55.8125
2014.0,10.0,21.0,0.0,13.335,56.003,7.91333333333,69.6333333333,1.0,0.05,0.858333333333,75.6666666667,0.74975,0.0,720.0,10736.8046875,55.4583333333
2014.0,10.0,21.0,1.0,13.5341666667,56.3615,8.43083333333,71.1916666667,1.0,0.0,0.308333333333,165.083333333,0.719875,0.0,720.0,10736.8046875,53.8333333333
2014.0,10.0,21.0,2.0,13.6491666667,56.5685,8.825,72.5666666667,1.0,0.0,0.0,302.083333333,0.702625,0.0,720.0,10736.8046875,53.6041666667
2014.0,10.0,21.0,3.0,13.35,56.03,8.91,74.4333333333,1.0,0.0,0.0166666666667,298.416666667,0.7475,0.0,720.0,10736.8046875,53.25
2014.0,10.0,21.0,4.0,13.09,55.562,9.35083333333,77.9833333333,1.0,0.0,0.0,290.666666667,0.7865,0.0,720.0,10736.8046875,53.9583333333
2014.0,10.0,21.0,5.0,12.8616666667,55.151,9.81333333333,81.6583333333,1.0,0.0,0.0,283.166666667,0.82075,0.0,720.0,10736.8046875,53.6666666667
2014.0,10.0,21.0,6.0,12.4058333333,54.3305,10.1416666667,86.0,1.0,0.0,0.0,268.75,0.889125,0.0,720.0,10736.8046875,53.8958333333
2014.0,10.0,21.0,7.0,12.7591666667,54.9665,9.78083333333,82.2416666667,44.0,0.0,0.0,162.666666667,0.836125,0.0,720.0,10736.8046875,52.5416666667
2014.0,10.0,21.0,8.0,13.9016666667,57.023,10.0683333333,77.6833333333,57.0,0.0,0.0,197.166666667,0.66475,0.0,720.0,10736.8046875,52.7083333333
2014.0,10.0,21.0,9.0,16.16,61.088,11.2483333333,72.775,273.75,0.0,0.0,269.75,0.326,0.0,720.0,10736.8046875,32.7708333333
2014.0,10.0,21.0,10.0,17.7083333333,63.875,11.38,66.3916666667,292.166666667,0.0,0.0166666666667,179.833333333,0.11225,0.0185,720.0,10736.8046875,14.0208333333
2014.0,10.0,21.0,11.0,20.25,68.45,11.8875,58.6333333333,497.416666667,0.0,0.0166666666667,115.0,0.00420833333333,0.291708333333,720.0,10736.8046875,59.25
2014.0,10.0,21.0,12.0,21.6141666667,70.9055,12.0125,54.425,598.833333333,0.0,0.216666666667,174.083333333,0.0,0.492125,720.0,10736.8046875,56.9791666667
2014.0,10.0,21.0,13.0,21.7308333333,71.1155,10.2458333333,47.9833333333,501.833333333,0.0,0.683333333333,88.8333333333,0.0,0.509625,720.0,10736.8046875,54.3846153846
2014.0,10.0,21.0,14.0,20.89,69.602,9.5525,48.3,309.0,0.0,0.1,87.4166666667,0.0,0.3835,720.0,10736.8046875,57.375
2014.0,10.0,21.0,15.0,21.3991666667,70.5185,9.78583333333,47.525,291.75,0.0333333333333,0.8,41.5,0.0,0.459875,720.0,10736.8046875,59.1041666667
2014.0,10.0,21.0,16.0,20.4266666667,68.768,10.0316666667,51.325,115.75,0.0166666666667,0.383333333333,155.75,0.0,0.314,720.0,10736.8046875,59.75
2014.0,10.0,21.0,17.0,19.0741666667,66.3335,9.86083333333,55.0833333333,18.5833333333,0.0,0.0,128.75,0.0,0.111125,720.0,10736.8046875,60.1666666667
2014.0,10.0,21.0,18.0,18.4083333333,65.135,10.2966666667,59.1166666667,1.0,0.0,0.191666666667,109.75,0.00595833333333,0.0172083333333,720.0,10736.8046875,58.3125
2014.0,10.0,21.0,19.0,17.6441666667,63.7595,10.4325,62.6,1.0,0.0,0.266666666667,131.0,0.103375,0.0,720.0,10736.8046875,57.8958333333
2014.0,10.0,21.0,20.0,17.0333333333,62.66,10.8116666667,66.725,1.0,0.0166666666667,1.175,150.25,0.195,0.0,720.0,10736.8046875,56.25
2014.0,10.0,21.0,21.0,16.1108333333,60.9995,11.7983333333,75.575,1.0,0.375,2.825,179.25,0.333375,0.0,720.0,10736.8046875,55.5
2014.0,10.0,21.0,22.0,15.1483333333,59.267,12.055,81.6833333333,1.0,0.583333333333,3.54166666667,196.0,0.47775,0.0,720.0,10736.8046875,54.6666666667
2014.0,10.0,21.0,23.0,14.365,57.857,11.405,82.325,1.0,0.375,3.06666666667,179.416666667,0.59525,0.0,720.0,10736.8046875,54.5208333333
2014.0,10.0,22.0,0.0,13.7241666667,56.7035,11.2566666667,84.9666666667,1.0,0.366666666667,2.73333333333,176.416666667,0.691375,0.0,720.0,10736.8046875,54.125
2014.0,10.0,22.0,1.0,13.6716666667,56.609,11.3366666667,85.7166666667,1.0,0.558333333333,3.55,178.166666667,0.69925,0.0,720.0,10736.8046875,53.5
2014.0,10.0,22.0,2.0,13.3483333333,56.027,11.1491666667,86.4666666667,1.0,0.7,4.69166666667,168.583333333,0.74775,0.0,720.0,10736.8046875,53.6875
2014.0,10.0,22.0,3.0,13.2325,55.8185,11.1375,87.0416666667,1.0,0.583333333333,3.575,175.75,0.765125,0.0,720.0,10736.8046875,53.0
2014.0,10.0,22.0,4.0,13.085,55.553,11.1233333333,87.8083333333,1.0,1.10833333333,5.33333333333,172.916666667,0.78725,0.0,720.0,10736.8046875,54.1458333333
2014.0,10.0,22.0,5.0,12.5758333333,54.6365,11.9875,96.1416666667,1.0,0.758333333333,4.55833333333,172.75,0.863625,0.0,720.0,10736.8046875,54.0625
2014.0,10.0,22.0,6.0,13.1683333333,55.703,12.6641666667,96.675,1.0,0.75,4.24166666667,174.416666667,0.77475,0.0,720.0,10736.8046875,54.1458333333
2014.0,10.0,22.0,7.0,13.0658333333,55.5185,12.535,96.5333333333,11.75,1.025,4.89166666667,181.333333333,0.790125,0.0,720.0,10736.8046875,53.7708333333
2014.0,10.0,22.0,8.0,13.5683333333,56.423,12.3033333333,92.0083333333,54.75,1.41666666667,5.64166666667,179.75,0.71475,0.0,720.0,10736.8046875,54.3333333333
2014.0,10.0,22.0,9.0,13.54,56.372,12.2516666667,91.9083333333,79.25,2.15,7.5,177.416666667,0.719,0.0,720.0,10736.8046875,55.6041666667
2014.0,10.0,22.0,10.0,12.795,55.031,12.03,95.075,65.25,2.14166666667,7.65,172.916666667,0.83075,0.0,720.0,10736.8046875,57.875
2014.0,10.0,22.0,11.0,11.6925,53.0465,-13.9458333333,36.5583333333,45.3333333333,2.875,9.24166666667,172.5,0.996125,0.0,720.0,10736.8046875,58.0
2014.0,10.0,22.0,12.0,11.7066666667,53.072,-42.8091666667,1.0,34.5,1.23333333333,5.36666666667,161.583333333,0.994,0.0,720.0,10736.8046875,58.7708333333
2014.0,10.0,22.0,13.0,11.6858333333,53.0345,-42.8233333333,1.0,57.75,1.31666666667,5.98333333333,152.75,0.997125,0.0,720.0,10736.8046875,58.9375
2014.0,10.0,22.0,14.0,11.5925,52.8665,-42.8791666667,1.0,68.4166666667,1.85,7.05833333333,152.0,1.011125,0.0,720.0,10736.8046875,57.875
2014.0,10.0,22.0,15.0,11.81,53.258,-42.7475,1.0,43.0833333333,1.33333333333,6.50833333333,150.583333333,0.9785,0.0,720.0,10736.8046875,57.8333333333
2014.0,10.0,22.0,16.0,12.2716666667,54.089,11.9791666667,98.0,12.25,1.65,6.03333333333,159.75,0.90925,0.0,720.0,10736.8046875,58.0416666667
2014.0,10.0,22.0,17.0,12.3008333333,54.1415,11.9966666667,97.9416666667,5.08333333333,0.583333333333,3.0,151.916666667,0.904875,0.0,720.0,10736.8046875,58.9166666667
2014.0,10.0,22.0,18.0,11.3291666667,52.3925,8.9875,86.3583333333,1.0,0.0,0.0,148.583333333,1.050625,0.0,720.0,10736.8046875,56.9791666667
2014.0,10.0,22.0,19.0,11.0458333333,51.8825,5.17833333333,68.9,1.0,0.0,0.0,128.75,1.093125,0.0,720.0,10736.8046875,56.5
2014.0,10.0,22.0,20.0,10.67,51.206,-6.77083333333,57.8583333333,1.0,0.0,0.0,122.75,1.1495,0.0,720.0,10736.8046875,55.9375
2014.0,10.0,22.0,21.0,10.55,50.99,-40.3825,3.49166666667,1.0,0.0,0.0,119.583333333,1.1675,0.0,720.0,10736.8046875,56.0833333333
2014.0,10.0,22.0,22.0,10.3516666667,50.633,-43.6358333333,1.0,1.0,0.0,0.0,112.5,1.19725,0.0,720.0,10736.8046875,57.0416666667
2014.0,10.0,22.0,23.0,10.195,50.351,-43.7333333333,1.0,1.0,0.0,0.0,119.833333333,1.22075,0.0,720.0,10736.8046875,55.0625
2014.0,10.0,23.0,0.0,9.92416666667,49.8635,-43.9025,1.0,1.0,0.0,0.0,121.666666667,1.261375,0.0,720.0,10736.8046875,55.0833333333
2014.0,10.0,23.0,1.0,9.73583333333,49.5245,-44.0208333333,1.0,1.0,0.0,0.0,116.0,1.289625,0.0,720.0,10736.8046875,54.4583333333
2014.0,10.0,23.0,2.0,9.94333333333,49.898,-29.9925,23.5333333333,1.0,0.0,0.0,114.75,1.2585,0.0,720.0,10736.8046875,54.1666666667
2014.0,10.0,23.0,3.0,11.0141666667,51.8255,9.4825,90.3,1.0,0.0,0.0,118.666666667,1.097875,0.0,720.0,10736.8046875,53.1875
2014.0,10.0,23.0,4.0,11.3316666667,52.397,8.7,83.7833333333,1.0,0.0,0.0,119.416666667,1.05025,0.0,720.0,10736.8046875,53.7083333333
2014.0,10.0,23.0,5.0,11.2583333333,52.265,8.66,84.0166666667,1.0,0.0,0.0,120.166666667,1.06125,0.0,720.0,10736.8046875,54.2291666667
2014.0,10.0,23.0,6.0,9.41666666667,48.95,2.5475,64.025,1.0,0.0,0.0,103.833333333,1.3375,0.0,720.0,10736.8046875,53.4583333333
2014.0,10.0,23.0,7.0,9.03333333333,48.26,-25.5258333333,18.7333333333,12.75,0.0,0.0,107.583333333,1.395,0.0,720.0,10736.8046875,52.9583333333
2014.0,10.0,23.0,8.0,9.41166666667,48.941,3.895,72.1,22.6666666667,0.0,0.0,110.583333333,1.33825,0.0,720.0,10736.8046875,52.9166666667
2014.0,10.0,23.0,9.0,10.6208333333,51.1175,9.5425,93.1666666667,134.833333333,0.0,0.0,112.916666667,1.156875,0.0,720.0,10736.8046875,54.6875
2014.0,10.0,23.0,10.0,10.81,51.458,10.32,96.7583333333,199.833333333,0.0,0.0,107.5,1.1285,0.0,720.0,10736.8046875,56.9791666667
2014.0,10.0,23.0,11.0,12.1125,53.8025,10.5075,90.0833333333,195.416666667,0.0,0.0,104.333333333,0.933125,0.0,720.0,10736.8046875,56.9583333333
2014.0,10.0,23.0,12.0,12.9358333333,55.2845,8.76333333333,75.7166666667,191.25,0.0,0.0,106.25,0.809625,0.0,720.0,10736.8046875,58.5833333333
2014.0,10.0,23.0,13.0,13.235,55.823,8.40166666667,72.45,151.0,0.0,0.0,106.666666667,0.76475,0.0,720.0,10736.8046875,57.6875
2014.0,10.0,23.0,14.0,12.4458333333,54.4025,8.99166666667,79.725,165.666666667,0.0,0.0,113.666666667,0.883125,0.0,720.0,10736.8046875,58.0208333333
2014.0,10.0,23.0,15.0,13.4625,56.2325,7.96416666667,69.2916666667,217.5,0.0,0.0,110.166666667,0.730625,0.0,720.0,10736.8046875,57.125
2014.0,10.0,23.0,16.0,13.6083333333,56.495,7.98333333333,68.7416666667,116.666666667,0.0,0.0,109.166666667,0.70875,0.0,720.0,10736.8046875,59.6041666667
2014.0,10.0,23.0,17.0,12.9258333333,55.2665,7.86916666667,71.2916666667,12.75,0.0,0.0,112.25,0.811125,0.0,720.0,10736.8046875,59.0833333333
2014.0,10.0,23.0,18.0,12.5091666667,54.5165,7.73583333333,72.6083333333,1.0,0.0,0.0,121.333333333,0.873625,0.0,720.0,10736.8046875,58.9583333333
2014.0,10.0,23.0,19.0,12.3116666667,54.161,7.49,72.3416666667,1.0,0.0,0.0,117.583333333,0.90325,0.0,720.0,10736.8046875,56.7916666667
2014.0,10.0,23.0,20.0,12.1883333333,53.939,7.54083333333,73.1833333333,1.0,0.0,0.0,117.0,0.92175,0.0,720.0,10736.8046875,56.7708333333
2014.0,10.0,23.0,21.0,12.215,53.987,7.65833333333,73.6416666667,1.0,0.0,0.0,117.0,0.91775,0.0,720.0,10736.8046875,56.3958333333
2014.0,10.0,23.0,22.0,12.2991666667,54.1385,7.7475,73.6833333333,1.0,0.0,0.0,105.083333333,0.905125,0.0,720.0,10736.8046875,56.2916666667
2014.0,10.0,23.0,23.0,12.23,54.014,7.92333333333,74.9166666667,1.0,0.0,0.0,115.25,0.9155,0.0,720.0,10736.8046875,54.6875
2014.0,10.0,24.0,0.0,12.2475,54.0455,8.15833333333,76.025,1.0,0.0,0.0,113.833333333,0.912875,0.0,720.0,10736.8046875,54.375
2014.0,10.0,24.0,1.0,12.1841666667,53.9315,8.37583333333,77.475,1.0,0.0,0.0,112.25,0.922375,0.0,720.0,10736.8046875,54.3958333333
2014.0,10.0,24.0,2.0,12.2858333333,54.1145,8.45333333333,77.3666666667,1.0,0.0,0.0,103.5,0.907125,0.0,720.0,10736.8046875,53.5833333333
2014.0,10.0,24.0,3.0,12.6316666667,54.737,8.57583333333,76.2666666667,1.0,0.0,0.0,85.8333333333,0.85525,0.0,720.0,10736.8046875,53.875
2014.0,10.0,24.0,4.0,12.9466666667,55.304,8.63,74.975,1.0,0.0,0.0,110.333333333,0.808,0.0,720.0,10736.8046875,53.7291666667
2014.0,10.0,24.0,5.0,12.715,54.887,8.3875,74.8833333333,1.0,0.0,0.0,116.916666667,0.84275,0.0,720.0,10736.8046875,53.7291666667
2014.0,10.0,24.0,6.0,13.1208333333,55.6175,8.45416666667,73.2416666667,1.0,0.0,0.0,91.4166666667,0.781875,0.0,720.0,10736.8046875,54.3125
2014.0,10.0,24.0,7.0,13.1325,55.6385,8.55,73.675,17.6666666667,0.0,0.0,83.0833333333,0.780125,0.0,720.0,10736.8046875,53.0
2014.0,10.0,24.0,8.0,13.7708333333,56.7875,8.1625,68.9,78.5833333333,0.0,0.0,101.166666667,0.684375,0.0,720.0,10736.8046875,48.7884615385
2014.0,10.0,24.0,9.0,14.9383333333,58.889,7.93,62.8916666667,248.166666667,0.0,0.0,125.583333333,0.50925,0.0,720.0,10736.8046875,54.5
2014.0,10.0,24.0,10.0,17.1666666667,62.9,8.545,56.8416666667,480.25,1.14166666667,5.60833333333,109.916666667,0.180708333333,0.00570833333333,720.0,10736.8046875,57.4166666667
2014.0,10.0,24.0,11.0,19.0258333333,66.2465,9.0125,52.1833333333,581.583333333,1.25,6.2,116.5,0.0,0.103875,720.0,10736.8046875,57.875
2014.0,10.0,24.0,12.0,20.2558333333,68.4605,8.83833333333,47.8166666667,587.25,1.30833333333,5.475,116.416666667,0.0,0.288375,720.0,10736.8046875,57.5625
2014.0,10.0,24.0,13.0,19.7225,67.5005,7.86583333333,46.2333333333,538.833333333,1.64166666667,7.425,96.5833333333,0.0,0.208375,720.0,10736.8046875,58.4583333333
2014.0,10.0,24.0,14.0,20.3383333333,68.609,7.9875,44.8833333333,442.416666667,0.966666666667,6.11666666667,79.1666666667,0.0,0.30075,720.0,10736.8046875,58.9166666667
2014.0,10.0,24.0,15.0,20.4058333333,68.7305,8.81166666667,47.2583333333,234.166666667,0.758333333333,4.91666666667,74.75,0.0,0.310875,720.0,10736.8046875,58.4583333333
2014.0,10.0,24.0,16.0,19.5266666667,67.148,8.815,49.9083333333,83.4166666667,0.275,2.68333333333,75.5833333333,0.0,0.179,720.0,10736.8046875,58.1458333333
2014.0,10.0,24.0,17.0,18.7591666667,65.7665,8.45166666667,51.0833333333,25.3333333333,0.1,1.525,64.25,0.00295833333333,0.0668333333333,720.0,10736.8046875,58.125
2014.0,10.0,24.0,18.0,17.74,63.932,8.04166666667,52.9666666667,1.0,0.0333333333333,1.14166666667,69.25,0.089,0.0,720.0,10736.8046875,57.8333333333
2014.0,10.0,24.0,19.0,16.8808333333,62.3855,7.70083333333,54.6333333333,1.0,0.0166666666667,0.358333333333,66.9166666667,0.217875,0.0,720.0,10736.8046875,55.5833333333
2014.0,10.0,24.0,20.0,16.1766666667,61.118,6.02916666667,50.9833333333,1.0,0.0,0.233333333333,71.8333333333,0.3235,0.0,720.0,10736.8046875,55.25
2014.0,10.0,24.0,21.0,15.5733333333,60.032,4.48916666667,47.575,1.0,0.0,0.108333333333,86.5,0.414,0.0,720.0,10736.8046875,54.0416666667
2014.0,10.0,24.0,22.0,14.7075,58.4735,4.45333333333,50.2,1.0,0.0166666666667,0.416666666667,68.6666666667,0.543875,0.0,720.0,10736.8046875,55.1458333333
2014.0,10.0,24.0,23.0,13.585,56.453,4.6325,54.6416666667,1.0,0.0,0.283333333333,61.25,0.71225,0.0,720.0,10736.8046875,54.375
2014.0,10.0,25.0,0.0,12.6791666667,54.8225,4.6375,57.9916666667,1.0,0.0,0.191666666667,56.75,0.848125,0.0,0.0,10736.8046875,53.625
2014.0,10.0,25.0,1.0,11.9858333333,53.5745,4.26666666667,59.1583333333,1.0,0.0,0.0166666666667,55.4166666667,0.952125,0.0,0.0,10736.8046875,53.2291666667
2014.0,10.0,25.0,2.0,11.5383333333,52.769,3.42333333333,57.4166666667,1.0,0.0,0.0916666666667,64.1666666667,1.01925,0.0,0.0,10736.8046875,52.6458333333
2014.0,10.0,25.0,3.0,11.5,52.7,3.03833333333,56.0166666667,1.0,0.0,0.0666666666667,86.8333333333,1.025,0.0,0.0,10736.8046875,53.2291666667
2014.0,10.0,25.0,4.0,11.0633333333,51.914,3.05166666667,57.7,1.0,0.0,0.0,59.25,1.0905,0.0,0.0,10736.8046875,52.625
2014.0,10.0,25.0,5.0,9.94833333333,49.907,3.76666666667,65.3833333333,1.0,0.0,0.0,46.9166666667,1.25775,0.0,0.0,10736.8046875,53.1458333333
2014.0,10.0,25.0,6.0,9.74,49.532,3.79916666667,66.45,1.08333333333,0.0,0.05,52.1666666667,1.289,0.0,0.0,10736.8046875,53.3541666667
2014.0,10.0,25.0,7.0,10.8125,51.4625,3.81833333333,61.9833333333,49.0,0.0,0.216666666667,59.5833333333,1.128125,0.0,0.0,10736.8046875,51.5416666667
2014.0,10.0,25.0,8.0,13.3633333333,56.054,5.145,57.475,200.0,0.0,0.05,56.3333333333,0.7455,0.0,0.0,10736.8046875,51.4791666667
2014.0,10.0,25.0,9.0,15.6333333333,60.14,6.735,55.4416666667,355.583333333,0.0166666666667,0.941666666667,55.5833333333,0.405,0.0,0.0,10736.8046875,52.125
2014.0,10.0,25.0,10.0,17.9083333333,64.235,7.64833333333,51.0416666667,479.416666667,0.166666666667,1.9,54.0,0.0975416666667,0.0337916666667,0.0,10736.8046875,54.125
2014.0,10.0,25.0,11.0,19.0333333333,66.26,7.92583333333,48.4666666667,554.75,0.966666666667,4.41666666667,51.1666666667,0.00458333333333,0.109583333333,0.0,10736.8046875,54.1458333333
2014.0,10.0,25.0,12.0,20.2175,68.3915,7.9225,45.0416666667,579.333333333,0.716666666667,4.25833333333,49.0833333333,0.0,0.282625,0.0,10736.8046875,54.0416666667
2014.0,10.0,25.0,13.0,20.2608333333,68.4695,7.78583333333,44.5166666667,559.583333333,1.38333333333,5.99166666667,61.5833333333,0.0,0.289125,0.0,10736.8046875,54.8541666667
2014.0,10.0,25.0,14.0,20.635,69.143,7.4,42.3416666667,463.5,1.325,6.25,60.5,0.0,0.34525,0.0,10736.8046875,54.7291666667
2014.0,10.0,25.0,15.0,21.2058333333,70.1705,7.85083333333,42.1666666667,340.5,1.375,5.5,55.75,0.0,0.430875,0.0,10736.8046875,53.75
2014.0,10.0,25.0,16.0,21.3091666667,70.3565,7.50833333333,40.9166666667,188.25,1.38333333333,6.08333333333,54.3333333333,0.0,0.446375,0.0,10736.8046875,54.6458333333
2014.0,10.0,25.0,17.0,19.6566666667,67.382,7.74666666667,46.1,37.4166666667,0.625,3.8,54.5833333333,0.0,0.1985,0.0,10736.8046875,55.4583333333
2014.0,10.0,25.0,18.0,18.1591666667,64.6865,8.7025,54.025,1.0,0.441666666667,3.15833333333,46.0,0.0364583333333,0.0103333333333,0.0,10736.8046875,55.25
2014.0,10.0,25.0,19.0,17.0466666667,62.684,9.13833333333,59.6083333333,1.0,0.341666666667,3.11666666667,47.5,0.193,0.0,0.0,10736.8046875,54.6875
2014.0,10.0,25.0,20.0,16.2083333333,61.175,9.17,63.0,1.0,0.375,3.175,45.1666666667,0.31875,0.0,0.0,10736.8046875,54.125
2014.0,10.0,25.0,21.0,15.2108333333,59.3795,9.29916666667,67.7333333333,1.0,0.358333333333,3.16666666667,42.5833333333,0.468375,0.0,0.0,10736.8046875,53.75
2014.0,10.0,25.0,22.0,14.76,58.568,8.995,68.3083333333,1.0,0.333333333333,2.71666666667,43.8333333333,0.536,0.0,0.0,10736.8046875,54.5208333333
2014.0,10.0,25.0,23.0,14.3933333333,57.908,8.66833333333,68.425,1.0,0.175,1.83333333333,47.4166666667,0.591,0.0,0.0,10736.8046875,53.6041666667
2014.0,10.0,26.0,0.0,14.5333333333,58.16,8.63416666667,67.6416666667,1.0,0.0833333333333,1.375,43.25,0.57,0.0,0.0,10736.8046875,53.5
2014.0,10.0,26.0,1.0,15.0166666667,59.03,9.08666666667,67.6083333333,1.0,0.0,0.1,41.5833333333,0.4975,0.0,0.0,10736.8046875,53.1666666667
2014.0,10.0,26.0,2.0,16.0233333333,60.842,9.64583333333,65.8,1.0,0.0,0.141666666667,51.0833333333,0.3465,0.0,0.0,10736.8046875,53.4166666667
2014.0,10.0,26.0,3.0,15.82,60.476,9.61416666667,66.525,1.0,0.05,1.14166666667,58.1666666667,0.377,0.0,0.0,10736.8046875,53.875
2014.0,10.0,26.0,4.0,15.3191666667,59.5745,8.19583333333,62.5916666667,1.0,0.166666666667,1.76666666667,68.4166666667,0.452125,0.0,0.0,10736.8046875,53.4791666667
2014.0,10.0,26.0,5.0,15.2608333333,59.4695,4.96583333333,50.2,1.0,0.475,3.85833333333,63.75,0.460875,0.0,0.0,10736.8046875,53.875
2014.0,10.0,26.0,6.0,14.4958333333,58.0925,3.7625,48.4583333333,1.0,0.508333333333,3.91666666667,65.1666666667,0.575625,0.0,0.0,10736.8046875,54.0
2014.0,10.0,26.0,7.0,14.2641666667,57.6755,3.53083333333,48.4083333333,47.9166666667,0.0,0.45,55.1666666667,0.610375,0.0,0.0,10736.8046875,51.5208333333
2014.0,10.0,26.0,8.0,15.2841666667,59.5115,3.47,45.125,210.833333333,0.575,3.95,61.1666666667,0.457375,0.0,0.0,10736.8046875,51.2291666667
2014.0,10.0,26.0,9.0,16.2883333333,61.319,3.18416666667,41.4583333333,365.583333333,1.30833333333,6.375,71.0833333333,0.30675,0.0,0.0,10736.8046875,51.6458333333
2014.0,10.0,26.0,10.0,16.975,62.555,3.07083333333,39.375,492.25,2.21666666667,8.64166666667,80.0,0.205333333333,0.00158333333333,0.0,10736.8046875,52.7708333333
2014.0,10.0,26.0,11.0,17.7866666667,64.016,3.21083333333,37.7833333333,569.666666667,1.99166666667,7.99166666667,81.1666666667,0.0859583333333,0.00395833333333,0.0,10736.8046875,52.2916666667
2014.0,10.0,26.0,12.0,18.5516666667,65.393,3.16,35.9,594.25,1.84166666667,7.54166666667,83.25,0.0219583333333,0.0547083333333,0.0,10736.8046875,52.2291666667
2014.0,10.0,26.0,13.0,18.3591666667,65.0465,3.36333333333,36.8416666667,527.0,1.51666666667,6.95833333333,77.1666666667,0.0225,0.026375,0.0,10736.8046875,51.9583333333
2014.0,10.0,26.0,14.0,18.8683333333,65.963,3.26166666667,35.4416666667,483.666666667,1.03333333333,5.44166666667,73.9166666667,0.0,0.08025,0.0,10736.8046875,53.625
2014.0,10.0,26.0,15.0,19.3733333333,66.872,4.02666666667,36.2333333333,357.833333333,1.04166666667,6.525,84.75,0.0,0.156,0.0,10736.8046875,53.0
2014.0,10.0,26.0,16.0,19.6616666667,67.391,3.61583333333,34.575,203.333333333,0.933333333333,5.99166666667,81.0,0.0,0.19925,0.0,10736.8046875,55.6666666667
2014.0,10.0,26.0,17.0,17.7783333333,64.001,3.74916666667,39.3166666667,42.75,0.683333333333,4.53333333333,74.8333333333,0.0937083333333,0.0104583333333,0.0,10736.8046875,56.0625
2014.0,10.0,26.0,18.0,16.1183333333,61.013,4.135,44.825,1.0,0.05,1.375,62.1666666667,0.33225,0.0,0.0,10736.8046875,56.2291666667
2014.0,10.0,26.0,19.0,15.3533333333,59.636,4.25916666667,47.4833333333,1.0,0.0,0.0,57.0833333333,0.447,0.0,0.0,10736.8046875,55.4791666667
2014.0,10.0,26.0,20.0,14.49,58.082,4.3925,50.6666666667,1.0,0.0,0.0,51.6666666667,0.5765,0.0,0.0,10736.8046875,54.6041666667
2014.0,10.0,26.0,21.0,14.0291666667,57.2525,4.63666666667,53.1,1.0,0.0,0.0,54.5,0.645625,0.0,0.0,10736.8046875,54.3958333333
2014.0,10.0,26.0,22.0,13.1041666667,55.5875,4.60833333333,56.325,1.0,0.0,0.0,83.5,0.784375,0.0,0.0,10736.8046875,55.0
2014.0,10.0,26.0,23.0,12.6391666667,54.7505,4.52166666667,57.6666666667,1.0,0.0166666666667,0.516666666667,92.8333333333,0.854125,0.0,0.0,10736.8046875,54.0625
2014.0,10.0,27.0,0.0,11.8,53.24,4.22083333333,59.7,1.0,0.0166666666667,0.8,97.6666666667,0.98,0.0,720.0,10736.8046875,53.5833333333
2014.0,10.0,27.0,1.0,11.2216666667,52.199,3.74583333333,59.975,1.0,0.133333333333,2.075,81.8333333333,1.06675,0.0,720.0,10736.8046875,53.5208333333
2014.0,10.0,27.0,2.0,10.7758333333,51.3965,3.5625,60.9833333333,1.0,0.0333333333333,0.866666666667,62.9166666667,1.133625,0.0,720.0,10736.8046875,52.9791666667
2014.0,10.0,27.0,3.0,10.22,50.396,3.59666666667,63.4333333333,1.0,0.0,0.283333333333,49.0833333333,1.217,0.0,720.0,10736.8046875,52.9791666667
2014.0,10.0,27.0,4.0,9.53,49.154,3.52416666667,66.1166666667,1.0,0.0166666666667,0.583333333333,42.4166666667,1.3205,0.0,720.0,10736.8046875,53.4583333333
2014.0,10.0,27.0,5.0,8.68083333333,47.6255,3.46166666667,69.6833333333,1.0,0.0,0.841666666667,43.8333333333,1.447875,0.0,720.0,10736.8046875,53.1666666667
2014.0,10.0,27.0,6.0,8.42416666667,47.1635,3.3375,70.2833333333,1.0,0.0,0.416666666667,42.9166666667,1.486375,0.0,720.0,10736.8046875,52.9791666667
2014.0,10.0,27.0,7.0,9.67583333333,49.4165,2.77666666667,62.3,47.8333333333,0.0,0.466666666667,49.3333333333,1.298625,0.0,720.0,10736.8046875,52.5416666667
2014.0,10.0,27.0,8.0,11.9541666667,53.5175,3.44583333333,55.9583333333,210.583333333,0.0,0.658333333333,51.5,0.956875,0.0,720.0,10736.8046875,52.9375
2014.0,10.0,27.0,9.0,14.7558333333,58.5605,5.0325,52.1,367.0,0.0833333333333,1.10833333333,74.0,0.536625,0.0,720.0,10736.8046875,54.0833333333
2014.0,10.0,27.0,10.0,16.1458333333,61.0625,5.31083333333,48.5833333333,491.666666667,0.2,2.75833333333,71.1666666667,0.328125,0.0,720.0,10736.8046875,56.5833333333
2014.0,10.0,27.0,11.0,17.6525,63.7745,5.3475,44.2833333333,569.5,0.208333333333,2.68333333333,70.4166666667,0.108375,0.00625,720.0,10736.8046875,56.9583333333
2014.0,10.0,27.0,12.0,18.655,65.579,4.095,38.2166666667,596.0,0.325,2.98333333333,66.75,0.0235833333333,0.0718333333333,720.0,10736.8046875,58.2083333333
2014.0,10.0,27.0,13.0,18.8808333333,65.9855,3.57333333333,36.2333333333,566.0,0.166666666667,1.89166666667,79.1666666667,0.00783333333333,0.0899583333333,720.0,10736.8046875,56.7708333333
2014.0,10.0,27.0,14.0,18.915,66.047,3.11916666667,35.0,473.333333333,0.325,2.34166666667,57.9166666667,0.0,0.08725,720.0,10736.8046875,56.5625
2014.0,10.0,27.0,15.0,20.0833333333,68.15,3.81666666667,34.175,361.833333333,0.108333333333,1.59166666667,71.9166666667,0.0,0.2625,720.0,10736.8046875,48.4615384615
2014.0,10.0,27.0,16.0,19.9141666667,67.8455,2.71916666667,31.9833333333,173.583333333,0.116666666667,1.68333333333,56.0,0.0,0.237125,720.0,10736.8046875,58.4791666667
2014.0,10.0,27.0,17.0,17.8991666667,64.2185,2.92083333333,36.7916666667,34.8333333333,0.0166666666667,0.625,46.4166666667,0.077625,0.0125,720.0,10736.8046875,59.125
2014.0,10.0,27.0,18.0,16.7825,62.2085,3.19083333333,40.1916666667,1.0,0.0,0.0,49.1666666667,0.232625,0.0,720.0,10736.8046875,58.3541666667
2014.0,10.0,27.0,19.0,16.2566666667,61.262,3.9625,43.9416666667,1.0,0.0,0.216666666667,44.5,0.3115,0.0,720.0,10736.8046875,57.4375
2014.0,10.0,27.0,20.0,15.125,59.225,5.4025,52.1916666667,1.0,0.0,0.458333333333,48.1666666667,0.48125,0.0,720.0,10736.8046875,57.2083333333
2014.0,10.0,27.0,21.0,14.0408333333,57.2735,5.9825,58.3,1.0,0.0,0.158333333333,45.0833333333,0.643875,0.0,720.0,10736.8046875,55.8958333333
2014.0,10.0,27.0,22.0,13.7341666667,56.7215,5.645,58.0916666667,1.0,0.0,0.125,121.833333333,0.689875,0.0,720.0,10736.8046875,56.4791666667
2014.0,10.0,27.0,23.0,13.255,55.859,5.54333333333,59.5,1.0,0.1,1.31666666667,46.4166666667,0.76175,0.0,720.0,10736.8046875,54.8958333333
2014.0,10.0,28.0,0.0,12.9325,55.2785,5.80833333333,61.8666666667,1.0,0.075,0.866666666667,40.9166666667,0.810125,0.0,720.0,10736.8046875,53.8125
2014.0,10.0,28.0,1.0,12.8608333333,55.1495,6.205,63.9,1.0,0.0,0.0,47.3333333333,0.820875,0.0,720.0,10736.8046875,54.4791666667
2014.0,10.0,28.0,2.0,12.9991666667,55.3985,6.26,63.5583333333,1.0,0.0,0.0,293.583333333,0.800125,0.0,720.0,10736.8046875,53.1041666667
2014.0,10.0,28.0,3.0,12.3383333333,54.209,6.68583333333,68.3666666667,1.0,0.0,0.0166666666667,305.666666667,0.89925,0.0,720.0,10736.8046875,53.5416666667
2014.0,10.0,28.0,4.0,12.1,53.78,7.53083333333,73.5666666667,1.0,0.0,0.0,302.833333333,0.935,0.0,720.0,10736.8046875,53.9583333333
2014.0,10.0,28.0,5.0,11.9391666667,53.4905,8.315,78.425,1.0,0.0,0.0,304.416666667,0.959125,0.0,720.0,10736.8046875,53.8125
2014.0,10.0,28.0,6.0,11.7925,53.2265,8.89333333333,82.325,1.0,0.0,0.0,308.166666667,0.981125,0.0,720.0,10736.8046875,54.4375
2014.0,10.0,28.0,7.0,12.8525,55.1345,9.09333333333,78.0583333333,41.9166666667,0.0,0.0,304.916666667,0.822125,0.0,720.0,10736.8046875,52.3958333333
2014.0,10.0,28.0,8.0,15.1466666667,59.264,9.96583333333,71.275,173.666666667,0.0,0.0,298.083333333,0.478,0.0,720.0,10736.8046875,55.8541666667
2014.0,10.0,28.0,9.0,15.6858333333,60.2345,10.2258333333,69.9583333333,231.916666667,0.0,0.858333333333,141.0,0.397125,0.0,720.0,10736.8046875,56.9583333333
2014.0,10.0,28.0,10.0,18.2516666667,64.853,10.6791666667,61.3083333333,376.25,0.05,1.34166666667,90.0833333333,0.0562916666667,0.0440416666667,720.0,10736.8046875,56.9791666667
2014.0,10.0,28.0,11.0,19.2341666667,66.6215,10.6866666667,57.7333333333,370.833333333,0.141666666667,1.25833333333,33.3333333333,0.016375,0.1515,720.0,10736.8046875,58.7083333333
2014.0,10.0,28.0,12.0,22.1583333333,71.885,11.08,49.5833333333,510.0,0.05,0.891666666667,12.1666666667,0.0,0.57375,720.0,10736.8046875,58.9791666667
2014.0,10.0,28.0,13.0,23.6658333333,74.5985,11.665,46.9083333333,591.166666667,0.05,0.866666666667,47.0,0.0,0.799875,720.0,10736.8046875,57.9791666667
2014.0,10.0,28.0,14.0,24.7433333333,76.538,11.6833333333,44.0333333333,435.083333333,0.0,0.258333333333,129.75,0.0,0.9615,720.0,10736.8046875,59.2083333333
2014.0,10.0,28.0,15.0,24.7125,76.4825,12.5808333333,46.7583333333,222.416666667,0.0,0.0333333333333,134.166666667,0.0,0.956875,720.0,10736.8046875,57.2708333333
2014.0,10.0,28.0,16.0,23.85,74.93,13.0533333333,50.8,102.333333333,0.0666666666667,1.025,236.666666667,0.0,0.8275,720.0,10736.8046875,59.1458333333
2014.0,10.0,28.0,17.0,22.3025,72.1445,12.885,55.1666666667,16.75,0.175,1.45833333333,340.25,0.0,0.595375,720.0,10736.8046875,59.125
2014.0,10.0,28.0,18.0,21.4708333333,70.6475,13.0666666667,58.7166666667,1.0,0.0166666666667,0.683333333333,333.833333333,0.0,0.470625,720.0,10736.8046875,58.9583333333
2014.0,10.0,28.0,19.0,20.7608333333,69.3695,13.7533333333,64.175,1.0,0.0333333333333,0.683333333333,327.583333333,0.0,0.364125,720.0,10736.8046875,58.1875
2014.0,10.0,28.0,20.0,19.8541666667,67.7375,14.4391666667,70.9166666667,1.0,0.0166666666667,0.475,326.5,0.0,0.228125,720.0,10736.8046875,57.6666666667
2014.0,10.0,28.0,21.0,19.445,67.001,15.2575,76.6583333333,1.0,0.05,1.73333333333,65.0833333333,0.0,0.16675,720.0,10736.8046875,57.9791666667
2014.0,10.0,28.0,22.0,19.2383333333,66.629,15.4691666667,78.7166666667,1.0,0.0666666666667,1.19166666667,100.083333333,0.0,0.13575,720.0,10736.8046875,56.7291666667
2014.0,10.0,28.0,23.0,18.3858333333,65.0945,15.1625,81.3833333333,1.0,0.0,0.125,32.4166666667,0.00429166666667,0.0121666666667,720.0,10736.8046875,56.4375
2014.0,10.0,29.0,0.0,18.47,65.246,15.3025,81.7,1.0,0.0,0.4,51.5833333333,0.00666666666667,0.0271666666667,720.0,10736.8046875,55.7916666667
2014.0,10.0,29.0,1.0,18.545,65.381,15.44,82.0333333333,1.0,0.0166666666667,0.658333333333,73.0833333333,0.000166666666667,0.0319166666667,720.0,10736.8046875,55.1041666667
2014.0,10.0,29.0,2.0,17.9691666667,64.3445,15.2025,83.775,1.0,0.0,0.708333333333,27.5833333333,0.0569166666667,0.00229166666667,720.0,10736.8046875,54.4791666667
2014.0,10.0,29.0,3.0,17.535,63.563,15.0725,85.375,1.0,0.0,0.1,44.6666666667,0.11975,0.0,720.0,10736.8046875,54.3541666667
2014.0,10.0,29.0,4.0,17.0658333333,62.7185,14.965,87.3333333333,1.0,0.0,0.208333333333,52.0,0.190125,0.0,720.0,10736.8046875,54.0625
2014.0,10.0,29.0,5.0,16.9508333333,62.5115,15.0016666667,88.1916666667,1.0,0.0,0.258333333333,47.0,0.207375,0.0,720.0,10736.8046875,54.3125
2014.0,10.0,29.0,6.0,16.7533333333,62.156,14.9916666667,89.2416666667,1.08333333333,0.0166666666667,0.308333333333,46.0,0.237,0.0,720.0,10736.8046875,53.8125
2014.0,10.0,29.0,7.0,16.9241666667,62.4635,14.9808333333,88.2666666667,33.1666666667,0.0,0.483333333333,43.6666666667,0.211375,0.0,720.0,10736.8046875,53.5833333333
2014.0,10.0,29.0,8.0,18.0941666667,64.5695,14.9741666667,81.925,164.416666667,0.0,0.35,47.4166666667,0.0429583333333,0.00708333333333,720.0,10736.8046875,53.9166666667
2014.0,10.0,29.0,9.0,19.0058333333,66.2105,15.425,79.675,213.833333333,0.0,0.308333333333,46.0,0.004375,0.10525,720.0,10736.8046875,55.1875
2014.0,10.0,29.0,10.0,20.5933333333,69.068,14.5116666667,68.2333333333,233.25,0.0333333333333,0.933333333333,65.1666666667,0.0,0.339,720.0,10736.8046875,57.5
2014.0,10.0,29.0,11.0,20.9058333333,69.6305,13.7241666667,63.5083333333,367.5,0.466666666667,3.79166666667,82.0833333333,0.0,0.385875,720.0,10736.8046875,58.6041666667
2014.0,10.0,29.0,12.0,20.5333333333,68.96,9.80666666667,50.5166666667,297.416666667,0.525,3.85833333333,89.5833333333,0.0,0.33,720.0,10736.8046875,57.1458333333
2014.0,10.0,29.0,13.0,18.5841666667,65.4515,7.57916666667,48.7,201.916666667,1.13333333333,6.01666666667,76.5,0.0352083333333,0.0728333333333,720.0,10736.8046875,59.4791666667
2014.0,10.0,29.0,14.0,16.5925,61.8665,6.91166666667,52.7333333333,70.8333333333,0.958333333333,5.53333333333,84.6666666667,0.261125,0.0,720.0,10736.8046875,58.3958333333
2014.0,10.0,29.0,15.0,14.4558333333,58.0205,6.80916666667,61.1083333333,26.25,1.04166666667,5.325,86.1666666667,0.581625,0.0,720.0,10736.8046875,58.75
2014.0,10.0,29.0,16.0,10.8325,51.4985,10.4241666667,97.2666666667,19.4166666667,0.0,0.0916666666667,140.583333333,1.125125,0.0,720.0,10736.8046875,58.9583333333
2014.0,10.0,29.0,17.0,11.9333333333,53.48,9.69583333333,86.2,3.08333333333,0.0,0.0,128.416666667,0.96,0.0,720.0,10736.8046875,58.9791666667
2014.0,10.0,29.0,18.0,12.395,54.311,9.72333333333,83.6833333333,1.0,0.0,0.0,59.1666666667,0.89075,0.0,720.0,10736.8046875,57.9791666667
2014.0,10.0,29.0,19.0,12.125,53.825,10.0008333333,86.7666666667,1.0,0.0,0.383333333333,49.8333333333,0.93125,0.0,720.0,10736.8046875,57.3541666667
2014.0,10.0,29.0,20.0,11.8766666667,53.378,10.095,88.775,1.0,0.0166666666667,1.075,49.3333333333,0.9685,0.0,720.0,10736.8046875,56.9583333333
2014.0,10.0,29.0,21.0,11.4766666667,52.658,10.2908333333,92.35,1.0,0.0166666666667,0.533333333333,50.75,1.0285,0.0,720.0,10736.8046875,56.2291666667
2014.0,10.0,29.0,22.0,11.025,51.845,10.1508333333,94.2833333333,1.0,0.0,0.0,69.6666666667,1.09625,0.0,720.0,10736.8046875,56.8958333333
2014.0,10.0,29.0,23.0,10.685,51.233,9.86833333333,94.625,1.0,0.0,0.075,66.5,1.14725,0.0,720.0,10736.8046875,56.0625
2014.0,10.0,30.0,0.0,10.6233333333,51.122,9.78416666667,94.4583333333,1.0,0.0,0.0166666666667,68.4166666667,1.1565,0.0,720.0,10736.8046875,55.8958333333
2014.0,10.0,30.0,1.0,10.3158333333,50.5685,9.65083333333,95.5833333333,1.0,0.0,0.0,62.4166666667,1.202625,0.0,720.0,10736.8046875,54.9375
2014.0,10.0,30.0,2.0,9.68666666667,49.436,9.06333333333,95.8333333333,1.0,0.0,0.158333333333,59.75,1.297,0.0,720.0,10736.8046875,54.2916666667
2014.0,10.0,30.0,3.0,9.71,49.478,8.475,91.9666666667,1.0,0.0,0.0166666666667,63.5,1.2935,0.0,720.0,10736.8046875,53.9375
2014.0,10.0,30.0,4.0,9.76666666667,49.58,7.89416666667,88.0583333333,1.0,0.0,0.0,66.25,1.285,0.0,720.0,10736.8046875,54.75
2014.0,10.0,30.0,5.0,9.5575,49.2035,7.19,85.125,1.0,0.0,0.0,65.9166666667,1.316375,0.0,720.0,10736.8046875,54.7291666667
2014.0,10.0,30.0,6.0,9.405,48.929,6.6625,82.925,1.0,0.0,0.075,72.3333333333,1.33925,0.0,720.0,10736.8046875,55.6875
2014.0,10.0,30.0,7.0,9.88,49.784,5.96,76.7333333333,37.0,0.0333333333333,0.916666666667,87.9166666667,1.268,0.0,720.0,10736.8046875,54.5625
2014.0,10.0,30.0,8.0,10.87,51.566,5.85916666667,71.1666666667,152.666666667,0.716666666667,4.625,119.5,1.1195,0.0,720.0,10736.8046875,54.5833333333
2014.0,10.0,30.0,9.0,12.7191666667,54.8945,6.56666666667,66.125,330.25,0.625,4.01666666667,138.666666667,0.842125,0.0,720.0,10736.8046875,56.3541666667
2014.0,10.0,30.0,10.0,13.8166666667,56.87,6.21666666667,60.15,443.083333333,1.4,5.55833333333,160.166666667,0.6775,0.0,720.0,10736.8046875,58.2291666667
2014.0,10.0,30.0,11.0,15.4441666667,59.7995,6.06583333333,53.5583333333,541.75,0.333333333333,2.75,133.083333333,0.433375,0.0,720.0,10736.8046875,58.5
2014.0,10.0,30.0,12.0,16.3866666667,61.496,5.32333333333,48.05,633.75,0.15,2.30833333333,109.25,0.292,0.0,720.0,10736.8046875,57.625
2014.0,10.0,30.0,13.0,14.6041666667,58.2875,4.91583333333,52.35,313.666666667,0.5,3.28333333333,128.25,0.559375,0.0,720.0,10736.8046875,57.5416666667
2014.0,10.0,30.0,14.0,14.8983333333,58.817,3.9325,47.8166666667,291.833333333,0.15,1.41666666667,118.416666667,0.51525,0.0,720.0,10736.8046875,59.0208333333
2014.0,10.0,30.0,15.0,14.9933333333,58.988,4.17,48.375,170.833333333,0.208333333333,2.19166666667,122.833333333,0.501,0.0,720.0,10736.8046875,58.4166666667
2014.0,10.0,30.0,16.0,14.4641666667,58.0355,3.5675,48.0166666667,109.166666667,0.341666666667,2.76666666667,124.583333333,0.580375,0.0,720.0,10736.8046875,60.5416666667
2014.0,10.0,30.0,17.0,13.0216666667,55.439,3.56166666667,52.5833333333,14.6666666667,0.0833333333333,1.18333333333,113.25,0.79675,0.0,720.0,10736.8046875,58.1666666667
2014.0,10.0,30.0,18.0,11.6408333333,52.9535,3.69083333333,58.1083333333,1.0,0.0,0.166666666667,139.833333333,1.003875,0.0,720.0,10736.8046875,57.3958333333
2014.0,10.0,30.0,19.0,10.8116666667,51.461,3.60666666667,61.025,1.0,0.0833333333333,1.08333333333,145.25,1.12825,0.0,720.0,10736.8046875,57.0208333333
2014.0,10.0,30.0,20.0,9.83583333333,49.7045,2.75583333333,61.325,1.0,0.0,0.158333333333,167.666666667,1.274625,0.0,720.0,10736.8046875,55.0416666667
2014.0,10.0,30.0,21.0,9.24583333333,48.6425,2.6075,63.15,1.0,0.0,0.308333333333,170.166666667,1.363125,0.0,720.0,10736.8046875,56.3333333333
2014.0,10.0,30.0,22.0,8.50583333333,47.3105,2.40416666667,65.425,1.0,0.0,0.0666666666667,157.166666667,1.474125,0.0,720.0,10736.8046875,55.9791666667
2014.0,10.0,30.0,23.0,7.97666666667,46.358,2.0575,66.175,1.0,0.0,0.05,147.083333333,1.5535,0.0,720.0,10736.8046875,55.1666666667
2014.0,10.0,31.0,0.0,7.935,46.283,1.97333333333,65.9583333333,1.0,0.0,0.158333333333,119.416666667,1.55975,0.0,720.0,10736.8046875,54.5208333333
2014.0,10.0,31.0,1.0,6.86083333333,44.3495,2.09833333333,71.6416666667,1.0,0.0,0.0,154.833333333,1.720875,0.0,720.0,10736.8046875,54.1666666667
2014.0,10.0,31.0,2.0,6.58166666667,43.847,2.225,73.6916666667,1.0,0.0,0.158333333333,158.0,1.76275,0.0,720.0,10736.8046875,54.0833333333
2014.0,10.0,31.0,3.0,6.1325,43.0385,2.11666666667,75.425,1.0,0.0,0.0833333333333,156.083333333,1.830125,0.0,720.0,10736.8046875,54.3125
2014.0,10.0,31.0,4.0,5.36083333333,41.6495,2.07083333333,79.3083333333,1.0,0.0,0.0,173.833333333,1.945875,0.0,720.0,10736.8046875,54.375
2014.0,10.0,31.0,5.0,5.20416666667,41.3675,1.88333333333,79.1166666667,1.0,0.0,0.0,158.166666667,1.969375,0.0,720.0,10736.8046875,54.1875
2014.0,10.0,31.0,6.0,5.12916666667,41.2325,1.63833333333,78.1333333333,1.0,0.0166666666667,0.591666666667,156.166666667,1.980625,0.0,720.0,10736.8046875,53.9583333333
2014.0,10.0,31.0,7.0,5.04083333333,41.0735,1.61083333333,78.45,10.0833333333,0.0833333333333,0.908333333333,161.25,1.993875,0.0,720.0,10736.8046875,53.3125
2014.0,10.0,31.0,8.0,5.94916666667,42.7085,1.84666666667,74.9333333333,101.166666667,0.0333333333333,1.08333333333,161.166666667,1.857625,0.0,720.0,10736.8046875,55.0208333333
2014.0,10.0,31.0,9.0,9.24083333333,48.6335,2.75,63.9,321.833333333,0.433333333333,2.75833333333,186.75,1.363875,0.0,720.0,10736.8046875,55.25
2014.0,10.0,31.0,10.0,9.69416666667,49.4495,2.60333333333,61.2666666667,195.083333333,0.133333333333,1.59166666667,191.083333333,1.295875,0.0,720.0,10736.8046875,58.9583333333
2014.0,10.0,31.0,11.0,10.7583333333,51.365,3.02916666667,58.8333333333,227.0,0.075,0.791666666667,144.666666667,1.13625,0.0,720.0,10736.8046875,56.6458333333
2014.0,10.0,31.0,12.0,10.5091666667,50.9165,3.25333333333,60.7333333333,161.916666667,0.141666666667,1.35833333333,152.916666667,1.173625,0.0,720.0,10736.8046875,57.8958333333
2014.0,10.0,31.0,13.0,10.8466666667,51.524,3.36833333333,59.8666666667,155.75,0.258333333333,1.95,160.75,1.123,0.0,720.0,10736.8046875,54.0961538462
2014.0,10.0,31.0,14.0,11.3366666667,52.406,3.185,57.225,171.333333333,0.283333333333,2.61666666667,172.666666667,1.0495,0.0,720.0,10736.8046875,58.3541666667
2014.0,10.0,31.0,15.0,11.6425,52.9565,3.03833333333,55.475,144.083333333,0.341666666667,2.51666666667,171.916666667,1.003625,0.0,720.0,10736.8046875,57.0625
2014.0,10.0,31.0,16.0,10.93,51.674,3.1025,58.4333333333,33.0,0.3,2.58333333333,193.583333333,1.1105,0.0,720.0,10736.8046875,59.0833333333
2014.0,10.0,31.0,17.0,10.59,51.062,3.09,59.7,3.5,0.2,2.36666666667,191.75,1.1615,0.0,720.0,10736.8046875,57.4583333333
2014.0,10.0,31.0,18.0,10.3341666667,50.6015,3.09,60.7333333333,1.0,0.325,3.00833333333,178.916666667,1.199875,0.0,720.0,10736.8046875,57.2083333333
2014.0,10.0,31.0,19.0,10.3675,50.6615,3.43166666667,62.0833333333,1.0,0.25,2.70833333333,173.25,1.194875,0.0,720.0,10736.8046875,56.6666666667
2014.0,10.0,31.0,20.0,10.4108333333,50.7395,4.07666666667,64.7833333333,1.0,0.275,2.61666666667,174.583333333,1.188375,0.0,720.0,10736.8046875,56.7083333333
2014.0,10.0,31.0,21.0,10.1583333333,50.285,4.33833333333,67.1083333333,1.0,0.15,2.125,166.75,1.22625,0.0,720.0,10736.8046875,55.4791666667
2014.0,10.0,31.0,22.0,10.1983333333,50.357,4.87,69.4583333333,1.0,0.4,3.31666666667,172.833333333,1.22025,0.0,720.0,10736.8046875,57.4166666667
2014.0,10.0,31.0,23.0,10.2283333333,50.411,4.82083333333,69.0833333333,1.0,0.458333333333,3.30833333333,171.916666667,1.21575,0.0,720.0,10736.8046875,56.1666666667
2014.0,11.0,1.0,0.0,10.4066666667,50.732,5.62083333333,72.175,1.0,0.791666666667,4.25833333333,170.0,1.189,0.0,0.0,10736.8046875,54.6458333333
2014.0,11.0,1.0,1.0,9.8625,49.7525,7.41083333333,84.75,1.0,0.758333333333,4.45833333333,173.833333333,1.270625,0.0,0.0,10736.8046875,54.6041666667
2014.0,11.0,1.0,2.0,9.82666666667,49.688,7.88333333333,87.6416666667,1.0,1.45833333333,6.55833333333,179.833333333,1.276,0.0,0.0,10736.8046875,54.5
2014.0,11.0,1.0,3.0,9.51583333333,49.1285,7.31583333333,86.0916666667,1.0,2.05833333333,7.09166666667,185.5,1.322625,0.0,0.0,10736.8046875,54.2291666667
2014.0,11.0,1.0,4.0,8.0625,46.5125,7.5125,96.375,1.0,1.30833333333,6.15,176.25,1.540625,0.0,0.0,10736.8046875,55.3333333333
2014.0,11.0,1.0,5.0,6.825,44.285,-10.2583333333,53.9833333333,1.0,2.325,7.34166666667,169.583333333,1.72625,0.0,0.0,10736.8046875,54.8958333333
2014.0,11.0,1.0,6.0,6.2725,43.2905,-46.1508333333,1.0,1.0,2.65,8.54166666667,171.333333333,1.809125,0.0,0.0,10736.8046875,54.6875
2014.0,11.0,1.0,7.0,6.01083333333,42.8195,-46.3125,1.0,2.75,2.39166666667,8.33333333333,173.5,1.848375,0.0,0.0,10736.8046875,53.1875
2014.0,11.0,1.0,8.0,5.91666666667,42.65,-46.37,1.0,27.0833333333,2.3,8.075,174.333333333,1.8625,0.0,0.0,10736.8046875,52.7708333333
2014.0,11.0,1.0,9.0,6.31916666667,43.3745,-40.5791666667,4.79166666667,26.8333333333,1.45833333333,6.80833333333,167.583333333,1.802125,0.0,0.0,10736.8046875,52.9583333333
2014.0,11.0,1.0,10.0,6.3625,43.4525,-11.1458333333,28.0916666667,28.0833333333,1.48333333333,6.10833333333,160.25,1.795625,0.0,0.0,10736.8046875,53.4791666667
2014.0,11.0,1.0,11.0,6.2425,43.2365,-43.7933333333,2.25,27.8333333333,1.55,5.75,165.666666667,1.813625,0.0,0.0,10736.8046875,54.625
2014.0,11.0,1.0,12.0,5.95166666667,42.713,-46.3483333333,1.0,40.0833333333,2.05,6.79166666667,171.25,1.85725,0.0,0.0,10736.8046875,54.5
2014.0,11.0,1.0,13.0,5.9,42.62,-46.3791666667,1.0,93.25,1.96666666667,7.26666666667,153.333333333,1.865,0.0,0.0,10736.8046875,53.8958333333
2014.0,11.0,1.0,14.0,6.12083333333,43.0175,-20.4516666667,21.9416666667,76.5,3.28333333333,10.0583333333,148.166666667,1.831875,0.0,0.0,10736.8046875,54.5416666667
2014.0,11.0,1.0,15.0,6.7025,44.0645,4.53416666667,88.55,58.5,1.26666666667,7.26666666667,146.833333333,1.744625,0.0,0.0,10736.8046875,55.3333333333
2014.0,11.0,1.0,16.0,7.82416666667,46.0835,5.86833333333,87.5083333333,26.9166666667,0.958333333333,5.49166666667,132.833333333,1.576375,0.0,0.0,10736.8046875,54.7708333333
2014.0,11.0,1.0,17.0,8.44416666667,47.1995,4.5425,76.4083333333,7.66666666667,1.83333333333,7.08333333333,155.75,1.483375,0.0,0.0,10736.8046875,55.375
2014.0,11.0,1.0,18.0,8.73916666667,47.7305,3.765,70.9583333333,1.0,1.36666666667,5.76666666667,155.333333333,1.439125,0.0,0.0,10736.8046875,56.3958333333
2014.0,11.0,1.0,19.0,9.06166666667,48.311,2.8675,65.125,1.0,2.21666666667,7.54166666667,149.416666667,1.39075,0.0,0.0,10736.8046875,54.4166666667
2014.0,11.0,1.0,20.0,9.03916666667,48.2705,2.16416666667,62.0333333333,1.0,1.75,6.38333333333,151.333333333,1.394125,0.0,0.0,10736.8046875,54.5833333333
2014.0,11.0,1.0,21.0,8.8275,47.8895,2.16666666667,62.95,1.0,2.29166666667,8.20833333333,153.75,1.425875,0.0,0.0,10736.8046875,54.3541666667
2014.0,11.0,1.0,22.0,8.50333333333,47.306,2.115,64.1083333333,1.0,2.075,8.23333333333,155.416666667,1.4745,0.0,0.0,10736.8046875,53.6666666667
2014.0,11.0,1.0,23.0,6.8,44.24,5.11333333333,89.3083333333,1.0,1.775,7.23333333333,139.833333333,1.73,0.0,0.0,10736.8046875,53.9791666667
2014.0,11.0,2.0,0.0,6.04333333333,42.878,4.01666666667,86.9,1.0,2.11666666667,7.71666666667,151.416666667,1.8435,0.0,0.0,10736.8046875,53.125
2014.0,11.0,2.0,1.0,5.9975,42.7955,3.03375,81.3791666667,1.0,0.929166666667,5.85,127.208333333,1.850375,0.0,0.0,10736.8046875,53.1458333333
2014.0,11.0,2.0,2.0,6.1975,43.1555,1.62166666667,72.4583333333,1.0,1.40833333333,7.09166666667,129.5,1.820375,0.0,0.0,10736.8046875,53.1458333333
2014.0,11.0,2.0,3.0,5.90916666667,42.6365,1.18333333333,71.6333333333,1.0,1.675,6.8,110.5,1.863625,0.0,0.0,10736.8046875,53.2916666667
2014.0,11.0,2.0,4.0,5.71416666667,42.2855,0.826666666667,70.7583333333,1.0,1.81666666667,7.63333333333,113.0,1.892875,0.0,0.0,10736.8046875,54.1666666667
2014.0,11.0,2.0,5.0,5.20583333333,41.3705,0.538333333333,71.7916666667,1.0,2.68333333333,8.86666666667,115.5,1.969125,0.0,0.0,10736.8046875,54.4791666667
2014.0,11.0,2.0,6.0,5.415,41.747,-0.0116666666667,68.0333333333,34.0,2.08333333333,9.05833333333,114.0,1.93775,0.0,0.0,10736.8046875,51.9375
2014.0,11.0,2.0,7.0,6.22166666667,43.199,-0.963333333333,60.0416666667,148.5,2.80833333333,10.5666666667,112.0,1.81675,0.0,0.0,10736.8046875,51.7708333333
2014.0,11.0,2.0,8.0,6.92666666667,44.468,-2.08166666667,52.65,291.333333333,3.05,11.4666666667,110.083333333,1.711,0.0,0.0,10736.8046875,50.7708333333
2014.0,11.0,2.0,9.0,7.14,44.852,-2.5675,50.05,472.416666667,4.5,13.3333333333,111.666666667,1.679,0.0,0.0,10736.8046875,51.75
2014.0,11.0,2.0,10.0,8.1,46.58,-2.27583333333,47.9083333333,497.833333333,2.66666666667,9.45833333333,107.5,1.535,0.0,0.0,10736.8046875,52.5
2014.0,11.0,2.0,11.0,8.70583333333,47.6705,-1.95666666667,47.0583333333,543.833333333,3.13333333333,10.4916666667,108.916666667,1.444125,0.0,0.0,10736.8046875,53.1666666667
2014.0,11.0,2.0,12.0,8.13416666667,46.6415,-1.81666666667,49.4333333333,468.666666667,3.51666666667,9.94166666667,105.75,1.529875,0.0,0.0,10736.8046875,52.6875
2014.0,11.0,2.0,13.0,8.7375,47.7275,-2.54583333333,44.9583333333,459.916666667,2.01666666667,8.28333333333,89.1666666667,1.439375,0.0,0.0,10736.8046875,52.8541666667
2014.0,11.0,2.0,14.0,9.25166666667,48.653,-3.35416666667,40.925,336.083333333,2.3,8.975,93.8333333333,1.36225,0.0,0.0,10736.8046875,52.2916666667
2014.0,11.0,2.0,15.0,9.52083333333,49.1375,-5.14666666667,35.0666666667,185.583333333,2.89166666667,9.73333333333,104.75,1.321875,0.0,0.0,10736.8046875,54.3333333333
2014.0,11.0,2.0,16.0,8.3525,47.0345,-5.8275,36.0416666667,29.0,1.89166666667,7.3,106.166666667,1.497125,0.0,0.0,10736.8046875,54.9166666667
2014.0,11.0,2.0,17.0,7.435,45.383,-6.21083333333,37.25,1.0,0.916666666667,5.49166666667,98.5,1.63475,0.0,0.0,10736.8046875,54.0833333333
2014.0,11.0,2.0,18.0,6.95083333333,44.5115,-7.15333333333,35.8166666667,1.0,1.45833333333,7.19166666667,99.9166666667,1.707375,0.0,0.0,10736.8046875,53.5416666667
2014.0,11.0,2.0,19.0,6.27916666667,43.3025,-6.88416666667,38.3583333333,1.0,0.616666666667,4.725,77.6666666667,1.808125,0.0,0.0,10736.8046875,53.8958333333
2014.0,11.0,2.0,20.0,5.66166666667,42.191,-6.45916666667,41.2916666667,1.0,0.708333333333,5.13333333333,80.6666666667,1.90075,0.0,0.0,10736.8046875,54.5416666667
2014.0,11.0,2.0,21.0,5.25416666667,41.4575,-6.76,41.5083333333,1.0,0.591666666667,4.65,79.0833333333,1.961875,0.0,0.0,10736.8046875,54.3541666667
2014.0,11.0,2.0,22.0,5.05083333333,41.0915,-6.9325,41.55,1.0,0.491666666667,4.54166666667,66.25,1.992375,0.0,0.0,10736.8046875,52.5625
2014.0,11.0,2.0,23.0,4.8775,40.7795,-6.78333333333,42.5333333333,1.0,0.375,4.10833333333,72.1666666667,2.018375,0.0,0.0,10736.8046875,52.5
2014.0,11.0,3.0,0.0,4.58583333333,40.2545,-6.1125,45.7166666667,1.0,0.375,3.41666666667,68.6666666667,2.062125,0.0,720.0,10736.8046875,51.5
2014.0,11.0,3.0,1.0,4.65166666667,40.373,-4.60666666667,51.0666666667,1.0,0.316666666667,3.34166666667,67.4166666667,2.05225,0.0,720.0,10736.8046875,51.4583333333
2014.0,11.0,3.0,2.0,4.79666666667,40.634,-2.87,57.55,1.0,0.233333333333,2.96666666667,66.1666666667,2.0305,0.0,720.0,10736.8046875,51.0625
2014.0,11.0,3.0,3.0,4.67666666667,40.418,-2.49083333333,59.675,1.0,0.133333333333,2.225,52.6666666667,2.0485,0.0,720.0,10736.8046875,51.625
2014.0,11.0,3.0,4.0,3.94666666667,39.104,-2.67416666667,61.975,1.0,0.0333333333333,0.6,40.3333333333,2.158,0.0,720.0,10736.8046875,51.0416666667
2014.0,11.0,3.0,5.0,3.685,38.633,-2.3075,64.8583333333,1.0,0.333333333333,2.56666666667,49.5,2.19725,0.0,720.0,10736.8046875,52.5833333333
2014.0,11.0,3.0,6.0,4.50833333333,40.115,-2.63916666667,59.7833333333,27.25,0.0833333333333,1.29166666667,48.5833333333,2.07375,0.0,720.0,10736.8046875,51.4583333333
2014.0,11.0,3.0,7.0,5.4625,41.8325,-2.44666666667,56.6916666667,55.9166666667,0.825,4.84166666667,51.5833333333,1.930625,0.0,720.0,10736.8046875,51.5208333333
2014.0,11.0,3.0,8.0,7.67416666667,45.8135,-2.15666666667,49.85,268.416666667,0.75,4.575,51.1666666667,1.598875,0.0,720.0,10736.8046875,52.1666666667
2014.0,11.0,3.0,9.0,11.4183333333,52.553,-1.24666666667,41.3916666667,455.666666667,0.9,5.04166666667,60.3333333333,1.03725,0.0,720.0,10736.8046875,55.0
2014.0,11.0,3.0,10.0,13.1683333333,55.703,-2.08166666667,34.6833333333,478.333333333,1.05833333333,6.21666666667,72.1666666667,0.77475,0.0,720.0,10736.8046875,56.5625
2014.0,11.0,3.0,11.0,14.5441666667,58.1795,-2.59083333333,30.625,536.833333333,0.975,5.775,60.1666666667,0.568375,0.0,720.0,10736.8046875,56.7291666667
2014.0,11.0,3.0,12.0,15.2,59.36,-5.09333333333,24.2666666667,543.25,1.56666666667,6.78333333333,66.3333333333,0.47,0.0,720.0,10736.8046875,58.6666666667
2014.0,11.0,3.0,13.0,14.9625,58.9325,-6.19083333333,22.65,221.0,0.683333333333,4.15833333333,62.5,0.505625,0.0,720.0,10736.8046875,58.0
2014.0,11.0,3.0,14.0,15.2041666667,59.3675,-6.35333333333,22.0166666667,192.833333333,1.10833333333,5.575,57.8333333333,0.469375,0.0,720.0,10736.8046875,58.125
2014.0,11.0,3.0,15.0,14.9791666667,58.9625,-6.48666666667,22.1083333333,107.75,0.758333333333,3.975,55.4166666667,0.503125,0.0,720.0,10736.8046875,58.9583333333
2014.0,11.0,3.0,16.0,13.5966666667,56.474,-5.6,25.9166666667,16.3333333333,0.05,1.10833333333,53.0833333333,0.7105,0.0,720.0,10736.8046875,59.2291666667
2014.0,11.0,3.0,17.0,12.67,54.806,-4.3425,30.2833333333,1.0,0.175,1.75833333333,50.75,0.8495,0.0,720.0,10736.8046875,58.8958333333
2014.0,11.0,3.0,18.0,12.1683333333,53.903,-3.37833333333,33.5916666667,1.0,0.0333333333333,0.683333333333,49.75,0.92475,0.0,720.0,10736.8046875,57.9791666667
2014.0,11.0,3.0,19.0,12.0308333333,53.6555,-1.17333333333,39.9916666667,1.0,0.458333333333,3.03333333333,46.25,0.945375,0.0,720.0,10736.8046875,56.1041666667
2014.0,11.0,3.0,20.0,12.2525,54.0545,-1.6725,37.9916666667,1.0,0.1,1.15,44.4166666667,0.912125,0.0,720.0,10736.8046875,55.8125
2014.0,11.0,3.0,21.0,12.1675,53.9015,-1.24083333333,39.3916666667,1.0,0.341666666667,2.975,48.3333333333,0.924875,0.0,720.0,10736.8046875,57.1875
2014.0,11.0,3.0,22.0,12.04,53.672,-0.510833333333,41.8833333333,1.0,0.466666666667,2.45,47.5833333333,0.944,0.0,720.0,10736.8046875,55.6875
2014.0,11.0,3.0,23.0,11.8266666667,53.288,0.571666666667,45.95,1.0,0.433333333333,2.86666666667,49.1666666667,0.976,0.0,720.0,10736.8046875,54.9166666667
2014.0,11.0,4.0,0.0,11.6141666667,52.9055,0.990833333333,48.0083333333,1.0,0.116666666667,1.0,54.0833333333,1.007875,0.0,720.0,10736.8046875,54.7708333333
2014.0,11.0,4.0,1.0,11.6791666667,53.0225,1.45833333333,49.4416666667,1.0,0.0166666666667,0.466666666667,44.5,0.998125,0.0,720.0,10736.8046875,53.7291666667
2014.0,11.0,4.0,2.0,11.7458333333,53.1425,2.42416666667,52.7833333333,1.0,0.0,0.283333333333,65.6666666667,0.988125,0.0,720.0,10736.8046875,53.4166666667
2014.0,11.0,4.0,3.0,11.445,52.601,3.45916666667,57.9083333333,1.0,0.0,0.0333333333333,42.6666666667,1.03325,0.0,720.0,10736.8046875,53.7291666667
2014.0,11.0,4.0,4.0,11.2766666667,52.298,3.0275,56.7916666667,1.0,0.0333333333333,1.04166666667,51.4166666667,1.0585,0.0,720.0,10736.8046875,53.875
2014.0,11.0,4.0,5.0,10.7275,51.3095,3.3275,60.175,1.0,0.0833333333333,1.25,50.9166666667,1.140875,0.0,720.0,10736.8046875,53.8958333333
2014.0,11.0,4.0,6.0,10.4433333333,50.798,3.20833333333,60.8583333333,23.75,0.05,0.758333333333,52.5833333333,1.1835,0.0,720.0,10736.8046875,51.875
2014.0,11.0,4.0,7.0,12.18,53.924,2.81583333333,52.75,191.666666667,0.166666666667,1.58333333333,53.5,0.923,0.0,720.0,10736.8046875,51.7083333333
2014.0,11.0,4.0,8.0,14.605,58.289,3.10916666667,46.0666666667,319.25,0.133333333333,1.6,48.25,0.55925,0.0,720.0,10736.8046875,53.9375
2014.0,11.0,4.0,9.0,17.1916666667,62.945,2.54083333333,37.425,425.833333333,0.116666666667,1.6,47.1666666667,0.174083333333,0.00283333333333,720.0,10736.8046875,56.5625
2014.0,11.0,4.0,10.0,20.3341666667,68.6015,2.82916666667,31.4083333333,510.5,0.0333333333333,0.5,37.0,0.000166666666667,0.300291666667,720.0,10736.8046875,57.1458333333
2014.0,11.0,4.0,11.0,22.0958333333,71.7725,2.44083333333,27.5083333333,531.083333333,0.1,1.50833333333,67.0833333333,0.0,0.564375,720.0,10736.8046875,58.6875
2014.0,11.0,4.0,12.0,21.7166666667,71.09,0.975833333333,25.2583333333,336.5,0.1,1.4,45.1666666667,0.0,0.5075,720.0,10736.8046875,58.875
2014.0,11.0,4.0,13.0,21.6066666667,70.892,0.521666666667,24.6083333333,227.5,0.141666666667,1.36666666667,43.4166666667,0.0,0.491,720.0,10736.8046875,57.6666666667
2014.0,11.0,4.0,14.0,20.92,69.656,1.04416666667,26.6666666667,175.25,0.0666666666667,1.41666666667,30.0833333333,0.0,0.388,720.0,10736.8046875,57.1041666667
2014.0,11.0,4.0,15.0,19.1125,66.4025,2.04916666667,32.0583333333,55.1666666667,0.0666666666667,1.18333333333,46.5833333333,0.0,0.116875,720.0,10736.8046875,58.5625
2014.0,11.0,4.0,16.0,18.3483333333,65.027,3.89333333333,38.3083333333,3.16666666667,0.0,0.208333333333,185.333333333,0.0107083333333,0.0129583333333,720.0,10736.8046875,59.625
2014.0,11.0,4.0,17.0,17.3483333333,63.227,5.225,44.7666666667,1.0,0.0333333333333,0.741666666667,200.0,0.14775,0.0,720.0,10736.8046875,59.1875
2014.0,11.0,4.0,18.0,16.3458333333,61.4225,6.2825,51.3166666667,1.0,0.0166666666667,0.283333333333,40.3333333333,0.298125,0.0,720.0,10736.8046875,56.5208333333
2014.0,11.0,4.0,19.0,15.545,59.981,7.03166666667,56.8333333333,1.0,0.0,0.475,52.9166666667,0.41825,0.0,720.0,10736.8046875,55.6041666667
2014.0,11.0,4.0,20.0,15.3425,59.6165,6.77666666667,56.575,1.0,0.0,0.616666666667,59.5,0.448625,0.0,720.0,10736.8046875,55.2916666667
2014.0,11.0,4.0,21.0,15.1975,59.3555,5.94166666667,53.9166666667,1.0,0.0,0.375,34.5,0.470375,0.0,720.0,10736.8046875,54.875
2014.0,11.0,4.0,22.0,14.7041666667,58.4675,6.37083333333,57.3583333333,1.0,0.0,0.641666666667,46.5833333333,0.544375,0.0,720.0,10736.8046875,54.6041666667
2014.0,11.0,4.0,23.0,13.9858333333,57.1745,7.02166666667,62.8,1.0,0.0,0.65,40.25,0.652125,0.0,720.0,10736.8046875,53.8541666667
2014.0,11.0,5.0,0.0,13.2741666667,55.8935,7.15916666667,66.4083333333,1.0,0.0166666666667,0.475,61.6666666667,0.758875,0.0,720.0,10736.8046875,53.4166666667
2014.0,11.0,5.0,1.0,12.8,55.04,7.79166666667,71.5166666667,1.0,0.0666666666667,1.53333333333,57.5,0.83,0.0,720.0,10736.8046875,52.7083333333
2014.0,11.0,5.0,2.0,12.705,54.869,7.88583333333,72.425,1.0,0.2,2.24166666667,58.1666666667,0.84425,0.0,720.0,10736.8046875,52.125
2014.0,11.0,5.0,3.0,12.4675,54.4415,7.94666666667,73.875,1.0,0.0666666666667,1.09166666667,57.0833333333,0.879875,0.0,720.0,10736.8046875,53.3333333333
2014.0,11.0,5.0,4.0,12.2375,54.0275,7.79416666667,74.225,1.0,0.0166666666667,1.00833333333,58.6666666667,0.914375,0.0,720.0,10736.8046875,52.4375
2014.0,11.0,5.0,5.0,11.9741666667,53.5535,7.725,75.15,1.0,0.116666666667,1.45,56.8333333333,0.953875,0.0,720.0,10736.8046875,53.1041666667
2014.0,11.0,5.0,6.0,12.0725,53.7305,7.91666666667,75.6666666667,14.3333333333,0.1,1.48333333333,59.5833333333,0.939125,0.0,720.0,10736.8046875,51.625
2014.0,11.0,5.0,7.0,12.7216666667,54.899,7.895,72.4,76.5,0.0166666666667,0.258333333333,67.3333333333,0.84175,0.0,720.0,10736.8046875,51.3958333333
2014.0,11.0,5.0,8.0,14.02,57.236,7.125,63.2,129.166666667,0.0,0.0333333333333,60.6666666667,0.647,0.0,720.0,10736.8046875,52.2291666667
2014.0,11.0,5.0,9.0,15.5116666667,59.921,6.7575,55.95,178.083333333,0.0,0.4,78.1666666667,0.42325,0.0,720.0,10736.8046875,56.0833333333
2014.0,11.0,5.0,10.0,17.8441666667,64.1195,6.37333333333,47.025,275.333333333,0.0333333333333,0.925,55.75,0.09675,0.023375,720.0,10736.8046875,56.3333333333
2014.0,11.0,5.0,11.0,19.7291666667,67.5125,7.36583333333,44.85,289.25,0.2,2.06666666667,68.5833333333,0.0,0.209375,720.0,10736.8046875,58.9375
2014.0,11.0,5.0,12.0,18.5666666667,65.42,8.64333333333,52.4,160.25,0.358333333333,3.16666666667,78.1666666667,0.00908333333333,0.0440833333333,720.0,10736.8046875,59.2291666667
2014.0,11.0,5.0,13.0,17.8983333333,64.217,7.87916666667,51.8916666667,117.166666667,0.35,3.26666666667,89.8333333333,0.06525,0.0,720.0,10736.8046875,58.5
2014.0,11.0,5.0,14.0,17.4533333333,63.416,3.25416666667,38.825,84.0833333333,0.183333333333,2.3,79.8333333333,0.132,0.0,720.0,10736.8046875,59.1041666667
2014.0,11.0,5.0,15.0,16.9041666667,62.4275,1.63,35.7166666667,51.0833333333,0.0833333333333,1.18333333333,69.3333333333,0.214375,0.0,720.0,10736.8046875,59.6458333333
2014.0,11.0,5.0,16.0,16.1808333333,61.1255,2.27583333333,39.1333333333,6.5,0.0333333333333,0.675,65.6666666667,0.322875,0.0,720.0,10736.8046875,59.2708333333
2014.0,11.0,5.0,17.0,15.7525,60.3545,2.58166666667,41.1416666667,1.0,0.0166666666667,0.791666666667,62.0833333333,0.387125,0.0,720.0,10736.8046875,57.1666666667
2014.0,11.0,5.0,18.0,15.3858333333,59.6945,3.49166666667,44.8916666667,1.0,0.0,0.0,81.8333333333,0.442125,0.0,720.0,10736.8046875,58.0208333333
2014.0,11.0,5.0,19.0,15.3858333333,59.6945,3.64,45.3583333333,1.0,0.0,0.0333333333333,78.1666666667,0.442125,0.0,720.0,10736.8046875,56.5
2014.0,11.0,5.0,20.0,15.1133333333,59.204,3.69833333333,46.35,1.0,0.0,0.0,53.3333333333,0.483,0.0,720.0,10736.8046875,55.3125
2014.0,11.0,5.0,21.0,14.9383333333,58.889,3.6475,46.7083333333,1.0,0.0,0.0333333333333,47.0,0.50925,0.0,720.0,10736.8046875,56.3333333333
2014.0,11.0,5.0,22.0,14.0533333333,57.296,4.95166666667,54.5666666667,1.0,0.0,0.666666666667,52.5833333333,0.642,0.0,720.0,10736.8046875,55.0833333333
2014.0,11.0,5.0,23.0,12.8808333333,55.1855,6.8125,66.7666666667,1.0,0.0,0.4,55.75,0.817875,0.0,720.0,10736.8046875,55.7083333333
2014.0,11.0,6.0,0.0,12.41,54.338,7.3025,71.0583333333,1.0,0.0,0.0166666666667,53.4166666667,0.8885,0.0,720.0,10736.8046875,54.25
2014.0,11.0,6.0,1.0,11.0425,51.8765,9.28666666667,89.1666666667,1.0,0.0333333333333,0.483333333333,56.9166666667,1.093625,0.0,720.0,10736.8046875,54.1875
2014.0,11.0,6.0,2.0,10.4191666667,50.7545,10.2491666667,98.7833333333,1.0,0.0,0.0,91.5833333333,1.187125,0.0,720.0,10736.8046875,54.4583333333
2014.0,11.0,6.0,3.0,10.015,50.027,10.0116666667,99.9,1.0,0.0,0.0,294.166666667,1.24775,0.0,720.0,10736.8046875,54.5208333333
2014.0,11.0,6.0,4.0,8.78,47.804,0.101666666667,79.5416666667,1.0,0.0,0.141666666667,213.833333333,1.433,0.0,720.0,10736.8046875,53.9791666667
2014.0,11.0,6.0,5.0,8.80416666667,47.8475,-44.59,1.0,1.0,0.0333333333333,0.508333333333,221.75,1.429375,0.0,720.0,10736.8046875,54.3125
2014.0,11.0,6.0,6.0,8.67,47.606,-44.6725,1.0,1.41666666667,0.216666666667,2.40833333333,237.583333333,1.4495,0.0,720.0,10736.8046875,52.875
2014.0,11.0,6.0,7.0,8.50916666667,47.3165,-44.7708333333,1.0,8.08333333333,0.0333333333333,0.883333333333,268.166666667,1.473625,0.0,720.0,10736.8046875,52.1666666667
2014.0,11.0,6.0,8.0,8.4825,47.2685,-44.7883333333,1.0,14.5,0.108333333333,1.43333333333,257.083333333,1.477625,0.0,720.0,10736.8046875,54.5416666667
2014.0,11.0,6.0,9.0,8.7025,47.6645,-44.6516666667,1.0,11.0,0.0833333333333,1.3,280.166666667,1.444625,0.0,720.0,10736.8046875,56.0208333333
2014.0,11.0,6.0,10.0,9.18083333333,48.5255,-44.3583333333,1.0,22.5,0.0,0.0,238.5,1.372875,0.0,720.0,10736.8046875,58.375
2014.0,11.0,6.0,11.0,9.41416666667,48.9455,-44.2133333333,1.0,49.1666666667,0.0,0.0166666666667,216.083333333,1.337875,0.0,720.0,10736.8046875,58.1458333333
2014.0,11.0,6.0,12.0,9.94416666667,49.8995,-43.89,1.0,54.75,0.0,0.0666666666667,210.583333333,1.258375,0.0,720.0,10736.8046875,58.875
2014.0,11.0,6.0,13.0,11.3283333333,52.391,-34.445,14.75,102.916666667,0.0,0.0,232.5,1.05075,0.0,720.0,10736.8046875,58.6041666667
2014.0,11.0,6.0,14.0,11.5591666667,52.8065,11.3675,98.65,41.25,0.0,0.0,45.5833333333,1.016125,0.0,720.0,10736.8046875,58.8333333333
2014.0,11.0,6.0,15.0,11.485,52.673,11.2708333333,98.5083333333,6.58333333333,0.0,0.0,65.3333333333,1.02725,0.0,720.0,10736.8046875,60.3125
2014.0,11.0,6.0,16.0,11.1783333333,52.121,11.0558333333,99.1083333333,1.08333333333,0.0,0.0,120.5,1.07325,0.0,720.0,10736.8046875,60.1041666667
2014.0,11.0,6.0,17.0,11.1883333333,52.139,9.93333333333,91.9166666667,1.0,0.0666666666667,0.7,96.4166666667,1.07175,0.0,720.0,10736.8046875,60.0625
2014.0,11.0,6.0,18.0,10.5083333333,50.915,9.215,91.625,1.0,0.05,0.908333333333,128.0,1.17375,0.0,720.0,10736.8046875,57.6458333333
2014.0,11.0,6.0,19.0,10.1625,50.2925,8.51166666667,89.425,1.0,0.0833333333333,1.54166666667,88.25,1.225625,0.0,720.0,10736.8046875,56.3958333333
2014.0,11.0,6.0,20.0,10.0041666667,50.0075,8.915,93.0,1.0,0.108333333333,1.21666666667,79.8333333333,1.249375,0.0,720.0,10736.8046875,56.3541666667
2014.0,11.0,6.0,21.0,10.0125,50.0225,9.85583333333,98.8916666667,1.0,0.0,0.05,60.25,1.248125,0.0,720.0,10736.8046875,56.3541666667
2014.0,11.0,6.0,22.0,10.2125,50.3825,9.53583333333,95.5,1.0,0.0833333333333,1.13333333333,51.0833333333,1.218125,0.0,720.0,10736.8046875,54.9375
2014.0,11.0,6.0,23.0,10.1625,50.2925,8.955,92.15,1.0,0.158333333333,1.375,57.6666666667,1.225625,0.0,720.0,10736.8046875,54.6458333333
2014.0,11.0,7.0,0.0,9.90666666667,49.832,8.09416666667,88.4416666667,1.0,0.05,0.991666666667,62.1666666667,1.264,0.0,720.0,10736.8046875,53.2708333333
2014.0,11.0,7.0,1.0,9.385,48.893,7.555,88.2833333333,1.0,0.0666666666667,1.09166666667,61.8333333333,1.34225,0.0,720.0,10736.8046875,53.625
2014.0,11.0,7.0,2.0,8.8275,47.8895,6.94583333333,87.9333333333,1.0,0.416666666667,3.09166666667,79.25,1.425875,0.0,720.0,10736.8046875,53.0625
2014.0,11.0,7.0,3.0,8.77,47.786,5.95833333333,82.4833333333,1.0,0.441666666667,3.91666666667,82.4166666667,1.4345,0.0,720.0,10736.8046875,53.5208333333
2014.0,11.0,7.0,4.0,8.82,47.876,5.71666666667,80.85,1.0,0.3,3.26666666667,89.5833333333,1.427,0.0,720.0,10736.8046875,53.3333333333
2014.0,11.0,7.0,5.0,7.95916666667,46.3265,4.83833333333,80.6083333333,1.0,0.35,3.775,86.0833333333,1.556125,0.0,720.0,10736.8046875,53.3958333333
2014.0,11.0,7.0,6.0,8.00416666667,46.4075,4.06833333333,76.2416666667,23.6666666667,0.625,3.9,73.1666666667,1.549375,0.0,720.0,10736.8046875,51.8125
2014.0,11.0,7.0,7.0,9.65166666667,49.373,3.31083333333,64.65,161.916666667,0.375,3.225,70.5833333333,1.30225,0.0,720.0,10736.8046875,52.25
2014.0,11.0,7.0,8.0,10.345,50.621,3.44333333333,62.2916666667,218.833333333,0.775,4.61666666667,74.5833333333,1.19825,0.0,720.0,10736.8046875,50.9423076923
2014.0,11.0,7.0,9.0,10.0666666667,50.12,4.2525,67.15,200.833333333,1.01666666667,5.18333333333,72.5,1.24,0.0,720.0,10736.8046875,56.8958333333
2014.0,11.0,7.0,10.0,11.2841666667,52.3115,4.2325,61.825,338.166666667,1.69166666667,7.33333333333,80.4166666667,1.057375,0.0,720.0,10736.8046875,57.7916666667
2014.0,11.0,7.0,11.0,10.79,51.422,3.35666666667,60.0583333333,194.916666667,2.41666666667,8.01666666667,78.1666666667,1.1315,0.0,720.0,10736.8046875,58.5416666667
2014.0,11.0,7.0,12.0,10.585,51.053,2.5875,58.025,299.333333333,2.1,7.45,73.25,1.16225,0.0,720.0,10736.8046875,59.5
2014.0,11.0,7.0,13.0,9.92666666667,49.868,1.56,56.0333333333,150.166666667,2.11666666667,8.36666666667,74.0,1.261,0.0,720.0,10736.8046875,59.3541666667
2014.0,11.0,7.0,14.0,10.3683333333,50.663,-0.613333333333,46.45,299.416666667,2.85,9.30833333333,69.6666666667,1.19475,0.0,720.0,10736.8046875,58.3333333333
2014.0,11.0,7.0,15.0,10.8233333333,51.482,-1.75416666667,41.4583333333,151.25,1.68333333333,7.34166666667,76.3333333333,1.1265,0.0,720.0,10736.8046875,59.5625
2014.0,11.0,7.0,16.0,9.16,48.488,-1.39416666667,47.725,18.9166666667,0.683333333333,4.18333333333,94.5,1.376,0.0,720.0,10736.8046875,60.8125
2014.0,11.0,7.0,17.0,7.99583333333,46.3925,-0.625833333333,54.55,1.0,1.025,5.46666666667,113.333333333,1.550625,0.0,720.0,10736.8046875,59.9583333333
2014.0,11.0,7.0,18.0,6.55416666667,43.7975,-0.49,60.6916666667,1.0,0.675,4.19166666667,113.5,1.766875,0.0,720.0,10736.8046875,58.7083333333
2014.0,11.0,7.0,19.0,6.02583333333,42.8465,-1.08583333333,60.2583333333,1.0,0.0666666666667,1.24166666667,83.6666666667,1.846125,0.0,720.0,10736.8046875,55.7708333333
2014.0,11.0,7.0,20.0,5.74166666667,42.335,-1.91166666667,57.8333333333,1.0,0.2,1.96666666667,101.916666667,1.88875,0.0,720.0,10736.8046875,55.5833333333
2014.0,11.0,7.0,21.0,5.16083333333,41.2895,-3.595,53.1583333333,1.0,0.925,5.08333333333,107.333333333,1.975875,0.0,720.0,10736.8046875,55.6875
2014.0,11.0,7.0,22.0,4.65083333333,40.3715,-4.09416666667,53.0333333333,1.0,0.591666666667,4.53333333333,93.4166666667,2.052375,0.0,720.0,10736.8046875,55.6458333333
2014.0,11.0,7.0,23.0,4.12833333333,39.431,-3.84666666667,56.0583333333,1.0,0.116666666667,2.3,78.0,2.13075,0.0,720.0,10736.8046875,54.9166666667
2014.0,11.0,8.0,0.0,3.51,38.318,-3.26333333333,61.175,1.0,0.0,0.05,89.1666666667,2.2235,0.0,0.0,10736.8046875,52.7916666667
2014.0,11.0,8.0,1.0,3.26166666667,37.871,-2.9325,63.7916666667,1.0,0.0166666666667,0.4,61.5833333333,2.26075,0.0,0.0,10736.8046875,52.5625
2014.0,11.0,8.0,2.0,2.94166666667,37.295,-3.28416666667,63.5833333333,1.0,0.0,0.2,58.5833333333,2.30875,0.0,0.0,10736.8046875,52.6666666667
2014.0,11.0,8.0,3.0,2.125,35.825,-2.53,71.3166666667,1.0,0.0666666666667,0.991666666667,50.9166666667,2.43125,0.0,0.0,10736.8046875,53.1875
2014.0,11.0,8.0,4.0,1.60833333333,34.895,-2.47833333333,74.2583333333,1.0,0.0833333333333,1.21666666667,53.5,2.50875,0.0,0.0,10736.8046875,53.4166666667
2014.0,11.0,8.0,5.0,1.77583333333,35.1965,-2.44083333333,73.5666666667,1.0,0.0166666666667,0.316666666667,55.3333333333,2.483625,0.0,0.0,10736.8046875,54.4166666667
2014.0,11.0,8.0,6.0,2.45166666667,36.413,-2.5725,69.5666666667,24.0833333333,0.0,0.0,64.5833333333,2.38225,0.0,0.0,10736.8046875,52.7708333333
2014.0,11.0,8.0,7.0,5.7,42.26,-2.94916666667,54.0833333333,165.166666667,0.0,0.0,48.1666666667,1.895,0.0,0.0,10736.8046875,51.1875
2014.0,11.0,8.0,8.0,6.9175,44.4515,-3.29666666667,48.2083333333,307.916666667,0.0166666666667,0.616666666667,71.5,1.712375,0.0,0.0,10736.8046875,51.0208333333
2014.0,11.0,8.0,9.0,8.42833333333,47.171,-2.26166666667,46.9083333333,431.0,0.0333333333333,1.15,86.5,1.48575,0.0,0.0,10736.8046875,52.875
2014.0,11.0,8.0,10.0,9.04166666667,48.275,-1.68333333333,46.975,515.25,0.425,2.925,37.3333333333,1.39375,0.0,0.0,10736.8046875,53.6666666667
2014.0,11.0,8.0,11.0,9.33916666667,48.8105,-1.995,45.0333333333,545.833333333,1.05,5.01666666667,43.25,1.349125,0.0,0.0,10736.8046875,53.125
2014.0,11.0,8.0,12.0,8.76666666667,47.78,-1.21666666667,49.5,430.0,1.14166666667,4.625,46.5,1.435,0.0,0.0,10736.8046875,53.4583333333
2014.0,11.0,8.0,13.0,9.95,49.91,-1.34,45.3,350.0,0.5,2.91666666667,65.75,1.2575,0.0,0.0,10736.8046875,54.1875
2014.0,11.0,8.0,14.0,9.60833333333,49.295,-1.1975,46.8416666667,207.5,0.591666666667,4.0,47.8333333333,1.30875,0.0,0.0,10736.8046875,54.4375
2014.0,11.0,8.0,15.0,9.17083333333,48.5075,-0.7425,49.8583333333,77.4166666667,0.191666666667,2.5,40.4166666667,1.374375,0.0,0.0,10736.8046875,57.2291666667
2014.0,11.0,8.0,16.0,8.68833333333,47.639,0.1225,54.8916666667,6.0,0.133333333333,1.875,147.833333333,1.44675,0.0,0.0,10736.8046875,55.9375
2014.0,11.0,8.0,17.0,8.295,46.931,1.11333333333,60.5083333333,1.0,0.0,0.141666666667,209.666666667,1.50575,0.0,0.0,10736.8046875,55.8333333333
2014.0,11.0,8.0,18.0,8.00583333333,46.4105,0.949166666667,61.0083333333,1.0,0.0166666666667,0.316666666667,207.333333333,1.549125,0.0,0.0,10736.8046875,55.0833333333
2014.0,11.0,8.0,19.0,7.6625,45.7925,1.265,63.85,1.0,0.0,0.183333333333,156.666666667,1.600625,0.0,0.0,10736.8046875,54.4375
2014.0,11.0,8.0,20.0,7.18583333333,44.9345,1.62416666667,67.725,1.0,0.0,0.125,118.25,1.672125,0.0,0.0,10736.8046875,53.9583333333
2014.0,11.0,8.0,21.0,6.93,44.474,2.0325,70.9416666667,1.0,0.0666666666667,1.13333333333,57.8333333333,1.7105,0.0,0.0,10736.8046875,54.3958333333
2014.0,11.0,8.0,22.0,6.94,44.492,2.64833333333,74.0916666667,1.0,0.1,1.0,55.3333333333,1.709,0.0,0.0,10736.8046875,54.3541666667
2014.0,11.0,8.0,23.0,7.025,44.645,3.15083333333,76.325,1.0,0.1,1.51666666667,53.4166666667,1.69625,0.0,0.0,10736.8046875,53.625
2014.0,11.0,9.0,0.0,7.36,45.248,3.70166666667,77.5416666667,1.0,0.0333333333333,0.916666666667,54.75,1.646,0.0,0.0,10736.8046875,53.2083333333
2014.0,11.0,9.0,1.0,7.65583333333,45.7805,4.21833333333,78.8,1.0,0.0666666666667,1.68333333333,53.9166666667,1.601625,0.0,0.0,10736.8046875,52.7916666667
2014.0,11.0,9.0,2.0,7.965,46.337,4.815,80.4666666667,1.0,0.266666666667,2.16666666667,50.8333333333,1.55525,0.0,0.0,10736.8046875,52.9791666667
2014.0,11.0,9.0,3.0,8.04833333333,46.487,5.1625,81.9583333333,1.0,0.0,0.0,55.1666666667,1.54275,0.0,0.0,10736.8046875,53.25
2014.0,11.0,9.0,4.0,8.04333333333,46.478,5.05416666667,81.375,1.0,0.0,0.0,53.8333333333,1.5435,0.0,0.0,10736.8046875,53.4166666667
2014.0,11.0,9.0,5.0,7.7725,45.9905,4.9875,82.5083333333,1.0,0.0,0.0,53.1666666667,1.584125,0.0,0.0,10736.8046875,53.5416666667
2014.0,11.0,9.0,6.0,7.26916666667,45.0845,4.11583333333,80.3333333333,8.75,0.0,0.0,57.0,1.659625,0.0,0.0,10736.8046875,52.1875
2014.0,11.0,9.0,7.0,7.93916666667,46.2905,3.50583333333,73.725,83.25,0.0,0.0,51.6666666667,1.559125,0.0,0.0,10736.8046875,51.5833333333
2014.0,11.0,9.0,8.0,10.4733333333,50.852,2.64,58.8833333333,226.25,0.0,0.0,65.8333333333,1.179,0.0,0.0,10736.8046875,51.375
2014.0,11.0,9.0,9.0,13.5091666667,56.3165,2.565,47.5083333333,360.083333333,0.0,0.0,35.5833333333,0.723625,0.0,0.0,10736.8046875,52.2916666667
2014.0,11.0,9.0,10.0,14.1766666667,57.518,2.545,45.4333333333,385.25,0.0333333333333,0.75,65.3333333333,0.6235,0.0,0.0,10736.8046875,54.3125
2014.0,11.0,9.0,11.0,14.2891666667,57.7205,1.735,42.5333333333,414.833333333,0.675,4.40833333333,64.1666666667,0.606625,0.0,0.0,10736.8046875,54.7083333333
2014.0,11.0,9.0,12.0,13.8025,56.8445,1.505,43.175,335.916666667,0.233333333333,2.80833333333,72.4166666667,0.679625,0.0,0.0,10736.8046875,53.7708333333
2014.0,11.0,9.0,13.0,13.8383333333,56.909,1.50416666667,43.075,300.25,0.05,1.53333333333,79.5833333333,0.67425,0.0,0.0,10736.8046875,54.2916666667
2014.0,11.0,9.0,14.0,14.045,57.281,2.25833333333,44.875,237.416666667,0.133333333333,1.825,70.0,0.64325,0.0,0.0,10736.8046875,53.6666666667
2014.0,11.0,9.0,15.0,13.3258333333,55.9865,1.45083333333,44.3916666667,88.5833333333,0.05,1.06666666667,74.9166666667,0.751125,0.0,0.0,10736.8046875,54.25
2014.0,11.0,9.0,16.0,11.98,53.564,1.22833333333,47.6833333333,10.9166666667,0.0,0.0333333333333,58.6666666667,0.953,0.0,0.0,10736.8046875,55.2083333333
2014.0,11.0,9.0,17.0,11.1183333333,52.013,1.34666666667,50.9083333333,1.0,0.0,0.0,58.1666666667,1.08225,0.0,0.0,10736.8046875,54.7708333333
2014.0,11.0,9.0,18.0,10.7141666667,51.2855,1.01583333333,51.0833333333,1.0,0.0,0.0,83.5,1.142875,0.0,0.0,10736.8046875,54.5833333333
2014.0,11.0,9.0,19.0,9.77583333333,49.5965,1.11833333333,54.7833333333,1.0,0.0,0.0,53.25,1.283625,0.0,0.0,10736.8046875,54.3333333333
2014.0,11.0,9.0,20.0,9.52666666667,49.148,1.19333333333,56.0083333333,1.0,0.0,0.0,73.75,1.321,0.0,0.0,10736.8046875,54.9166666667
2014.0,11.0,9.0,21.0,8.695,47.651,1.0825,58.7666666667,1.0,0.0,0.0,123.583333333,1.44575,0.0,0.0,10736.8046875,55.0625
2014.0,11.0,9.0,22.0,7.85916666667,46.1465,1.475,63.9833333333,1.0,0.0,0.0,168.0,1.571125,0.0,0.0,10736.8046875,54.4375
2014.0,11.0,9.0,23.0,7.30666666667,45.152,2.45583333333,71.2833333333,1.0,0.0,0.0,185.25,1.654,0.0,0.0,10736.8046875,53.2291666667
2014.0,11.0,10.0,0.0,6.43083333333,43.5755,3.1225,79.3833333333,1.0,0.0,0.0,325.833333333,1.785375,0.0,720.0,10736.8046875,53.7291666667
2014.0,11.0,10.0,1.0,6.02,42.836,2.99,80.8666666667,1.0,0.0,0.0,325.583333333,1.847,0.0,720.0,10736.8046875,52.75
2014.0,11.0,10.0,2.0,5.97833333333,42.761,2.82083333333,80.1333333333,1.0,0.0,0.0,324.75,1.85325,0.0,720.0,10736.8046875,52.3333333333
2014.0,11.0,10.0,3.0,5.4875,41.8775,2.46,80.8333333333,1.0,0.0,0.0,318.25,1.926875,0.0,720.0,10736.8046875,52.3541666667
2014.0,11.0,10.0,4.0,5.32416666667,41.5835,2.28583333333,80.7416666667,1.0,0.0,0.0,315.833333333,1.951375,0.0,720.0,10736.8046875,52.4166666667
2014.0,11.0,10.0,5.0,4.99833333333,40.997,2.16,81.8416666667,1.0,0.0,0.0,256.333333333,2.00025,0.0,720.0,10736.8046875,52.9375
2014.0,11.0,10.0,6.0,5.98916666667,42.7805,2.5625,78.6583333333,11.6666666667,0.0,0.0,237.0,1.851625,0.0,720.0,10736.8046875,51.7708333333
2014.0,11.0,10.0,7.0,9.49083333333,49.0835,2.75666666667,63.3916666667,142.916666667,0.0,0.0,306.333333333,1.326375,0.0,720.0,10736.8046875,51.6666666667
2014.0,11.0,10.0,8.0,12.4766666667,54.458,2.3575,50.1666666667,292.583333333,0.0,0.0,304.666666667,0.8785,0.0,720.0,10736.8046875,52.6458333333
2014.0,11.0,10.0,9.0,15.1583333333,59.285,1.9275,40.8416666667,406.5,0.0,0.0333333333333,161.333333333,0.47625,0.0,720.0,10736.8046875,56.0625
2014.0,11.0,10.0,10.0,17.1375,62.8475,2.225,36.7083333333,483.416666667,0.0,0.208333333333,171.333333333,0.179375,0.0,720.0,10736.8046875,57.5
2014.0,11.0,10.0,11.0,16.8475,62.3255,2.48833333333,38.1333333333,507.333333333,0.0166666666667,0.775,57.5833333333,0.222875,0.0,720.0,10736.8046875,58.5625
2014.0,11.0,10.0,12.0,16.7091666667,62.0765,3.7175,42.0333333333,479.5,0.0166666666667,0.541666666667,198.833333333,0.244083333333,0.000458333333333,720.0,10736.8046875,59.625
2014.0,11.0,10.0,13.0,17.2475,63.0455,3.9725,41.275,403.166666667,0.0166666666667,0.658333333333,255.083333333,0.162875,0.0,720.0,10736.8046875,59.5833333333
2014.0,11.0,10.0,14.0,18.2283333333,64.811,4.55416666667,40.425,284.916666667,0.0166666666667,0.825,255.5,0.042375,0.026625,720.0,10736.8046875,60.8333333333
2014.0,11.0,10.0,15.0,18.2983333333,64.937,3.59,37.5833333333,141.583333333,0.0,0.491666666667,222.25,0.0355,0.03025,720.0,10736.8046875,64.3125
2014.0,11.0,10.0,16.0,15.9608333333,60.7295,3.08416666667,42.0583333333,11.1666666667,0.0,0.641666666667,121.333333333,0.355875,0.0,720.0,10736.8046875,61.4166666667
2014.0,11.0,10.0,17.0,13.8075,56.8535,5.12416666667,55.8583333333,1.0,0.0666666666667,1.15833333333,54.1666666667,0.678875,0.0,720.0,10736.8046875,60.5208333333
2014.0,11.0,10.0,18.0,12.65,54.77,5.71,62.6,1.0,0.0,0.05,273.083333333,0.8525,0.0,720.0,10736.8046875,59.4375
2014.0,11.0,10.0,19.0,11.745,53.141,4.465,60.9416666667,1.0,0.0,0.0583333333333,273.166666667,0.98825,0.0,720.0,10736.8046875,57.6458333333
2014.0,11.0,10.0,20.0,11.0516666667,51.893,5.31333333333,67.725,1.0,0.0,0.0,304.833333333,1.09225,0.0,720.0,10736.8046875,56.8958333333
2014.0,11.0,10.0,21.0,10.785,51.413,6.1875,73.1916666667,1.0,0.0,0.0166666666667,304.75,1.13225,0.0,720.0,10736.8046875,57.875
2014.0,11.0,10.0,22.0,10.3566666667,50.642,6.44833333333,76.675,1.0,0.0,0.0,296.083333333,1.1965,0.0,720.0,10736.8046875,55.6875
2014.0,11.0,10.0,23.0,9.94083333333,49.8935,6.75833333333,80.5333333333,1.0,0.0,0.0,289.166666667,1.258875,0.0,720.0,10736.8046875,54.8958333333
2014.0,11.0,11.0,0.0,9.16583333333,48.4985,6.47583333333,83.2083333333,1.0,0.0,0.0,236.416666667,1.375125,0.0,720.0,10736.8046875,54.8125
2014.0,11.0,11.0,1.0,8.4925,47.2865,5.96416666667,84.0583333333,1.0,0.0,0.0,195.416666667,1.476125,0.0,720.0,10736.8046875,54.0416666667
2014.0,11.0,11.0,2.0,8.69666666667,47.654,6.52416666667,86.1666666667,1.0,0.0,0.05,194.666666667,1.4455,0.0,720.0,10736.8046875,54.3958333333
2014.0,11.0,11.0,3.0,8.69083333333,47.6435,6.72666666667,87.425,1.0,0.0,0.0,200.0,1.446375,0.0,720.0,10736.8046875,54.625
2014.0,11.0,11.0,4.0,8.37083333333,47.0675,6.55416666667,88.275,1.0,0.0,0.341666666667,173.916666667,1.494375,0.0,720.0,10736.8046875,54.4791666667
2014.0,11.0,11.0,5.0,8.78666666667,47.816,7.0775,88.975,1.0,0.0,0.0666666666667,190.833333333,1.432,0.0,720.0,10736.8046875,54.4583333333
2014.0,11.0,11.0,6.0,9.26083333333,48.6695,7.84333333333,90.8,3.08333333333,0.0,0.116666666667,190.916666667,1.360875,0.0,720.0,10736.8046875,53.8541666667
2014.0,11.0,11.0,7.0,10.0,50.0,8.27333333333,88.9916666667,51.25,0.0,0.366666666667,181.25,1.25,0.0,720.0,10736.8046875,54.4166666667
2014.0,11.0,11.0,8.0,13.3133333333,55.964,9.3325,76.9666666667,195.5,0.0,0.0166666666667,211.0,0.753,0.0,720.0,10736.8046875,56.0
2014.0,11.0,11.0,9.0,15.9258333333,60.6665,10.68,70.9916666667,334.25,0.0,0.0,294.583333333,0.361125,0.0,720.0,10736.8046875,57.6041666667
2014.0,11.0,11.0,10.0,18.5883333333,65.459,11.2341666667,62.275,429.333333333,0.0,0.075,294.333333333,0.0437083333333,0.0819583333333,720.0,10736.8046875,57.8541666667
2014.0,11.0,11.0,11.0,20.3241666667,68.5835,12.2941666667,60.1166666667,439.083333333,0.0,0.0166666666667,248.583333333,0.00166666666667,0.300291666667,720.0,10736.8046875,59.5625
2014.0,11.0,11.0,12.0,20.8575,69.5435,13.4425,62.7,505.166666667,0.0,0.141666666667,98.0,0.0,0.378625,720.0,10736.8046875,59.625
2014.0,11.0,11.0,13.0,21.7275,71.1095,14.2425,62.4083333333,355.75,0.0166666666667,0.375,249.5,0.0,0.509125,720.0,10736.8046875,59.2916666667
2014.0,11.0,11.0,14.0,21.125,70.025,14.5516666667,66.0666666667,102.083333333,0.0,0.475,299.833333333,0.0,0.41875,720.0,10736.8046875,60.7083333333
2014.0,11.0,11.0,15.0,20.2425,68.4365,14.3658333333,68.9,39.1666666667,0.141666666667,1.63333333333,300.5,0.0,0.286375,720.0,10736.8046875,60.5833333333
2014.0,11.0,11.0,16.0,19.2683333333,66.683,12.4033333333,64.4083333333,7.5,0.0166666666667,1.075,297.75,0.0,0.14025,720.0,10736.8046875,60.9166666667
2014.0,11.0,11.0,17.0,18.7808333333,65.8055,12.3958333333,66.3666666667,1.0,0.0,0.2,289.916666667,0.000166666666667,0.0672916666667,720.0,10736.8046875,60.0
2014.0,11.0,11.0,18.0,17.9683333333,64.343,12.8883333333,72.125,1.0,0.0,0.05,273.25,0.0552083333333,0.000458333333333,720.0,10736.8046875,59.875
2014.0,11.0,11.0,19.0,17.335,63.203,12.9758333333,75.4833333333,1.0,0.0,0.0166666666667,287.333333333,0.14975,0.0,720.0,10736.8046875,58.6458333333
2014.0,11.0,11.0,20.0,16.5333333333,61.76,12.805,78.5333333333,1.0,0.0,0.0,292.333333333,0.27,0.0,720.0,10736.8046875,57.625
2014.0,11.0,11.0,21.0,15.5633333333,60.014,12.5858333333,82.375,1.0,0.0,0.0,284.666666667,0.4155,0.0,720.0,10736.8046875,58.1875
2014.0,11.0,11.0,22.0,15.6383333333,60.149,12.6225,82.1666666667,1.0,0.0,0.0,285.5,0.40425,0.0,720.0,10736.8046875,56.7291666667
2014.0,11.0,11.0,23.0,15.4091666667,59.7365,12.5283333333,82.8666666667,1.0,0.0,0.0,200.25,0.438625,0.0,720.0,10736.8046875,55.3333333333
2014.0,11.0,12.0,0.0,15.0025,59.0045,12.6775,85.9083333333,1.0,0.0,0.0166666666667,159.083333333,0.499625,0.0,720.0,10736.8046875,54.7708333333
2014.0,11.0,12.0,1.0,14.4933333333,58.088,12.7275,89.05,1.0,0.0,0.0,202.5,0.576,0.0,720.0,10736.8046875,53.5625
2014.0,11.0,12.0,2.0,14.495,58.091,12.8625,89.8416666667,1.0,0.0,0.0,207.833333333,0.57575,0.0,720.0,10736.8046875,53.3541666667
2014.0,11.0,12.0,3.0,14.1383333333,57.449,13.0883333333,93.3083333333,1.0,0.0,0.108333333333,197.75,0.62925,0.0,720.0,10736.8046875,54.7083333333
2014.0,11.0,12.0,4.0,14.28,57.704,13.1366666667,92.75,1.0,0.0,0.0,196.916666667,0.608,0.0,720.0,10736.8046875,54.6875
2014.0,11.0,12.0,5.0,14.3708333333,57.8675,13.2691666667,92.9916666667,1.0,0.0,0.0,214.083333333,0.594375,0.0,720.0,10736.8046875,54.2708333333
2014.0,11.0,12.0,6.0,14.2083333333,57.575,13.5375,95.6416666667,3.75,0.0,0.0,173.916666667,0.61875,0.0,720.0,10736.8046875,53.4583333333
2014.0,11.0,12.0,7.0,14.1041666667,57.3875,14.08,99.7333333333,37.6666666667,0.0,0.0,200.416666667,0.634375,0.0,720.0,10736.8046875,43.3333333333
2014.0,11.0,12.0,8.0,15.1858333333,59.3345,14.7683333333,97.2416666667,70.6666666667,0.0,0.0,237.5,0.472125,0.0,720.0,10736.8046875,54.5625
2014.0,11.0,12.0,9.0,16.0991666667,60.9785,14.75,91.6166666667,107.583333333,0.0,0.0,214.083333333,0.335125,0.0,720.0,10736.8046875,57.4166666667
2014.0,11.0,12.0,10.0,17.5591666667,63.6065,14.7775,84.2333333333,261.333333333,0.0833333333333,1.275,52.4166666667,0.1685,0.052375,720.0,10736.8046875,57.4791666667
2014.0,11.0,12.0,11.0,20.845,69.521,13.3483333333,62.2916666667,476.333333333,0.566666666667,3.84166666667,76.25,0.0,0.37675,720.0,10736.8046875,59.2083333333
2014.0,11.0,12.0,12.0,19.36,66.848,12.02,62.45,344.75,0.525,4.59166666667,96.75,0.0,0.154,720.0,10736.8046875,59.5
2014.0,11.0,12.0,13.0,19.0216666667,66.239,10.5283333333,57.85,390.666666667,0.558333333333,4.01666666667,111.583333333,0.0,0.10325,720.0,10736.8046875,58.1041666667
2014.0,11.0,12.0,14.0,18.5691666667,65.4245,7.2475,47.7166666667,290.916666667,0.858333333333,4.875,83.6666666667,0.00395833333333,0.0393333333333,720.0,10736.8046875,58.1875
2014.0,11.0,12.0,15.0,17.9425,64.2965,5.05166666667,42.5666666667,146.833333333,0.891666666667,4.625,82.0833333333,0.06425,0.005625,720.0,10736.8046875,59.5416666667
2014.0,11.0,12.0,16.0,15.5141666667,59.9255,3.54416666667,44.6916666667,9.91666666667,0.275,3.2,77.5,0.422875,0.0,720.0,10736.8046875,58.6875
2014.0,11.0,12.0,17.0,13.9008333333,57.0215,1.6975,43.4916666667,1.0,0.375,3.34166666667,85.9166666667,0.664875,0.0,720.0,10736.8046875,57.2291666667
2014.0,11.0,12.0,18.0,12.945,55.301,1.03833333333,44.15,1.0,0.15,2.91666666667,109.25,0.80825,0.0,720.0,10736.8046875,57.0416666667
2014.0,11.0,12.0,19.0,11.9841666667,53.5715,0.995833333333,46.875,1.0,0.183333333333,2.2,117.916666667,0.952375,0.0,720.0,10736.8046875,55.0
2014.0,11.0,12.0,20.0,10.8225,51.4805,1.1275,51.1333333333,1.0,0.05,1.18333333333,96.25,1.126625,0.0,720.0,10736.8046875,56.7083333333
2014.0,11.0,12.0,21.0,9.815,49.667,0.860833333333,53.625,1.0,0.183333333333,2.61666666667,110.416666667,1.27775,0.0,720.0,10736.8046875,56.4791666667
2014.0,11.0,12.0,22.0,8.9675,48.1415,0.275833333333,54.425,1.0,0.291666666667,2.91666666667,123.583333333,1.404875,0.0,720.0,10736.8046875,55.0208333333
2014.0,11.0,12.0,23.0,7.93416666667,46.2815,-0.0783333333333,56.8916666667,1.0,0.15,2.43333333333,119.25,1.559875,0.0,720.0,10736.8046875,53.6875
2014.0,11.0,13.0,0.0,7.075,44.735,-0.09,60.2916666667,1.0,0.216666666667,1.95,99.6666666667,1.68875,0.0,720.0,10736.8046875,53.3125
2014.0,11.0,13.0,1.0,6.2125,43.1825,-0.349166666667,62.7916666667,1.0,0.483333333333,3.00833333333,123.833333333,1.818125,0.0,720.0,10736.8046875,52.8541666667
2014.0,11.0,13.0,2.0,5.5425,41.9765,-0.949166666667,62.9416666667,1.0,0.516666666667,3.68333333333,161.083333333,1.918625,0.0,720.0,10736.8046875,52.1041666667
2014.0,11.0,13.0,3.0,4.91333333333,40.844,-1.32,64.0,1.0,0.75,4.25833333333,162.5,2.013,0.0,720.0,10736.8046875,52.625
2014.0,11.0,13.0,4.0,4.34166666667,39.815,-1.49583333333,65.7583333333,1.0,0.5,3.63333333333,158.5,2.09875,0.0,720.0,10736.8046875,52.3541666667
2014.0,11.0,13.0,5.0,3.9025,39.0245,-1.6375,67.1083333333,1.0,0.116666666667,1.45,164.75,2.164625,0.0,720.0,10736.8046875,52.5208333333
2014.0,11.0,13.0,6.0,4.12666666667,39.428,-1.81666666667,65.2333333333,13.6666666667,0.0666666666667,1.4,162.5,2.131,0.0,720.0,10736.8046875,51.1041666667
2014.0,11.0,13.0,7.0,6.075,42.935,-2.27666666667,55.1833333333,129.166666667,0.0166666666667,1.13333333333,152.416666667,1.83875,0.0,720.0,10736.8046875,51.625
2014.0,11.0,13.0,8.0,7.09083333333,44.7635,-2.71083333333,49.7,238.25,0.275,2.48333333333,163.583333333,1.686375,0.0,720.0,10736.8046875,53.7916666667
2014.0,11.0,13.0,9.0,7.54916666667,45.5885,-2.41416666667,49.2333333333,244.333333333,0.383333333333,2.59166666667,167.916666667,1.617625,0.0,720.0,10736.8046875,56.4166666667
2014.0,11.0,13.0,10.0,8.25333333333,46.856,-2.465,46.725,207.25,0.05,0.833333333333,186.25,1.512,0.0,720.0,10736.8046875,58.4375
2014.0,11.0,13.0,11.0,8.66333333333,47.594,-2.35416666667,45.825,209.75,0.0,0.275,155.25,1.4505,0.0,720.0,10736.8046875,57.2083333333
2014.0,11.0,13.0,12.0,8.905,48.029,-2.14416666667,45.7833333333,169.333333333,0.0,0.0,155.5,1.41425,0.0,720.0,10736.8046875,57.0833333333
2014.0,11.0,13.0,13.0,8.4975,47.2955,-1.68916666667,48.6916666667,69.25,0.0,0.0,103.333333333,1.475375,0.0,720.0,10736.8046875,57.1666666667
2014.0,11.0,13.0,14.0,7.58166666667,45.647,-1.24,53.55,24.5833333333,0.0,0.05,81.25,1.61275,0.0,720.0,10736.8046875,58.7708333333
2014.0,11.0,13.0,15.0,7.06333333333,44.714,-0.925,56.8583333333,7.91666666667,0.05,1.26666666667,105.083333333,1.6905,0.0,720.0,10736.8046875,59.4583333333
2014.0,11.0,13.0,16.0,5.84833333333,42.527,0.868333333333,70.45,1.08333333333,0.0,0.75,84.6666666667,1.87275,0.0,720.0,10736.8046875,58.9583333333
2014.0,11.0,13.0,17.0,3.81916666667,38.8745,1.66916666667,86.3083333333,1.0,0.116666666667,1.8,102.833333333,2.177125,0.0,720.0,10736.8046875,57.7916666667
2014.0,11.0,13.0,18.0,2.62083333333,36.7175,-2.255,70.2083333333,1.0,0.05,1.125,86.4166666667,2.356875,0.0,720.0,10736.8046875,56.9583333333
2014.0,11.0,13.0,19.0,2.01583333333,35.6285,-3.9825,64.9416666667,1.0,0.05,1.19166666667,80.0833333333,2.447625,0.0,720.0,10736.8046875,54.6041666667
2014.0,11.0,13.0,20.0,1.32916666667,34.3925,-35.4258333333,10.7416666667,1.0,0.0666666666667,1.0,69.3333333333,2.550625,0.0,720.0,10736.8046875,53.375
2014.0,11.0,13.0,21.0,1.31416666667,34.3655,-49.225,1.0,1.0,0.0,0.0583333333333,72.8333333333,2.552875,0.0,720.0,10736.8046875,54.25
2014.0,11.0,13.0,22.0,1.80666666667,35.252,-48.9175,1.0,1.0,0.1,1.46666666667,83.75,2.479,0.0,720.0,10736.8046875,52.8125
2014.0,11.0,13.0,23.0,1.59166666667,34.865,-49.0508333333,1.0,1.0,0.1,1.6,65.6666666667,2.51125,0.0,720.0,10736.8046875,52.0833333333
2014.0,11.0,14.0,0.0,1.93833333333,35.489,-48.8333333333,1.0,1.0,0.05,1.08333333333,73.1666666667,2.45925,0.0,720.0,10736.8046875,50.9791666667
2014.0,11.0,14.0,1.0,2.24666666667,36.044,-48.6425,1.0,1.0,0.25,2.38333333333,84.75,2.413,0.0,720.0,10736.8046875,51.6458333333
2014.0,11.0,14.0,2.0,2.62083333333,36.7175,-5.70916666667,79.75,1.0,0.441666666667,3.53333333333,94.4166666667,2.356875,0.0,720.0,10736.8046875,51.6875
2014.0,11.0,14.0,3.0,2.555,36.599,0.604166666667,86.95,1.0,0.4,3.575,103.083333333,2.36675,0.0,720.0,10736.8046875,51.8541666667
2014.0,11.0,14.0,4.0,2.31083333333,36.1595,0.0825,85.2,1.0,0.308333333333,2.9,108.333333333,2.403375,0.0,720.0,10736.8046875,51.2708333333
2014.0,11.0,14.0,5.0,1.74333333333,35.138,-0.485,85.1416666667,1.0,0.133333333333,1.84166666667,93.5,2.4885,0.0,720.0,10736.8046875,51.5208333333
2014.0,11.0,14.0,6.0,1.27916666667,34.3025,-1.86416666667,79.6,5.75,0.2,2.51666666667,90.5,2.558125,0.0,720.0,10736.8046875,49.7708333333
2014.0,11.0,14.0,7.0,2.9,37.22,-3.6675,62.325,145.5,0.341666666667,3.35833333333,96.1666666667,2.315,0.0,720.0,10736.8046875,50.7708333333
2014.0,11.0,14.0,8.0,4.185,39.533,-5.04083333333,51.05,299.166666667,0.566666666667,4.34166666667,93.6666666667,2.12225,0.0,720.0,10736.8046875,51.6666666667
2014.0,11.0,14.0,9.0,4.96,40.928,-5.66583333333,46.1416666667,420.916666667,0.9,5.29166666667,93.6666666667,2.006,0.0,720.0,10736.8046875,54.5416666667
2014.0,11.0,14.0,10.0,5.90166666667,42.623,-5.75083333333,42.9166666667,506.916666667,1.1,5.875,103.5,1.86475,0.0,720.0,10736.8046875,56.8958333333
2014.0,11.0,14.0,11.0,4.9525,40.9145,-5.70583333333,46.0166666667,304.0,1.36666666667,5.975,89.3333333333,2.007125,0.0,720.0,10736.8046875,59.0208333333
2014.0,11.0,14.0,12.0,4.57916666667,40.2425,-5.96666666667,46.2666666667,258.0,1.225,5.65833333333,88.5,2.063125,0.0,720.0,10736.8046875,57.5
2014.0,11.0,14.0,13.0,4.71166666667,40.481,-6.3225,44.6,200.583333333,1.14166666667,5.00833333333,76.6666666667,2.04325,0.0,720.0,10736.8046875,57.6458333333
2014.0,11.0,14.0,14.0,4.0925,39.3665,-5.8,48.4666666667,86.6666666667,0.741666666667,4.675,89.9166666667,2.136125,0.0,720.0,10736.8046875,57.4375
2014.0,11.0,14.0,15.0,4.27,39.686,-5.67166666667,48.3833333333,64.1666666667,0.433333333333,3.39166666667,74.25,2.1095,0.0,720.0,10736.8046875,57.9166666667
2014.0,11.0,14.0,16.0,3.51416666667,38.3255,-6.25666666667,48.75,6.83333333333,0.25,2.7,71.5,2.222875,0.0,720.0,10736.8046875,59.0208333333
2014.0,11.0,14.0,17.0,2.88333333333,37.19,-6.0825,51.6666666667,1.0,0.0666666666667,0.85,73.3333333333,2.3175,0.0,720.0,10736.8046875,58.2083333333
2014.0,11.0,14.0,18.0,2.65333333333,36.776,-6.02583333333,52.7416666667,1.0,0.0,0.833333333333,66.8333333333,2.352,0.0,720.0,10736.8046875,56.6875
2014.0,11.0,14.0,19.0,2.52666666667,36.548,-5.8875,53.7833333333,1.0,0.1,1.43333333333,66.25,2.371,0.0,720.0,10736.8046875,55.3958333333
2014.0,11.0,14.0,20.0,2.28666666667,36.116,-5.88333333333,54.7333333333,1.0,0.116666666667,1.75,67.3333333333,2.407,0.0,720.0,10736.8046875,54.8958333333
2014.0,11.0,14.0,21.0,2.18,35.924,-6.015,54.6,1.0,0.258333333333,2.79166666667,72.75,2.423,0.0,720.0,10736.8046875,55.5833333333
2014.0,11.0,14.0,22.0,1.7875,35.2175,-5.7075,57.5,1.0,0.116666666667,2.11666666667,70.8333333333,2.481875,0.0,720.0,10736.8046875,53.9583333333
2014.0,11.0,14.0,23.0,1.42333333333,34.562,-5.48083333333,60.0416666667,1.0,0.375,3.13333333333,72.1666666667,2.5365,0.0,720.0,10736.8046875,51.75
2014.0,11.0,15.0,0.0,1.05416666667,33.8975,-5.36333333333,62.2083333333,1.0,0.366666666667,3.31666666667,73.5833333333,2.591875,0.0,0.0,10736.8046875,52.125
2014.0,11.0,15.0,1.0,0.693333333333,33.248,-5.16333333333,64.825,1.0,0.366666666667,3.46666666667,71.5833333333,2.646,0.0,0.0,10736.8046875,51.6041666667
2014.0,11.0,15.0,2.0,0.651666666667,33.173,-4.89833333333,66.3416666667,1.0,0.0333333333333,0.841666666667,74.8333333333,2.65225,0.0,0.0,10736.8046875,50.6458333333
2014.0,11.0,15.0,3.0,0.848333333333,33.527,-4.66333333333,66.5916666667,1.0,0.0333333333333,1.41666666667,71.0833333333,2.62275,0.0,0.0,10736.8046875,52.0416666667
2014.0,11.0,15.0,4.0,0.291666666667,32.525,-4.62666666667,69.5083333333,1.0,0.05,1.35833333333,71.5,2.70625,0.0,0.0,10736.8046875,51.4583333333
2014.0,11.0,15.0,5.0,-0.166666666667,31.7,-4.56916666667,72.1916666667,1.0,0.0,0.308333333333,74.8333333333,2.775,0.0,0.0,10736.8046875,51.8958333333
2014.0,11.0,15.0,6.0,-0.153333333333,31.724,-4.59166666667,72.025,13.5,0.0333333333333,0.75,59.0,2.773,0.0,0.0,10736.8046875,50.5625
2014.0,11.0,15.0,7.0,1.9825,35.5685,-4.71333333333,61.3,141.333333333,0.0333333333333,1.35833333333,68.4166666667,2.452625,0.0,0.0,10736.8046875,49.1041666667
2014.0,11.0,15.0,8.0,3.70833333333,38.675,-5.5725,50.725,292.333333333,0.4,3.50833333333,81.25,2.19375,0.0,0.0,10736.8046875,49.8333333333
2014.0,11.0,15.0,9.0,5.08916666667,41.1605,-6.68583333333,42.3,416.333333333,0.466666666667,4.025,109.25,1.986625,0.0,0.0,10736.8046875,51.875
2014.0,11.0,15.0,10.0,6.02416666667,42.8435,-7.25833333333,37.9166666667,493.666666667,0.383333333333,3.23333333333,110.833333333,1.846375,0.0,0.0,10736.8046875,52.6666666667
2014.0,11.0,15.0,11.0,6.3525,43.4345,-7.57583333333,36.1583333333,519.583333333,0.491666666667,3.85833333333,96.8333333333,1.797125,0.0,0.0,10736.8046875,53.6666666667
2014.0,11.0,15.0,12.0,5.63416666667,42.1415,-7.39166666667,38.5333333333,488.833333333,0.566666666667,3.93333333333,87.4166666667,1.904875,0.0,0.0,10736.8046875,53.625
2014.0,11.0,15.0,13.0,6.05166666667,42.893,-7.555,36.95,412.083333333,0.491666666667,3.95833333333,70.4166666667,1.84225,0.0,0.0,10736.8046875,54.9791666667
2014.0,11.0,15.0,14.0,6.89833333333,44.417,-7.515,34.975,291.416666667,0.466666666667,3.725,71.75,1.71525,0.0,0.0,10736.8046875,54.375
2014.0,11.0,15.0,15.0,7.0625,44.7125,-7.8875,33.5916666667,139.166666667,0.183333333333,2.55,67.8333333333,1.690625,0.0,0.0,10736.8046875,56.2083333333
2014.0,11.0,15.0,16.0,4.66416666667,40.3955,-7.1575,42.025,5.75,0.15,2.11666666667,68.3333333333,2.050375,0.0,0.0,10736.8046875,57.5416666667
2014.0,11.0,15.0,17.0,3.65666666667,38.582,-5.56916666667,50.8916666667,1.0,0.7,3.75833333333,55.25,2.2015,0.0,0.0,10736.8046875,55.5
2014.0,11.0,15.0,18.0,2.9325,37.2785,-5.26,54.825,1.0,0.0333333333333,1.0,57.6666666667,2.310125,0.0,0.0,10736.8046875,54.6458333333
2014.0,11.0,15.0,19.0,2.55416666667,36.5975,-5.275,56.2416666667,1.0,0.0,0.633333333333,72.5,2.366875,0.0,0.0,10736.8046875,54.4375
2014.0,11.0,15.0,20.0,2.37,36.266,-5.60583333333,55.575,1.0,0.0,0.625,71.3333333333,2.3945,0.0,0.0,10736.8046875,54.875
2014.0,11.0,15.0,21.0,1.81916666667,35.2745,-5.71583333333,57.325,1.0,0.0,0.0,60.6666666667,2.477125,0.0,0.0,10736.8046875,54.375
2014.0,11.0,15.0,22.0,1.99833333333,35.597,-5.77083333333,56.3583333333,1.0,0.0,0.0,76.5,2.45025,0.0,0.0,10736.8046875,54.1666666667
2014.0,11.0,15.0,23.0,1.71833333333,35.093,-4.81666666667,61.8833333333,1.0,0.0,0.0,46.5,2.49225,0.0,0.0,10736.8046875,53.375
2014.0,11.0,16.0,7.0,3.7025,38.6645,-3.60166666667,58.825,43.5,0.0,0.125,299.5,2.194625,0.0,0.0,10736.8046875,4.08333333333
2014.0,11.0,16.0,8.0,4.755,40.559,-2.36083333333,59.9333333333,93.0833333333,0.0,0.0,248.25,2.03675,0.0,0.0,10736.8046875,4.0
2014.0,11.0,16.0,9.0,5.65666666667,42.182,-1.97583333333,57.9166666667,126.666666667,0.0166666666667,0.433333333333,311.666666667,1.9015,0.0,0.0,10736.8046875,31.7647058824
2014.0,11.0,16.0,10.0,6.20166666667,43.163,-1.38,58.2583333333,98.5833333333,0.0166666666667,0.958333333333,61.3333333333,1.81975,0.0,0.0,10736.8046875,51.1875
2014.0,11.0,16.0,11.0,6.315,43.367,-1.37916666667,57.825,111.5,0.141666666667,2.2,43.4166666667,1.80275,0.0,0.0,10736.8046875,51.125
2014.0,11.0,16.0,12.0,6.72166666667,44.099,-2.05833333333,53.5,109.75,0.233333333333,2.16666666667,65.9166666667,1.74175,0.0,0.0,10736.8046875,51.375
2014.0,11.0,16.0,13.0,6.375,43.475,-2.395,53.4166666667,63.1666666667,0.275,2.93333333333,51.5833333333,1.79375,0.0,0.0,10736.8046875,52.4791666667
2014.0,11.0,16.0,14.0,6.75416666667,44.1575,-1.92083333333,53.9083333333,42.5,0.0333333333333,0.608333333333,87.5,1.736875,0.0,0.0,10736.8046875,52.375
2014.0,11.0,16.0,15.0,6.74083333333,44.1335,-2.13333333333,53.0916666667,21.3333333333,0.0833333333333,1.25833333333,207.75,1.738875,0.0,0.0,10736.8046875,54.8958333333
2014.0,11.0,16.0,16.0,6.59666666667,43.874,-1.86666666667,54.7083333333,1.75,0.0166666666667,0.775,159.416666667,1.7605,0.0,0.0,10736.8046875,56.4166666667
2014.0,11.0,16.0,17.0,6.22916666667,43.2125,-1.2025,59.4916666667,1.0,0.0333333333333,0.758333333333,53.4166666667,1.815625,0.0,0.0,10736.8046875,53.9791666667
2014.0,11.0,16.0,18.0,4.99333333333,40.988,1.14916666667,76.9416666667,1.0,0.0,0.0333333333333,44.5833333333,2.001,0.0,0.0,10736.8046875,53.2708333333
2014.0,11.0,16.0,19.0,3.775,38.795,3.49916666667,98.0833333333,1.0,0.0,0.283333333333,272.416666667,2.18375,0.0,0.0,10736.8046875,53.5
2014.0,11.0,16.0,20.0,4.47916666667,40.0625,2.9725,89.9916666667,1.0,0.0,0.0,244.5,2.078125,0.0,0.0,10736.8046875,54.0
2014.0,11.0,16.0,21.0,4.44666666667,40.004,3.1025,90.9833333333,1.0,0.0,0.0,118.666666667,2.083,0.0,0.0,10736.8046875,54.0416666667
2014.0,11.0,16.0,22.0,4.67833333333,40.421,3.51416666667,92.225,1.0,0.0,0.0,172.75,2.04825,0.0,0.0,10736.8046875,52.6666666667
2014.0,11.0,16.0,23.0,5.00166666667,41.003,3.66,91.0833333333,1.0,0.0,0.225,265.666666667,1.99975,0.0,0.0,10736.8046875,52.4791666667
2014.0,11.0,17.0,0.0,4.78916666667,40.6205,2.745,86.5916666667,1.0,0.0,0.0666666666667,252.25,2.031625,0.0,720.0,10736.8046875,52.0833333333
2014.0,11.0,17.0,1.0,4.0025,39.2045,3.7375,98.1916666667,1.0,0.0,0.116666666667,258.75,2.149625,0.0,720.0,10736.8046875,52.1458333333
2014.0,11.0,17.0,2.0,3.77666666667,38.798,3.77666666667,100.0,1.0,0.0,0.4,284.583333333,2.1835,0.0,720.0,10736.8046875,51.3958333333
2014.0,11.0,17.0,3.0,4.27,39.686,-37.3458333333,15.475,1.0,0.0,0.0,225.833333333,2.1095,0.0,720.0,10736.8046875,51.7708333333
2014.0,11.0,17.0,4.0,4.38,39.884,-47.3191666667,1.0,1.0,0.0,0.241666666667,221.916666667,2.093,0.0,720.0,10736.8046875,51.7083333333
2014.0,11.0,17.0,5.0,4.21583333333,39.5885,-47.4216666667,1.0,1.0,0.0333333333333,0.975,178.583333333,2.117625,0.0,720.0,10736.8046875,52.3541666667
2014.0,11.0,17.0,6.0,4.21333333333,39.584,-47.4233333333,1.0,3.0,0.0666666666667,1.10833333333,196.75,2.118,0.0,720.0,10736.8046875,50.7083333333
2014.0,11.0,17.0,7.0,4.64,40.352,-47.16,1.0,19.0,0.0,0.458333333333,199.833333333,2.054,0.0,720.0,10736.8046875,50.8541666667
2014.0,11.0,17.0,8.0,5.3275,41.5895,-46.7341666667,1.0,21.1666666667,0.0,0.0,152.75,1.950875,0.0,720.0,10736.8046875,52.7083333333
2014.0,11.0,17.0,9.0,5.8525,42.5345,-46.4091666667,1.0,28.0833333333,0.0,0.0166666666667,297.75,1.872125,0.0,720.0,10736.8046875,53.625
2014.0,11.0,17.0,10.0,5.9325,42.6785,-46.3608333333,1.0,27.4166666667,0.0333333333333,0.608333333333,288.833333333,1.860125,0.0,720.0,10736.8046875,56.6875
2014.0,11.0,17.0,11.0,6.42916666667,43.5725,-46.0525,1.0,25.0833333333,0.0166666666667,0.333333333333,291.083333333,1.785625,0.0,720.0,10736.8046875,58.7083333333
2014.0,11.0,17.0,12.0,6.83333333333,44.3,-45.8041666667,1.0,22.3333333333,0.05,0.825,285.5,1.725,0.0,720.0,10736.8046875,59.0
2014.0,11.0,17.0,13.0,7.42666666667,45.368,-45.4375,1.0,24.4166666667,0.283333333333,1.35,50.8333333333,1.636,0.0,720.0,10736.8046875,59.5208333333
2014.0,11.0,17.0,14.0,8.055,46.499,-45.0508333333,1.0,15.8333333333,0.0,0.125,351.25,1.54175,0.0,720.0,10736.8046875,60.0208333333
2014.0,11.0,17.0,15.0,8.24083333333,46.8335,-44.9341666667,1.0,6.83333333333,0.0,0.158333333333,215.333333333,1.513875,0.0,720.0,10736.8046875,62.25
2014.0,11.0,17.0,16.0,8.48,47.264,-44.7891666667,1.0,1.16666666667,0.166666666667,1.8,164.416666667,1.478,0.0,720.0,10736.8046875,61.5208333333
2014.0,11.0,17.0,17.0,8.94083333333,48.0935,-44.505,1.0,1.0,0.15,1.75,55.75,1.408875,0.0,720.0,10736.8046875,61.125
2014.0,11.0,17.0,18.0,9.01166666667,48.221,-29.405,26.0916666667,1.0,0.808333333333,4.55,68.8333333333,1.39825,0.0,720.0,10736.8046875,59.75
2014.0,11.0,17.0,19.0,8.44916666667,47.2085,7.4625,93.6166666667,1.0,0.641666666667,3.875,64.3333333333,1.482625,0.0,720.0,10736.8046875,60.7916666667
2014.0,11.0,17.0,20.0,7.90333333333,46.226,4.86083333333,81.05,1.0,0.583333333333,3.78333333333,71.5833333333,1.5645,0.0,720.0,10736.8046875,58.6041666667
2014.0,11.0,17.0,21.0,7.1325,44.8385,3.19083333333,76.0166666667,1.0,1.0,5.49166666667,82.4166666667,1.680125,0.0,720.0,10736.8046875,58.4791666667
2014.0,11.0,17.0,22.0,6.39,43.502,1.16916666667,69.2333333333,1.0,0.983333333333,5.425,84.1666666667,1.7915,0.0,720.0,10736.8046875,57.5416666667
2014.0,11.0,17.0,23.0,5.9675,42.7415,0.7325,69.0916666667,1.0,0.841666666667,4.35,72.9166666667,1.854875,0.0,720.0,10736.8046875,55.875
2014.0,11.0,18.0,0.0,5.29416666667,41.5295,-1.70166666667,60.5916666667,1.0,1.94166666667,6.95833333333,76.5833333333,1.955875,0.0,720.0,10736.8046875,56.1875
2014.0,11.0,18.0,1.0,3.56166666667,38.411,-3.73416666667,58.825,1.0,2.11666666667,7.19166666667,75.25,2.21575,0.0,720.0,10736.8046875,54.375
2014.0,11.0,18.0,2.0,2.05333333333,35.696,-5.99416666667,55.2,1.0,3.16666666667,8.98333333333,69.0,2.442,0.0,720.0,10736.8046875,53.7708333333
2014.0,11.0,18.0,3.0,0.475,32.855,-7.11916666667,56.7083333333,1.0,1.9,6.85833333333,73.6666666667,2.67875,0.0,720.0,10736.8046875,53.75
2014.0,11.0,18.0,4.0,-1.02166666667,30.161,-8.45416666667,57.0666666667,1.0,2.99166666667,8.7,66.9166666667,2.90325,0.0,720.0,10736.8046875,53.2083333333
2014.0,11.0,18.0,5.0,-2.69583333333,27.1475,-9.79,58.1083333333,1.0,2.34166666667,8.49166666667,67.75,3.154375,0.0,720.0,10736.8046875,52.25
2014.0,11.0,18.0,6.0,-3.3475,25.9745,-11.5358333333,53.0916666667,9.75,2.225,7.50833333333,69.9166666667,3.252125,0.0,720.0,10736.8046875,49.3125
2014.0,11.0,18.0,7.0,-2.3975,27.6845,-12.63,45.4083333333,130.916666667,1.91666666667,7.08333333333,65.75,3.109625,0.0,720.0,10736.8046875,50.1875
2014.0,11.0,18.0,8.0,-1.6225,29.0795,-13.9166666667,38.525,283.5,3.09166666667,8.55,65.1666666667,2.993375,0.0,720.0,10736.8046875,52.3125
2014.0,11.0,18.0,9.0,-0.601666666667,30.917,-14.3558333333,34.4666666667,404.333333333,2.46666666667,8.23333333333,68.1666666667,2.84025,0.0,720.0,10736.8046875,54.2708333333
2014.0,11.0,18.0,10.0,0.05,32.09,-14.335,32.925,487.166666667,3.075,9.05833333333,66.8333333333,2.7425,0.0,720.0,10736.8046875,56.0208333333
2014.0,11.0,18.0,11.0,-0.275,31.505,-15.7091666667,30.0833333333,519.833333333,3.65833333333,10.5666666667,63.25,2.79125,0.0,720.0,10736.8046875,56.0
2014.0,11.0,18.0,12.0,-0.824166666667,30.5165,-15.0075,33.2083333333,487.333333333,2.90833333333,9.41666666667,69.3333333333,2.873625,0.0,720.0,10736.8046875,56.5833333333
2014.0,11.0,18.0,13.0,-1.0825,30.0515,-15.1283333333,33.4833333333,408.0,4.275,10.375,63.0,2.912375,0.0,720.0,10736.8046875,56.3333333333
2014.0,11.0,18.0,14.0,-0.545,31.019,-14.9616666667,32.65,283.833333333,3.21666666667,8.66666666667,63.6666666667,2.83175,0.0,720.0,10736.8046875,56.125
2014.0,11.0,18.0,15.0,-0.698333333333,30.743,-15.3241666667,32.025,133.75,2.76666666667,7.89166666667,64.3333333333,2.85475,0.0,720.0,10736.8046875,56.9166666667
2014.0,11.0,18.0,16.0,-2.2925,27.8735,-14.7508333333,37.7916666667,5.41666666667,2.31666666667,7.33333333333,60.5833333333,3.093875,0.0,720.0,10736.8046875,57.125
2014.0,11.0,18.0,17.0,-2.825,26.915,-14.9733333333,38.5916666667,1.0,1.85,6.70833333333,61.6666666667,3.17375,0.0,720.0,10736.8046875,55.5833333333
2014.0,11.0,18.0,18.0,-3.21166666667,26.219,-14.8275,40.1916666667,1.0,1.95,6.66666666667,57.5,3.23175,0.0,720.0,10736.8046875,53.5625
2014.0,11.0,18.0,19.0,-3.5925,25.5335,-14.4858333333,42.5333333333,1.0,1.59166666667,6.25833333333,58.4166666667,3.288875,0.0,720.0,10736.8046875,53.4166666667
2014.0,11.0,18.0,20.0,-3.9075,24.9665,-14.6533333333,42.9416666667,1.0,1.6,6.38333333333,57.6666666667,3.336125,0.0,720.0,10736.8046875,52.7708333333
2014.0,11.0,18.0,21.0,-4.2425,24.3635,-14.7191666667,43.8083333333,1.0,2.19166666667,6.85833333333,56.0,3.386375,0.0,720.0,10736.8046875,52.2916666667
2014.0,11.0,18.0,22.0,-4.565,23.783,-14.3425,46.3166666667,1.0,1.55,5.96666666667,54.75,3.43475,0.0,720.0,10736.8046875,51.3333333333
2014.0,11.0,18.0,23.0,-4.7475,23.4545,-13.8908333333,48.7416666667,1.0,1.44166666667,5.30833333333,55.75,3.462125,0.0,720.0,10736.8046875,50.5625
2014.0,11.0,19.0,0.0,-4.9675,23.0585,-13.795,49.925,1.0,1.31666666667,5.0,55.8333333333,3.495125,0.0,720.0,10736.8046875,50.2083333333
2014.0,11.0,19.0,1.0,-5.0475,22.9145,-13.6858333333,50.6916666667,1.0,0.95,4.40833333333,57.4166666667,3.507125,0.0,720.0,10736.8046875,49.7083333333
2014.0,11.0,19.0,2.0,-5.12583333333,22.7735,-13.7008333333,50.925,1.0,1.35833333333,6.25,60.9166666667,3.518875,0.0,720.0,10736.8046875,49.6458333333
2014.0,11.0,19.0,3.0,-5.43916666667,22.2095,-13.21,54.3,1.0,0.766666666667,3.93333333333,58.4166666667,3.565875,0.0,720.0,10736.8046875,50.3541666667
2014.0,11.0,19.0,4.0,-5.78083333333,21.5945,-13.6883333333,53.5916666667,1.0,0.383333333333,3.01666666667,63.9166666667,3.617125,0.0,720.0,10736.8046875,49.8333333333
2014.0,11.0,19.0,5.0,-5.85666666667,21.458,-13.7775,53.5166666667,1.0,0.383333333333,3.3,57.0833333333,3.6285,0.0,720.0,10736.8046875,50.5208333333
2014.0,11.0,19.0,6.0,-5.90666666667,21.368,-13.5716666667,54.6416666667,9.75,0.341666666667,2.65,52.6666666667,3.636,0.0,720.0,10736.8046875,48.7291666667
2014.0,11.0,19.0,7.0,-4.56333333333,23.786,-13.8266666667,48.375,130.916666667,0.425,3.15833333333,49.3333333333,3.4345,0.0,720.0,10736.8046875,48.5416666667
2014.0,11.0,19.0,8.0,-3.15,26.33,-14.0041666667,42.8333333333,279.166666667,1.14166666667,4.99166666667,60.0833333333,3.2225,0.0,720.0,10736.8046875,50.875
2014.0,11.0,19.0,9.0,-1.7025,28.9355,-14.015,38.4666666667,398.416666667,0.85,4.75,66.6666666667,3.005375,0.0,720.0,10736.8046875,53.3125
2014.0,11.0,19.0,10.0,-0.245,31.559,-14.0125,34.5333333333,473.25,0.35,3.26666666667,68.75,2.78675,0.0,720.0,10736.8046875,53.25
2014.0,11.0,19.0,11.0,-0.434166666667,31.2185,-14.055,34.8916666667,488.25,1.15833333333,4.95,52.25,2.815125,0.0,720.0,10736.8046875,55.2291666667
2014.0,11.0,19.0,12.0,-0.583333333333,30.95,-13.3108333333,37.5083333333,462.333333333,1.05833333333,4.60833333333,49.5,2.8375,0.0,720.0,10736.8046875,55.5833333333
2014.0,11.0,19.0,13.0,-0.1825,31.6715,-12.77,38.0333333333,394.25,1.31666666667,5.08333333333,46.4166666667,2.777375,0.0,720.0,10736.8046875,57.1875
2014.0,11.0,19.0,14.0,1.07583333333,33.9365,-11.3666666667,38.9083333333,266.166666667,0.55,3.6,29.1666666667,2.588625,0.0,720.0,10736.8046875,57.0833333333
2014.0,11.0,19.0,15.0,0.885833333333,33.5945,-11.2591666667,39.8,120.5,0.75,4.6,38.25,2.617125,0.0,720.0,10736.8046875,57.7083333333
2014.0,11.0,19.0,16.0,-0.844166666667,30.4805,-10.5758333333,47.625,4.5,0.408333333333,3.98333333333,62.75,2.876625,0.0,720.0,10736.8046875,59.0208333333
2014.0,11.0,19.0,17.0,-0.7075,30.7265,-9.4375,51.5833333333,1.0,0.15,2.15833333333,43.4166666667,2.856125,0.0,720.0,10736.8046875,58.125
2014.0,11.0,19.0,18.0,-0.554166666667,31.0025,-9.0325,52.6583333333,1.0,0.183333333333,2.30833333333,226.166666667,2.833125,0.0,720.0,10736.8046875,56.5625
2014.0,11.0,19.0,19.0,-0.19,31.658,-8.24,54.5583333333,1.0,0.233333333333,2.575,257.0,2.7785,0.0,720.0,10736.8046875,54.25
2014.0,11.0,19.0,20.0,0.150833333333,32.2715,-7.43833333333,56.6416666667,1.0,0.116666666667,2.01666666667,278.833333333,2.727375,0.0,720.0,10736.8046875,53.6458333333
2014.0,11.0,19.0,21.0,0.911666666667,33.641,-7.07083333333,55.2,1.0,0.15,2.05,175.25,2.61325,0.0,720.0,10736.8046875,53.8541666667
2014.0,11.0,19.0,22.0,1.38583333333,34.4945,-7.11166666667,53.125,1.0,0.375,4.41666666667,21.8333333333,2.542125,0.0,720.0,10736.8046875,53.125
2014.0,11.0,19.0,23.0,1.77166666667,35.189,-6.54583333333,53.975,1.0,0.583333333333,4.45,46.1666666667,2.48425,0.0,720.0,10736.8046875,51.2916666667
2014.0,11.0,20.0,0.0,2.05666666667,35.702,-6.175,54.4083333333,1.0,0.791666666667,4.70833333333,41.4166666667,2.4415,0.0,720.0,10736.8046875,50.7291666667
2014.0,11.0,20.0,1.0,1.61916666667,34.9145,-6.03916666667,56.7333333333,1.0,0.316666666667,2.63333333333,81.5,2.507125,0.0,720.0,10736.8046875,49.5416666667
2014.0,11.0,20.0,2.0,1.55,34.79,-5.76166666667,58.2333333333,1.0,0.05,1.35833333333,104.916666667,2.5175,0.0,720.0,10736.8046875,49.625
2014.0,11.0,20.0,3.0,1.61916666667,34.9145,-5.72666666667,58.1083333333,1.0,0.233333333333,1.61666666667,93.5833333333,2.507125,0.0,720.0,10736.8046875,50.2291666667
2014.0,11.0,20.0,4.0,1.94916666667,35.5085,-5.72083333333,56.775,1.0,0.458333333333,3.11666666667,52.4166666667,2.457625,0.0,720.0,10736.8046875,49.5833333333
2014.0,11.0,20.0,5.0,1.86083333333,35.3495,-6.24833333333,54.875,1.0,0.716666666667,3.75,55.9166666667,2.470875,0.0,720.0,10736.8046875,50.7291666667
2014.0,11.0,20.0,6.0,2.0175,35.6315,-5.94666666667,55.525,16.0,0.241666666667,2.63333333333,52.5,2.447375,0.0,720.0,10736.8046875,49.2291666667
2014.0,11.0,20.0,7.0,3.30166666667,37.943,-5.0325,54.375,99.5833333333,0.208333333333,1.75833333333,55.3333333333,2.25475,0.0,720.0,10736.8046875,50.6875
2014.0,11.0,20.0,8.0,2.99333333333,37.388,-4.4925,57.8416666667,59.0833333333,0.808333333333,3.85,51.25,2.301,0.0,720.0,10736.8046875,52.125
2014.0,11.0,20.0,9.0,4.27833333333,39.701,-3.9275,55.1416666667,162.083333333,0.575,3.625,46.75,2.10825,0.0,720.0,10736.8046875,53.8541666667
2014.0,11.0,20.0,10.0,5.80333333333,42.446,-4.03666666667,49.2166666667,303.5,1.74166666667,6.01666666667,48.4166666667,1.8795,0.0,720.0,10736.8046875,55.4166666667
2014.0,11.0,20.0,11.0,7.57583333333,45.6365,-4.0,43.6833333333,410.166666667,1.85,6.04166666667,53.4166666667,1.613625,0.0,720.0,10736.8046875,55.375
2014.0,11.0,20.0,12.0,8.67916666667,47.6225,-2.89083333333,43.9916666667,416.666666667,3.06666666667,8.26666666667,54.3333333333,1.448125,0.0,720.0,10736.8046875,57.5833333333
2014.0,11.0,20.0,13.0,9.29583333333,48.7325,-2.55916666667,43.2416666667,326.916666667,2.075,6.70833333333,50.5,1.355625,0.0,720.0,10736.8046875,57.1458333333
2014.0,11.0,20.0,14.0,8.6075,47.4935,-2.63916666667,45.0333333333,114.166666667,1.025,4.575,62.4166666667,1.458875,0.0,720.0,10736.8046875,58.0208333333
2014.0,11.0,20.0,15.0,7.68416666667,45.8315,-2.82083333333,47.2916666667,46.0,0.375,3.125,68.0,1.597375,0.0,720.0,10736.8046875,59.0208333333
2014.0,11.0,20.0,16.0,6.59333333333,43.868,-3.48083333333,48.525,5.66666666667,0.275,2.35833333333,70.9166666667,1.761,0.0,720.0,10736.8046875,57.5
2014.0,11.0,20.0,17.0,5.6,42.08,-5.09666666667,46.0333333333,1.0,0.325,3.125,75.9166666667,1.91,0.0,720.0,10736.8046875,57.5208333333
2014.0,11.0,20.0,18.0,4.19583333333,39.5525,-6.4875,45.65,1.0,0.316666666667,3.025,78.3333333333,2.120625,0.0,720.0,10736.8046875,56.1041666667
2014.0,11.0,20.0,19.0,3.28666666667,37.916,-7.90666666667,43.6416666667,1.0,0.583333333333,3.63333333333,80.75,2.257,0.0,720.0,10736.8046875,56.3125
2014.0,11.0,20.0,20.0,1.82416666667,35.2835,-9.18916666667,43.8,1.0,0.633333333333,4.68333333333,87.0833333333,2.476375,0.0,720.0,10736.8046875,54.8333333333
2014.0,11.0,20.0,21.0,0.535833333333,32.9645,-10.51,43.2916666667,1.0,0.708333333333,5.525,88.1666666667,2.669625,0.0,720.0,10736.8046875,54.5833333333
2014.0,11.0,20.0,22.0,-0.218333333333,31.607,-11.0575,43.7666666667,1.0,0.675,5.04166666667,82.0833333333,2.78275,0.0,720.0,10736.8046875,51.0
2014.0,11.0,20.0,23.0,-0.595,30.929,-10.9666666667,45.3166666667,1.0,0.6,4.76666666667,79.3333333333,2.83925,0.0,720.0,10736.8046875,49.8333333333
2014.0,11.0,21.0,0.0,-0.984166666667,30.2285,-10.8191666667,47.175,1.0,0.516666666667,4.325,74.1666666667,2.897625,0.0,720.0,10736.8046875,50.2916666667
2014.0,11.0,21.0,1.0,-1.19333333333,29.852,-11.2633333333,46.25,1.0,0.75,4.60833333333,72.9166666667,2.929,0.0,720.0,10736.8046875,49.9583333333
2014.0,11.0,21.0,2.0,-1.51583333333,29.2715,-11.82,45.275,1.0,0.483333333333,3.73333333333,69.0833333333,2.977375,0.0,720.0,10736.8046875,49.7708333333
2014.0,11.0,21.0,3.0,-1.68333333333,28.97,-11.9591666667,45.3416666667,1.0,0.791666666667,4.86666666667,70.5833333333,3.0025,0.0,720.0,10736.8046875,50.1875
2014.0,11.0,21.0,4.0,-1.94666666667,28.496,-11.9308333333,46.3166666667,1.0,0.85,4.925,63.6666666667,3.042,0.0,720.0,10736.8046875,50.0
2014.0,11.0,21.0,5.0,-2.18583333333,28.0655,-11.8908333333,47.3083333333,1.0,0.65,4.50833333333,61.9166666667,3.077875,0.0,720.0,10736.8046875,49.8541666667
2014.0,11.0,21.0,6.0,-2.37583333333,27.7235,-11.6158333333,49.0583333333,8.41666666667,0.275,3.14166666667,59.3333333333,3.106375,0.0,720.0,10736.8046875,48.6875
2014.0,11.0,21.0,7.0,-1.13583333333,29.9555,-11.7941666667,44.1666666667,117.25,0.6,4.31666666667,61.75,2.920375,0.0,720.0,10736.8046875,49.5208333333
2014.0,11.0,21.0,8.0,-0.0725,31.8695,-12.3575,39.0166666667,267.75,1.29166666667,6.35833333333,72.1666666667,2.760875,0.0,720.0,10736.8046875,50.5625
2014.0,11.0,21.0,9.0,0.666666666667,33.2,-12.8766666667,35.4833333333,396.083333333,1.675,7.275,77.0833333333,2.65,0.0,720.0,10736.8046875,53.8125
2014.0,11.0,21.0,10.0,1.68916666667,35.0405,-13.0183333333,32.5666666667,475.583333333,1.19166666667,6.19166666667,76.5,2.496625,0.0,720.0,10736.8046875,54.6875
2014.0,11.0,21.0,11.0,2.51583333333,36.5285,-12.5233333333,31.95,501.75,0.958333333333,5.29166666667,80.5,2.372625,0.0,720.0,10736.8046875,56.6458333333
2014.0,11.0,21.0,12.0,1.87916666667,35.3825,-11.9425,35.075,474.25,0.925,5.89166666667,82.8333333333,2.468125,0.0,720.0,10736.8046875,58.0833333333
2014.0,11.0,21.0,13.0,2.185,35.933,-11.7866666667,34.7166666667,395.333333333,0.891666666667,5.15,86.5,2.42225,0.0,720.0,10736.8046875,59.625
2014.0,11.0,21.0,14.0,2.87833333333,37.181,-11.8125,32.9916666667,277.0,0.85,5.61666666667,75.6666666667,2.31825,0.0,720.0,10736.8046875,52.3461538462
2014.0,11.0,21.0,15.0,2.76416666667,36.9755,-12.1525,32.3583333333,126.0,0.441666666667,4.14166666667,81.25,2.335375,0.0,720.0,10736.8046875,59.25
2014.0,11.0,21.0,16.0,0.89,33.602,-11.8508333333,37.9,4.5,0.258333333333,3.20833333333,78.25,2.6165,0.0,720.0,10736.8046875,57.6458333333
2014.0,11.0,21.0,17.0,0.5,32.9,-11.5133333333,40.05,1.0,0.0833333333333,1.64166666667,65.0833333333,2.675,0.0,720.0,10736.8046875,57.1041666667
2014.0,11.0,21.0,18.0,0.0958333333333,32.1725,-11.3941666667,41.65,1.0,0.0333333333333,0.916666666667,52.6666666667,2.735625,0.0,720.0,10736.8046875,54.7916666667
2014.0,11.0,21.0,19.0,-0.2825,31.4915,-10.9158333333,44.475,1.0,0.0166666666667,0.833333333333,52.4166666667,2.792375,0.0,720.0,10736.8046875,53.5208333333
2014.0,11.0,21.0,20.0,-0.63,30.866,-10.7958333333,46.0583333333,1.0,0.0333333333333,1.075,56.8333333333,2.8445,0.0,720.0,10736.8046875,52.6458333333
2014.0,11.0,21.0,21.0,-0.9975,30.2045,-10.7633333333,47.4416666667,1.0,0.0333333333333,0.933333333333,60.1666666667,2.899625,0.0,720.0,10736.8046875,53.5416666667
2014.0,11.0,21.0,22.0,-1.28833333333,29.681,-10.8441666667,48.1416666667,1.0,0.0,0.558333333333,70.4166666667,2.94325,0.0,720.0,10736.8046875,52.375
2014.0,11.0,21.0,23.0,-1.70416666667,28.9325,-10.9358333333,49.2833333333,1.0,0.0,0.25,67.4166666667,3.005625,0.0,720.0,10736.8046875,51.9166666667
2014.0,11.0,22.0,0.0,-1.76833333333,28.817,-10.9408333333,49.5,1.0,0.0,0.416666666667,65.75,3.01525,0.0,0.0,10736.8046875,51.1458333333
2014.0,11.0,22.0,1.0,-2.14666666667,28.136,-10.725,51.8,1.0,0.0,0.075,43.4166666667,3.072,0.0,0.0,10736.8046875,51.6666666667
2014.0,11.0,22.0,2.0,-2.43583333333,27.6155,-10.6041666667,53.425,1.0,0.0,0.0,39.25,3.115375,0.0,0.0,10736.8046875,49.7916666667
2014.0,11.0,22.0,3.0,-2.72833333333,27.089,-10.4491666667,55.2833333333,1.0,0.0166666666667,0.466666666667,43.1666666667,3.15925,0.0,0.0,10736.8046875,50.7291666667
2014.0,11.0,22.0,4.0,-2.97416666667,26.6465,-10.3841666667,56.5833333333,1.0,0.0166666666667,0.466666666667,49.6666666667,3.196125,0.0,0.0,10736.8046875,50.3125
2014.0,11.0,22.0,5.0,-3.23,26.186,-10.3025,58.075,1.0,0.0166666666667,0.441666666667,46.75,3.2345,0.0,0.0,10736.8046875,50.2083333333
2014.0,11.0,22.0,6.0,-3.06333333333,26.486,-10.545,56.2666666667,7.41666666667,0.0333333333333,0.616666666667,52.8333333333,3.2095,0.0,0.0,10736.8046875,48.6458333333
2014.0,11.0,22.0,7.0,-1.27416666667,29.7065,-8.715,56.9916666667,115.083333333,0.0,0.358333333333,52.1666666667,2.941125,0.0,0.0,10736.8046875,48.7083333333
2014.0,11.0,22.0,8.0,0.646666666667,33.164,-8.005,52.35,264.333333333,0.241666666667,1.90833333333,49.5,2.653,0.0,0.0,10736.8046875,48.3125
2014.0,11.0,22.0,9.0,2.73166666667,36.917,-7.8175,45.7083333333,380.5,0.566666666667,3.8,46.8333333333,2.34025,0.0,0.0,10736.8046875,49.8333333333
2014.0,11.0,22.0,10.0,3.685,38.633,-7.74666666667,42.9916666667,459.166666667,1.875,6.325,49.5,2.19725,0.0,0.0,10736.8046875,50.0625
2014.0,11.0,22.0,11.0,4.87083333333,40.7675,-7.715,39.6083333333,472.583333333,2.15,7.30833333333,46.9166666667,2.019375,0.0,0.0,10736.8046875,51.5625
2014.0,11.0,22.0,12.0,5.4,41.72,-6.8325,40.8833333333,447.0,2.01666666667,7.05,45.0833333333,1.94,0.0,0.0,10736.8046875,52.2291666667
2014.0,11.0,22.0,13.0,6.85666666667,44.342,-6.08083333333,39.1583333333,355.75,1.10833333333,5.63333333333,47.0833333333,1.7215,0.0,0.0,10736.8046875,52.4583333333
2014.0,11.0,22.0,14.0,7.4925,45.4865,-6.2475,37.025,210.5,1.125,4.96666666667,41.0833333333,1.626125,0.0,0.0,10736.8046875,52.3958333333
2014.0,11.0,22.0,15.0,6.675,44.015,-5.765,40.6083333333,16.5,1.025,5.55833333333,49.3333333333,1.74875,0.0,0.0,10736.8046875,53.2916666667
2014.0,11.0,22.0,16.0,6.415,43.547,-5.60916666667,41.8333333333,1.33333333333,0.35,2.60833333333,45.5,1.78775,0.0,0.0,10736.8046875,53.6875
2014.0,11.0,22.0,17.0,6.33833333333,43.409,-5.21166666667,43.3583333333,1.0,0.35,2.40833333333,50.0,1.79925,0.0,0.0,10736.8046875,53.9791666667
2014.0,11.0,22.0,18.0,6.33916666667,43.4105,-4.88166666667,44.45,1.0,0.366666666667,2.85,53.0833333333,1.799125,0.0,0.0,10736.8046875,53.8541666667
2014.0,11.0,22.0,19.0,6.15666666667,43.082,-4.1825,47.4416666667,1.0,0.233333333333,2.8,51.6666666667,1.8265,0.0,0.0,10736.8046875,53.25
2014.0,11.0,22.0,20.0,5.93916666667,42.6905,-3.70916666667,49.925,1.0,0.1,1.54166666667,72.0,1.859125,0.0,0.0,10736.8046875,53.1041666667
2014.0,11.0,22.0,21.0,5.75833333333,42.365,-3.18083333333,52.575,1.0,0.133333333333,2.05833333333,46.8333333333,1.88625,0.0,0.0,10736.8046875,53.3541666667
2014.0,11.0,22.0,22.0,5.63666666667,42.146,-3.14166666667,53.175,1.0,0.133333333333,2.06666666667,49.3333333333,1.9045,0.0,0.0,10736.8046875,52.6875
2014.0,11.0,22.0,23.0,5.6375,42.1475,-3.01333333333,53.675,1.0,0.516666666667,3.125,51.4166666667,1.904375,0.0,0.0,10736.8046875,52.3958333333
2014.0,11.0,23.0,9.0,9.23333333333,48.62,-3.5025,40.5333333333,308.0,0.683333333333,3.13333333333,52.25,1.365,0.0,0.0,10736.8046875,3.75
2014.0,11.0,23.0,10.0,10.51,50.918,-2.725,39.3833333333,346.083333333,0.191666666667,1.85833333333,53.75,1.1735,0.0,0.0,10736.8046875,3.91666666667
2014.0,11.0,23.0,11.0,12.5008333333,54.5015,-2.77833333333,34.425,405.916666667,0.0666666666667,1.45833333333,41.5833333333,0.874875,0.0,0.0,10736.8046875,43.5714285714
2014.0,11.0,23.0,12.0,12.5541666667,54.5975,-1.84333333333,36.7583333333,430.333333333,0.133333333333,1.70833333333,25.5,0.866875,0.0,0.0,10736.8046875,50.8125
2014.0,11.0,23.0,13.0,12.4783333333,54.461,-1.42416666667,38.05,256.916666667,0.0666666666667,0.658333333333,58.5833333333,0.87825,0.0,0.0,10736.8046875,50.0416666667
2014.0,11.0,23.0,14.0,13.21,55.778,-1.00916666667,37.4,199.916666667,0.0,0.191666666667,41.3333333333,0.7685,0.0,0.0,10736.8046875,49.8541666667
2014.0,11.0,23.0,15.0,12.0633333333,53.714,-0.748333333333,41.1166666667,56.6666666667,0.0,0.0916666666667,58.1666666667,0.9405,0.0,0.0,10736.8046875,52.625
2014.0,11.0,23.0,16.0,11.4841666667,52.6715,-0.0575,44.9166666667,2.83333333333,0.0166666666667,0.616666666667,17.6666666667,1.027375,0.0,0.0,10736.8046875,53.1041666667
2014.0,11.0,23.0,17.0,11.3508333333,52.4315,1.81833333333,51.9,1.0,0.0,0.2,45.25,1.047375,0.0,0.0,10736.8046875,52.9375
2014.0,11.0,23.0,18.0,11.0608333333,51.9095,3.66666666667,60.3666666667,1.0,0.0,0.0,67.0,1.090875,0.0,0.0,10736.8046875,52.7708333333
2014.0,11.0,23.0,19.0,10.8858333333,51.5945,6.23666666667,72.9666666667,1.0,0.0,0.0,113.583333333,1.117125,0.0,0.0,10736.8046875,52.8125
2014.0,11.0,23.0,20.0,11.1291666667,52.0325,7.515,78.3583333333,1.0,0.0,0.0,308.333333333,1.080625,0.0,0.0,10736.8046875,52.4375
2014.0,11.0,23.0,21.0,11.805,53.249,8.98333333333,82.775,1.0,0.0,0.0166666666667,298.583333333,0.97925,0.0,0.0,10736.8046875,53.5833333333
2014.0,11.0,23.0,22.0,12.7683333333,54.983,10.3658333333,85.2333333333,1.0,0.166666666667,1.675,300.416666667,0.83475,0.0,0.0,10736.8046875,53.0208333333
2014.0,11.0,23.0,23.0,12.9191666667,55.2545,11.42,90.575,1.0,0.216666666667,2.175,295.166666667,0.812125,0.0,0.0,10736.8046875,52.2708333333
2014.0,11.0,24.0,0.0,13.3075,55.9535,12.4466666667,94.4416666667,1.0,0.116666666667,1.89166666667,279.666666667,0.753875,0.0,720.0,10736.8046875,51.7083333333
2014.0,11.0,24.0,1.0,13.2483333333,55.847,13.2491666667,99.8916666667,1.0,0.35,3.06666666667,285.916666667,0.76275,0.0,720.0,10736.8046875,51.5208333333
2014.0,11.0,24.0,2.0,14.995,58.991,14.9333333333,99.4916666667,1.0,1.45833333333,6.53333333333,309.166666667,0.50075,0.0,720.0,10736.8046875,51.4375
2014.0,11.0,24.0,3.0,17.0575,62.7035,16.2941666667,95.15,1.0,4.275,11.5833333333,337.416666667,0.191375,0.0,720.0,10736.8046875,52.6041666667
2014.0,11.0,24.0,4.0,17.6733333333,63.812,16.6583333333,93.6916666667,1.0,3.75833333333,10.6083333333,335.5,0.099,0.0,720.0,10736.8046875,52.3333333333
2014.0,11.0,24.0,5.0,16.895,62.411,16.7141666667,98.7416666667,1.0,1.71666666667,7.68333333333,326.833333333,0.21575,0.0,720.0,10736.8046875,52.1041666667
2014.0,11.0,24.0,6.0,17.4833333333,63.47,16.69,94.9833333333,1.16666666667,0.75,4.39166666667,317.083333333,0.1275,0.0,720.0,10736.8046875,50.8541666667
2014.0,11.0,24.0,7.0,18.3725,65.0705,17.1225,92.3083333333,34.9166666667,0.533333333333,3.94166666667,274.333333333,0.01,0.015875,720.0,10736.8046875,50.5833333333
2014.0,11.0,24.0,8.0,18.8458333333,65.9225,17.1983333333,90.0416666667,70.0833333333,0.533333333333,4.11666666667,119.333333333,0.0,0.076875,720.0,10736.8046875,53.0
2014.0,11.0,24.0,9.0,20.5466666667,68.984,17.1025,80.6583333333,223.166666667,0.5,4.21666666667,48.9166666667,0.0,0.332,720.0,10736.8046875,56.5
2014.0,11.0,24.0,10.0,21.1016666667,69.983,16.445,74.6916666667,228.666666667,1.6,7.08333333333,40.5,0.0,0.41525,720.0,10736.8046875,56.8541666667
2014.0,11.0,24.0,11.0,21.1866666667,70.136,15.935,71.925,227.916666667,1.40833333333,6.50833333333,43.3333333333,0.0,0.428,720.0,10736.8046875,58.4583333333
2014.0,11.0,24.0,12.0,21.4583333333,70.625,15.34,68.0916666667,285.416666667,1.35833333333,6.725,40.5833333333,0.0,0.46875,720.0,10736.8046875,58.9791666667
2014.0,11.0,24.0,13.0,21.2266666667,70.208,14.7066666667,66.2916666667,298.083333333,1.45,7.34166666667,32.0,0.0,0.434,720.0,10736.8046875,59.375
2014.0,11.0,24.0,14.0,21.9858333333,71.5745,14.7441666667,63.4416666667,231.25,0.641666666667,4.85,208.916666667,0.0,0.547875,720.0,10736.8046875,58.4791666667
2014.0,11.0,24.0,15.0,21.525,70.745,14.435,63.9833333333,99.0,0.758333333333,5.60833333333,149.0,0.0,0.47875,720.0,10736.8046875,59.5416666667
2014.0,11.0,24.0,16.0,19.7858333333,67.6145,14.4458333333,71.225,4.16666666667,0.541666666667,4.26666666667,96.6666666667,0.0,0.217875,720.0,10736.8046875,59.25
2014.0,11.0,24.0,17.0,19.21,66.578,14.4225,73.725,1.0,0.458333333333,4.05,48.5833333333,0.0,0.1315,720.0,10736.8046875,57.9166666667
2014.0,11.0,24.0,18.0,18.7833333333,65.81,14.4308333333,75.75,1.0,0.291666666667,3.56666666667,156.416666667,0.0,0.0675,720.0,10736.8046875,58.0833333333
2014.0,11.0,24.0,19.0,18.3133333333,64.964,14.4625,78.175,1.0,0.116666666667,2.39166666667,146.833333333,0.0113333333333,0.00833333333333,720.0,10736.8046875,56.75
2014.0,11.0,24.0,20.0,18.2458333333,64.8425,15.0433333333,81.4916666667,1.0,0.275,3.09166666667,203.833333333,0.0162916666667,0.00316666666667,720.0,10736.8046875,56.0625
2014.0,11.0,24.0,21.0,18.675,65.615,15.7383333333,82.9333333333,1.0,0.3,4.11666666667,135.083333333,0.0,0.05125,720.0,10736.8046875,56.7083333333
2014.0,11.0,24.0,22.0,18.6433333333,65.558,15.9308333333,84.1333333333,1.0,0.808333333333,4.19166666667,40.0833333333,0.0,0.0465,720.0,10736.8046875,55.8333333333
2014.0,11.0,24.0,23.0,18.9483333333,66.107,15.8083333333,81.9,1.0,2.40833333333,7.90833333333,44.6666666667,0.0,0.09225,720.0,10736.8046875,54.3958333333
2014.0,11.0,25.0,0.0,18.9933333333,66.188,15.6791666667,81.0083333333,1.0,1.46666666667,5.64166666667,51.8333333333,0.0,0.099,720.0,10736.8046875,54.375
2014.0,11.0,25.0,1.0,18.6408333333,65.5535,15.175,80.1833333333,1.0,0.891666666667,4.81666666667,57.8333333333,0.0,0.046125,720.0,10736.8046875,54.1666666667
2014.0,11.0,25.0,2.0,18.15,64.67,11.1683333333,63.95,1.0,0.225,2.675,55.0833333333,0.0304166666667,0.00291666666667,720.0,10736.8046875,53.7708333333
2014.0,11.0,25.0,3.0,17.2283333333,63.011,10.0516666667,63.35,1.0,0.0333333333333,1.025,48.0833333333,0.16575,0.0,720.0,10736.8046875,53.5833333333
2014.0,11.0,25.0,4.0,15.9591666667,60.7265,13.5716666667,85.6666666667,1.0,0.0333333333333,0.525,56.25,0.356125,0.0,720.0,10736.8046875,53.3333333333
2014.0,11.0,25.0,5.0,15.8641666667,60.5555,7.17916666667,56.8083333333,1.0,0.358333333333,2.35833333333,72.6666666667,0.370375,0.0,720.0,10736.8046875,53.3333333333
2014.0,11.0,25.0,6.0,14.6466666667,58.364,4.1975,49.475,3.25,0.35,3.39166666667,77.3333333333,0.553,0.0,720.0,10736.8046875,51.9791666667
2014.0,11.0,25.0,7.0,13.83,56.894,3.73833333333,50.5,72.1666666667,0.291666666667,3.34166666667,86.9166666667,0.6755,0.0,720.0,10736.8046875,51.4583333333
2014.0,11.0,25.0,8.0,12.9983333333,55.397,3.075,50.875,92.3333333333,0.458333333333,3.38333333333,107.75,0.80025,0.0,720.0,10736.8046875,52.0625
2014.0,11.0,25.0,9.0,12.3941666667,54.3095,1.80833333333,48.3666666667,103.833333333,0.325,3.275,92.25,0.890875,0.0,720.0,10736.8046875,55.1041666667
2014.0,11.0,25.0,10.0,12.57,54.626,1.38166666667,46.375,165.583333333,0.333333333333,2.95833333333,87.8333333333,0.8645,0.0,720.0,10736.8046875,54.8125
2014.0,11.0,25.0,11.0,12.8225,55.0805,0.440833333333,42.65,186.25,1.09166666667,5.85833333333,73.5,0.826625,0.0,720.0,10736.8046875,55.9791666667
2014.0,11.0,25.0,12.0,12.6333333333,54.74,-0.19,41.2166666667,142.0,1.11666666667,5.45,64.8333333333,0.855,0.0,720.0,10736.8046875,56.5833333333
2014.0,11.0,25.0,13.0,12.3358333333,54.2045,-0.111666666667,42.2666666667,120.5,0.8,4.475,70.5,0.899625,0.0,720.0,10736.8046875,55.8125
2014.0,11.0,25.0,14.0,12.3275,54.1895,0.0491666666667,42.7916666667,100.75,0.283333333333,2.81666666667,68.9166666667,0.900875,0.0,720.0,10736.8046875,55.875
2014.0,11.0,25.0,15.0,12.0316666667,53.657,0.0425,43.6166666667,51.5,0.225,2.175,69.25,0.94525,0.0,720.0,10736.8046875,57.0625
2014.0,11.0,25.0,16.0,11.3233333333,52.382,0.430833333333,47.0166666667,4.33333333333,0.0,0.225,58.3333333333,1.0515,0.0,720.0,10736.8046875,58.375
2014.0,11.0,25.0,17.0,10.9483333333,51.707,0.8025,49.5,1.0,0.0833333333333,1.21666666667,56.6666666667,1.10775,0.0,720.0,10736.8046875,57.3125
2014.0,11.0,25.0,18.0,10.7241666667,51.3035,0.931666666667,50.7166666667,1.0,0.0166666666667,0.566666666667,60.5833333333,1.141375,0.0,720.0,10736.8046875,56.0416666667
2014.0,11.0,25.0,19.0,10.3908333333,50.7035,0.855,51.5666666667,1.0,0.0,0.441666666667,61.4166666667,1.191375,0.0,720.0,10736.8046875,53.8333333333
2014.0,11.0,25.0,20.0,10.4025,50.7245,0.939166666667,51.8416666667,1.0,0.0,0.05,60.4166666667,1.189625,0.0,720.0,10736.8046875,53.375
2014.0,11.0,25.0,21.0,10.4433333333,50.798,1.04416666667,52.0916666667,1.0,0.0,0.0166666666667,61.0833333333,1.1835,0.0,720.0,10736.8046875,53.25
2014.0,11.0,25.0,22.0,10.3691666667,50.6645,1.28416666667,53.2916666667,1.0,0.0,0.0,27.9166666667,1.194625,0.0,720.0,10736.8046875,52.8958333333
2014.0,11.0,25.0,23.0,10.34,50.612,1.6275,54.725,1.0,0.0,0.0,71.0833333333,1.199,0.0,720.0,10736.8046875,51.7083333333
2014.0,11.0,26.0,0.0,10.075,50.135,1.50083333333,55.1833333333,1.0,0.0,0.0,166.666666667,1.23875,0.0,720.0,10736.8046875,51.25
2014.0,11.0,26.0,1.0,10.1858333333,50.3345,1.34833333333,54.1833333333,1.0,0.0,0.0333333333333,180.5,1.222125,0.0,720.0,10736.8046875,51.1041666667
2014.0,11.0,26.0,2.0,9.78416666667,49.6115,1.9775,58.25,1.0,0.116666666667,0.816666666667,181.916666667,1.282375,0.0,720.0,10736.8046875,50.4791666667
2014.0,11.0,26.0,3.0,9.355,48.839,1.26,57.0416666667,1.0,1.04166666667,4.44166666667,167.25,1.34675,0.0,720.0,10736.8046875,50.8958333333
2014.0,11.0,26.0,4.0,8.755,47.759,1.27,59.3333333333,1.0,0.691666666667,3.74166666667,181.333333333,1.43675,0.0,720.0,10736.8046875,50.7083333333
2014.0,11.0,26.0,5.0,7.50833333333,45.515,2.53666666667,71.7333333333,1.0,0.216666666667,1.85,183.25,1.62375,0.0,720.0,10736.8046875,50.2916666667
2014.0,11.0,26.0,6.0,4.98,40.964,4.26,95.1333333333,1.0,0.45,3.23333333333,204.666666667,2.003,0.0,720.0,10736.8046875,49.6458333333
2014.0,11.0,26.0,7.0,4.27166666667,39.689,-15.7558333333,39.6666666667,2.5,1.11666666667,4.775,212.25,2.10925,0.0,720.0,10736.8046875,49.3125
2014.0,11.0,26.0,8.0,3.5275,38.3495,-47.8483333333,1.0,11.75,1.56666666667,6.40833333333,198.166666667,2.220875,0.0,720.0,10736.8046875,49.7708333333
2014.0,11.0,26.0,9.0,2.56833333333,36.623,-48.4433333333,1.0,16.25,1.125,4.79166666667,203.0,2.36475,0.0,720.0,10736.8046875,53.0208333333
2014.0,11.0,26.0,10.0,1.21916666667,34.1945,-49.285,1.0,22.4166666667,1.1,4.81666666667,167.166666667,2.567125,0.0,720.0,10736.8046875,53.9375
2014.0,11.0,26.0,11.0,0.580833333333,33.0455,-49.6808333333,1.0,18.3333333333,0.725,4.225,153.416666667,2.662875,0.0,720.0,10736.8046875,53.5625
2014.0,11.0,26.0,12.0,1.22,34.196,-49.2825,1.0,27.1666666667,1.46666666667,6.0,177.583333333,2.567,0.0,720.0,10736.8046875,54.9791666667
2014.0,11.0,26.0,13.0,1.4575,34.6235,-49.135,1.0,33.0,2.01666666667,7.4,173.916666667,2.531375,0.0,720.0,10736.8046875,53.9166666667
2014.0,11.0,26.0,14.0,1.63,34.934,-49.0291666667,1.0,25.8333333333,2.24166666667,7.34166666667,171.333333333,2.5055,0.0,720.0,10736.8046875,53.6041666667
2014.0,11.0,26.0,15.0,1.55166666667,34.793,-49.0758333333,1.0,9.91666666667,2.05833333333,7.525,164.25,2.51725,0.0,720.0,10736.8046875,54.6875
2014.0,11.0,26.0,16.0,1.4225,34.5605,-49.1566666667,1.0,1.83333333333,0.983333333333,5.25833333333,144.916666667,2.536625,0.0,720.0,10736.8046875,54.3333333333
2014.0,11.0,26.0,17.0,1.22083333333,34.1975,-49.2825,1.0,1.0,1.00833333333,5.76666666667,110.833333333,2.566875,0.0,720.0,10736.8046875,53.2291666667
2014.0,11.0,26.0,18.0,1.18583333333,34.1345,-49.3033333333,1.0,1.0,1.50833333333,6.48333333333,113.416666667,2.572125,0.0,720.0,10736.8046875,51.8958333333
2014.0,11.0,26.0,19.0,1.30916666667,34.3565,-49.2266666667,1.0,1.0,1.63333333333,7.95,110.5,2.553625,0.0,720.0,10736.8046875,51.5208333333
2014.0,11.0,26.0,20.0,1.1575,34.0835,-49.3208333333,1.0,1.0,0.808333333333,5.15833333333,114.916666667,2.576375,0.0,720.0,10736.8046875,51.0208333333
2014.0,11.0,26.0,21.0,1.46916666667,34.6445,-49.1266666667,1.0,1.0,0.516666666667,4.06666666667,114.666666667,2.529625,0.0,720.0,10736.8046875,49.9791666667
2014.0,11.0,26.0,22.0,2.0075,35.6135,-13.1275,54.3416666667,1.0,0.266666666667,2.80833333333,101.333333333,2.448875,0.0,720.0,10736.8046875,49.7708333333
2014.0,11.0,26.0,23.0,2.4475,36.4055,1.46583333333,93.2666666667,1.0,0.275,2.36666666667,75.0833333333,2.382875,0.0,720.0,10736.8046875,48.7916666667
2014.0,11.0,27.0,0.0,2.52333333333,36.542,0.8325,88.6,1.0,0.483333333333,3.025,72.1666666667,2.3715,0.0,720.0,10736.8046875,49.2083333333
2014.0,11.0,27.0,1.0,2.5175,36.5315,0.568333333333,86.9583333333,1.0,0.283333333333,2.51666666667,79.9166666667,2.372375,0.0,720.0,10736.8046875,48.7291666667
2014.0,11.0,27.0,2.0,2.60166666667,36.683,0.405833333333,85.4333333333,1.0,0.2,2.28333333333,77.25,2.35975,0.0,720.0,10736.8046875,48.8333333333
2014.0,11.0,27.0,3.0,2.45,36.41,0.634166666667,87.8666666667,1.0,0.2,2.15,69.4166666667,2.3825,0.0,720.0,10736.8046875,49.2083333333
2014.0,11.0,27.0,4.0,1.47666666667,34.658,1.32,98.9083333333,1.0,0.208333333333,1.75833333333,90.3333333333,2.5285,0.0,720.0,10736.8046875,48.625
2014.0,11.0,27.0,5.0,1.72583333333,35.1065,1.16416666667,96.075,1.0,0.183333333333,2.26666666667,105.0,2.491125,0.0,720.0,10736.8046875,49.0625
2014.0,11.0,27.0,6.0,1.87666666667,35.378,0.548333333333,90.9083333333,1.91666666667,0.166666666667,1.95833333333,92.9166666667,2.4685,0.0,720.0,10736.8046875,47.5208333333
2014.0,11.0,27.0,7.0,2.14,35.852,0.283333333333,87.5083333333,42.3333333333,0.0333333333333,1.04166666667,86.5833333333,2.429,0.0,720.0,10736.8046875,47.3958333333
2014.0,11.0,27.0,8.0,3.0275,37.4495,0.181666666667,81.5833333333,130.333333333,0.05,1.0,88.9166666667,2.295875,0.0,720.0,10736.8046875,46.7708333333
2014.0,11.0,27.0,9.0,3.59416666667,38.4695,-0.209166666667,76.1666666667,188.333333333,0.208333333333,1.70833333333,80.6666666667,2.210875,0.0,720.0,10736.8046875,47.6458333333
2014.0,11.0,27.0,10.0,4.665,40.397,-0.17,70.9166666667,274.666666667,0.275,2.6,103.0,2.05025,0.0,720.0,10736.8046875,48.2291666667
2014.0,11.0,27.0,11.0,4.46833333333,40.043,-0.359166666667,70.8333333333,225.666666667,0.283333333333,2.60833333333,94.25,2.07975,0.0,720.0,10736.8046875,49.5208333333
2014.0,11.0,27.0,12.0,4.4625,40.0325,-0.749166666667,68.8833333333,247.5,0.45,3.125,89.0,2.080625,0.0,720.0,10736.8046875,50.5416666667
2014.0,11.0,27.0,13.0,4.87333333333,40.772,-0.930833333333,66.0333333333,294.666666667,0.416666666667,3.16666666667,87.4166666667,2.019,0.0,720.0,10736.8046875,49.8958333333
2014.0,11.0,27.0,14.0,4.3675,39.8615,-0.860833333333,68.7833333333,133.083333333,0.325,2.675,99.0833333333,2.094875,0.0,720.0,10736.8046875,48.8125
2014.0,11.0,27.0,15.0,4.06833333333,39.323,-1.21833333333,68.45,89.1666666667,0.3,3.075,102.916666667,2.13975,0.0,720.0,10736.8046875,50.4791666667
2014.0,11.0,27.0,16.0,2.92666666667,37.268,-1.09666666667,74.825,3.33333333333,0.383333333333,3.21666666667,82.4166666667,2.311,0.0,720.0,10736.8046875,50.5833333333
2014.0,11.0,27.0,17.0,2.27416666667,36.0935,-1.21,77.7333333333,1.0,0.183333333333,1.93333333333,84.5833333333,2.408875,0.0,720.0,10736.8046875,50.5208333333
2014.0,11.0,27.0,18.0,1.865,35.357,-1.37583333333,79.075,1.0,0.183333333333,2.20833333333,81.1666666667,2.47025,0.0,720.0,10736.8046875,49.7916666667
2014.0,11.0,27.0,19.0,1.48,34.664,-1.8325,78.6083333333,1.0,0.05,1.14166666667,74.0833333333,2.528,0.0,720.0,10736.8046875,49.7083333333
2014.0,11.0,27.0,20.0,1.08166666667,33.947,-2.085,79.3833333333,1.0,0.0,0.508333333333,74.3333333333,2.58775,0.0,720.0,10736.8046875,49.375
2014.0,11.0,27.0,21.0,0.828333333333,33.491,-2.085,80.8666666667,1.0,0.0333333333333,0.633333333333,97.0833333333,2.62575,0.0,720.0,10736.8046875,50.3541666667
2014.0,11.0,27.0,22.0,0.42,32.756,-2.03833333333,83.5666666667,1.0,0.0,0.0,81.0833333333,2.687,0.0,720.0,10736.8046875,49.6666666667
2014.0,11.0,27.0,23.0,0.37,32.666,-1.93083333333,84.525,1.0,0.0,0.183333333333,72.8333333333,2.6945,0.0,720.0,10736.8046875,48.9791666667
2014.0,11.0,28.0,0.0,0.0766666666667,32.138,-1.975,86.0833333333,1.0,0.0,0.0,76.4166666667,2.7385,0.0,720.0,10736.8046875,49.125
2014.0,11.0,28.0,1.0,0.631666666667,33.137,-1.595,85.0333333333,1.0,0.0,0.55,80.5,2.65525,0.0,720.0,10736.8046875,48.75
2014.0,11.0,28.0,2.0,0.8575,33.5435,-1.13666666667,86.525,1.0,0.05,1.64166666667,85.0833333333,2.621375,0.0,720.0,10736.8046875,48.6458333333
2014.0,11.0,28.0,3.0,0.819166666667,33.4745,-1.54416666667,84.2,1.0,0.25,2.83333333333,77.3333333333,2.627125,0.0,720.0,10736.8046875,49.3958333333
2014.0,11.0,28.0,4.0,0.455833333333,32.8205,-2.7775,78.9333333333,1.0,0.258333333333,2.99166666667,80.5833333333,2.681625,0.0,720.0,10736.8046875,48.875
2014.0,11.0,28.0,5.0,0.344166666667,32.6195,-3.75833333333,73.925,1.0,1.0,4.44166666667,75.8333333333,2.698375,0.0,720.0,10736.8046875,49.4375
2014.0,11.0,28.0,6.0,0.198333333333,32.357,-3.98666666667,73.45,4.41666666667,0.541666666667,4.025,72.3333333333,2.72025,0.0,720.0,10736.8046875,47.4791666667
2014.0,11.0,28.0,7.0,1.39666666667,34.514,-4.44333333333,65.175,92.75,1.18333333333,5.55833333333,82.25,2.5405,0.0,720.0,10736.8046875,47.2916666667
2014.0,11.0,28.0,8.0,2.95833333333,37.325,-4.76666666667,56.875,244.666666667,0.841666666667,5.45833333333,98.3333333333,2.30625,0.0,720.0,10736.8046875,47.4375
2014.0,11.0,28.0,9.0,3.60416666667,38.4875,-5.18833333333,52.5833333333,374.333333333,0.858333333333,5.375,111.333333333,2.209375,0.0,720.0,10736.8046875,48.2083333333
2014.0,11.0,28.0,10.0,3.85083333333,38.9315,-6.40166666667,47.225,335.916666667,0.858333333333,4.775,98.25,2.172375,0.0,720.0,10736.8046875,49.3125
2014.0,11.0,28.0,11.0,3.0425,37.4765,-6.38833333333,50.1,306.083333333,0.958333333333,5.53333333333,90.6666666667,2.293625,0.0,720.0,10736.8046875,50.5833333333
2014.0,11.0,28.0,12.0,2.8525,37.1345,-7.5,46.475,441.916666667,1.46666666667,6.65,98.1666666667,2.322125,0.0,720.0,10736.8046875,50.75
2014.0,11.0,28.0,13.0,3.26166666667,37.871,-8.25166666667,42.5666666667,412.166666667,1.64166666667,6.60833333333,76.4166666667,2.26075,0.0,720.0,10736.8046875,49.7083333333
2014.0,11.0,28.0,14.0,2.65583333333,36.7805,-7.93083333333,45.6166666667,215.0,1.625,6.25833333333,72.8333333333,2.351625,0.0,720.0,10736.8046875,51.1875
2014.0,11.0,28.0,15.0,2.275,36.095,-7.90083333333,46.95,102.083333333,0.583333333333,4.19166666667,80.1666666667,2.40875,0.0,720.0,10736.8046875,51.3333333333
2014.0,11.0,28.0,16.0,0.819166666667,33.4745,-7.6075,53.2583333333,3.33333333333,0.416666666667,3.725,81.3333333333,2.627125,0.0,720.0,10736.8046875,52.3333333333
2014.0,11.0,28.0,17.0,0.365,32.657,-7.23833333333,56.6416666667,1.0,0.05,0.65,64.1666666667,2.69525,0.0,720.0,10736.8046875,52.1458333333
2014.0,11.0,28.0,18.0,0.140833333333,32.2535,-7.38333333333,56.9166666667,1.0,0.0,0.575,76.5,2.728875,0.0,720.0,10736.8046875,50.5416666667
2014.0,11.0,28.0,19.0,-0.144166666667,31.7405,-7.06416666667,59.575,1.0,0.0,0.141666666667,72.5,2.771625,0.0,720.0,10736.8046875,50.3958333333
2014.0,11.0,28.0,20.0,-0.445833333333,31.1975,-6.5175,63.525,1.0,0.0,0.35,60.4166666667,2.816875,0.0,720.0,10736.8046875,50.5208333333
2014.0,11.0,28.0,21.0,-0.681666666667,30.773,-6.69583333333,63.7416666667,1.0,0.0166666666667,0.266666666667,70.0,2.85225,0.0,720.0,10736.8046875,51.1875
2014.0,11.0,28.0,22.0,-0.8525,30.4655,-7.0875,62.6166666667,1.0,0.0,0.2,75.0,2.877875,0.0,720.0,10736.8046875,50.2291666667
2014.0,11.0,28.0,23.0,-1.04083333333,30.1265,-7.33083333333,62.3083333333,1.0,0.0,0.05,79.1666666667,2.906125,0.0,720.0,10736.8046875,50.4166666667
2014.0,11.0,29.0,0.0,-1.295,29.669,-7.45166666667,62.8916666667,1.0,0.0,0.0916666666667,83.8333333333,2.94425,0.0,0.0,10736.8046875,50.1666666667
2014.0,11.0,29.0,1.0,-1.62333333333,29.078,-7.22583333333,65.5916666667,1.0,0.0,0.0,62.5833333333,2.9935,0.0,0.0,10736.8046875,49.1041666667
2014.0,11.0,29.0,2.0,-1.84166666667,28.685,-7.42,65.6416666667,1.0,0.0,0.0166666666667,67.5,3.02625,0.0,0.0,10736.8046875,49.5208333333
2014.0,11.0,29.0,3.0,-2.18,28.076,-7.50833333333,66.85,1.0,0.0,0.0166666666667,73.3333333333,3.077,0.0,0.0,10736.8046875,49.3333333333
2014.0,11.0,29.0,4.0,-2.1625,28.1075,-7.775,65.4083333333,1.0,0.0,0.0,106.0,3.074375,0.0,0.0,10736.8046875,49.2916666667
2014.0,11.0,29.0,5.0,-1.87166666667,28.631,-7.88083333333,63.4833333333,1.0,0.0,0.0,113.416666667,3.03075,0.0,0.0,10736.8046875,49.3333333333
2014.0,11.0,29.0,6.0,-1.79416666667,28.7705,-7.54833333333,64.7833333333,3.33333333333,0.0,0.0,186.916666667,3.019125,0.0,0.0,10736.8046875,48.2291666667
2014.0,11.0,29.0,7.0,-1.12416666667,29.9765,-6.1025,68.9166666667,33.5833333333,0.0,0.0,241.416666667,2.918625,0.0,0.0,10736.8046875,47.4166666667
2014.0,11.0,29.0,8.0,-0.324166666667,31.4165,-5.5775,67.6416666667,53.0,0.0,0.0,303.333333333,2.798625,0.0,0.0,10736.8046875,47.7708333333
2014.0,11.0,29.0,9.0,-0.0433333333333,31.922,-6.14166666667,63.5,73.0833333333,0.0,0.0166666666667,293.333333333,2.7565,0.0,0.0,10736.8046875,48.75
2014.0,11.0,29.0,10.0,0.5875,33.0575,-6.53083333333,58.8583333333,76.5833333333,0.0,0.0166666666667,306.916666667,2.661875,0.0,0.0,10736.8046875,48.625
2014.0,11.0,29.0,11.0,0.760833333333,33.3695,-6.56333333333,57.9666666667,81.25,0.0,0.05,294.333333333,2.635875,0.0,0.0,10736.8046875,48.9791666667
2014.0,11.0,29.0,12.0,1.67,35.006,-6.51166666667,54.5166666667,159.25,0.0,0.25,300.166666667,2.4995,0.0,0.0,10736.8046875,48.7291666667
2014.0,11.0,29.0,13.0,2.58083333333,36.6455,-6.7225,50.2666666667,188.916666667,0.0,0.458333333333,292.666666667,2.362875,0.0,0.0,10736.8046875,49.9583333333
2014.0,11.0,29.0,14.0,3.21833333333,37.793,-6.23333333333,49.9083333333,203.583333333,0.0333333333333,0.825,294.666666667,2.26725,0.0,0.0,10736.8046875,50.1666666667
2014.0,11.0,29.0,15.0,2.53583333333,36.5645,-5.61916666667,54.8833333333,46.25,0.0666666666667,1.34166666667,301.333333333,2.369625,0.0,0.0,10736.8046875,51.6666666667
2014.0,11.0,29.0,16.0,2.39666666667,36.314,-4.4375,60.6166666667,3.58333333333,0.1,1.55,297.083333333,2.3905,0.0,0.0,10736.8046875,50.9583333333
2014.0,11.0,29.0,17.0,2.14833333333,35.867,-4.19,62.85,1.0,0.0166666666667,0.666666666667,280.583333333,2.42775,0.0,0.0,10736.8046875,51.4375
2014.0,11.0,29.0,18.0,2.25916666667,36.0665,-4.44416666667,61.1833333333,1.0,0.0833333333333,1.475,272.666666667,2.411125,0.0,0.0,10736.8046875,50.9583333333
2014.0,11.0,29.0,19.0,2.31416666667,36.1655,-3.7575,64.1666666667,1.0,0.0333333333333,1.13333333333,290.166666667,2.402875,0.0,0.0,10736.8046875,51.125
2014.0,11.0,29.0,20.0,3.01666666667,37.43,-2.545,66.8083333333,1.0,0.0,0.0,288.5,2.2975,0.0,0.0,10736.8046875,50.7083333333
2014.0,11.0,29.0,21.0,3.77333333333,38.792,-1.32,69.325,1.0,0.0166666666667,0.233333333333,303.833333333,2.184,0.0,0.0,10736.8046875,50.8333333333
2014.0,11.0,29.0,22.0,4.8,40.64,-0.349166666667,69.25,1.0,0.0,0.566666666667,308.0,2.03,0.0,0.0,10736.8046875,50.7291666667
2014.0,11.0,29.0,23.0,5.79916666667,42.4385,0.459166666667,68.5,1.0,0.0166666666667,0.725,302.666666667,1.880125,0.0,0.0,10736.8046875,50.0625
2014.0,11.0,30.0,0.0,6.93,44.474,1.01416666667,65.95,1.0,0.15,2.05833333333,275.083333333,1.7105,0.0,0.0,10736.8046875,50.1666666667
2014.0,11.0,30.0,1.0,6.93833333333,44.489,1.30333333333,67.2916666667,1.0,0.0166666666667,0.941666666667,326.416666667,1.70925,0.0,0.0,10736.8046875,49.9583333333
2014.0,11.0,30.0,2.0,6.775,44.195,1.34083333333,68.2416666667,1.0,0.175,2.89166666667,202.0,1.73375,0.0,0.0,10736.8046875,50.2916666667
2014.0,11.0,30.0,3.0,6.2275,43.2095,1.425,71.3,1.0,0.0666666666667,1.45833333333,286.833333333,1.815875,0.0,0.0,10736.8046875,50.6041666667
2014.0,11.0,30.0,4.0,6.26333333333,43.274,1.62833333333,72.1666666667,1.0,0.308333333333,3.075,318.083333333,1.8105,0.0,0.0,10736.8046875,50.4791666667
2014.0,11.0,30.0,5.0,6.1625,43.0925,1.83416666667,73.75,1.0,0.216666666667,2.33333333333,311.583333333,1.825625,0.0,0.0,10736.8046875,50.0208333333
2014.0,11.0,30.0,6.0,5.83166666667,42.497,1.99,76.3,4.66666666667,0.05,1.35833333333,226.916666667,1.87525,0.0,0.0,10736.8046875,48.625
2014.0,11.0,30.0,7.0,7.29333333333,45.128,1.58833333333,67.1,90.3333333333,0.1,1.46666666667,325.416666667,1.656,0.0,0.0,10736.8046875,48.25
2014.0,11.0,30.0,8.0,8.655,47.579,1.55333333333,61.05,201.916666667,0.141666666667,2.01666666667,74.5833333333,1.45175,0.0,0.0,10736.8046875,48.625
2014.0,11.0,30.0,9.0,9.94,49.892,1.53,55.8833333333,326.333333333,0.2,2.45833333333,82.75,1.259,0.0,0.0,10736.8046875,49.1458333333
2014.0,11.0,30.0,10.0,11.0075,51.8135,2.18916666667,54.5,326.75,0.333333333333,2.74166666667,96.0833333333,1.098875,0.0,0.0,10736.8046875,49.6666666667
2014.0,11.0,30.0,11.0,12.525,54.545,2.74916666667,51.3,298.0,0.0666666666667,1.15,60.1666666667,0.87125,0.0,0.0,10736.8046875,50.0208333333
2014.0,11.0,30.0,12.0,13.0525,55.4945,3.46916666667,52.1583333333,200.166666667,0.075,1.14166666667,74.9166666667,0.792125,0.0,0.0,10736.8046875,50.5833333333
2014.0,11.0,30.0,13.0,12.4666666667,54.44,3.95166666667,56.0333333333,129.416666667,0.225,2.29166666667,49.4166666667,0.88,0.0,0.0,10736.8046875,50.3541666667
2014.0,11.0,30.0,14.0,13.3291666667,55.9925,4.6725,55.7083333333,90.0,0.0,0.4,34.1666666667,0.750625,0.0,0.0,10736.8046875,50.3125
2014.0,11.0,30.0,15.0,13.2141666667,55.7855,5.20083333333,58.225,20.5833333333,0.0,0.466666666667,213.333333333,0.767875,0.0,0.0,10736.8046875,52.2083333333
2014.0,11.0,30.0,16.0,12.965,55.337,5.64083333333,61.025,1.25,0.0,0.05,330.833333333,0.80525,0.0,0.0,10736.8046875,52.875
2014.0,11.0,30.0,17.0,12.9641666667,55.3355,6.0125,62.6166666667,1.0,0.0,0.0166666666667,320.25,0.805375,0.0,0.0,10736.8046875,53.375
2014.0,11.0,30.0,18.0,13.0125,55.4225,6.36833333333,63.975,1.0,0.0,0.25,278.916666667,0.798125,0.0,0.0,10736.8046875,53.8125
2014.0,11.0,30.0,19.0,12.96,55.328,6.55,64.9916666667,1.0,0.0,0.183333333333,160.25,0.806,0.0,0.0,10736.8046875,53.4166666667
2014.0,11.0,30.0,20.0,12.7058333333,54.8705,6.5475,66.075,1.0,0.0166666666667,0.433333333333,64.8333333333,0.844125,0.0,0.0,10736.8046875,53.7708333333
2014.0,11.0,30.0,21.0,12.6391666667,54.7505,6.77833333333,67.425,1.0,0.241666666667,2.61666666667,77.5833333333,0.854125,0.0,0.0,10736.8046875,52.9583333333
2014.0,11.0,30.0,22.0,13.3141666667,55.9655,7.37166666667,67.2,1.0,0.65,3.58333333333,49.3333333333,0.752875,0.0,0.0,10736.8046875,53.1666666667
2014.0,11.0,30.0,23.0,13.4633333333,56.234,7.6475,67.825,1.0,0.35,3.04166666667,54.3333333333,0.7305,0.0,0.0,10736.8046875,54.0833333333
2014.0,12.0,1.0,0.0,13.4575,56.2235,7.75083333333,68.325,1.0,0.1,1.45833333333,45.25,0.731375,0.0,720.0,10736.8046875,53.0416666667
2014.0,12.0,1.0,1.0,12.9875,55.3775,7.7225,70.3166666667,1.0,0.0333333333333,0.908333333333,54.75,0.801875,0.0,720.0,10736.8046875,52.625
2014.0,12.0,1.0,2.0,12.1241666667,53.8235,7.68583333333,74.2333333333,1.0,0.0,0.0916666666667,70.1666666667,0.931375,0.0,720.0,10736.8046875,52.0416666667
2014.0,12.0,1.0,3.0,11.605,52.889,7.69166666667,76.8416666667,1.0,0.183333333333,1.93333333333,51.6666666667,1.00925,0.0,720.0,10736.8046875,52.9583333333
2014.0,12.0,1.0,4.0,11.1608333333,52.0895,7.6675,79.0083333333,1.0,0.0666666666667,0.908333333333,58.5,1.075875,0.0,720.0,10736.8046875,52.4583333333
2014.0,12.0,1.0,5.0,10.7483333333,51.347,7.64583333333,81.075,1.0,0.0,0.166666666667,51.6666666667,1.13775,0.0,720.0,10736.8046875,52.3541666667
2014.0,12.0,1.0,6.0,10.2791666667,50.5025,7.5725,83.2416666667,3.08333333333,0.0,0.416666666667,40.25,1.208125,0.0,720.0,10736.8046875,49.9166666667
2014.0,12.0,1.0,7.0,11.2625,52.2725,7.5225,77.8,53.0833333333,0.0333333333333,0.825,52.0833333333,1.060625,0.0,720.0,10736.8046875,50.875
2014.0,12.0,1.0,8.0,13.2325,55.8185,7.50083333333,68.2,203.75,0.266666666667,1.75833333333,53.8333333333,0.765125,0.0,720.0,10736.8046875,51.9166666667
2014.0,12.0,1.0,9.0,15.1858333333,59.3345,8.09833333333,62.65,291.833333333,0.258333333333,2.41666666667,51.6666666667,0.472125,0.0,720.0,10736.8046875,54.75
2014.0,12.0,1.0,10.0,15.8,60.44,8.61583333333,62.7166666667,276.25,0.283333333333,2.075,100.25,0.398583333333,0.0185833333333,720.0,10736.8046875,56.1666666667
2014.0,12.0,1.0,11.0,17.4583333333,63.425,9.3075,58.7666666667,294.166666667,0.0666666666667,1.175,39.0833333333,0.137333333333,0.00608333333333,720.0,10736.8046875,56.0833333333
2014.0,12.0,1.0,12.0,18.3591666667,65.0465,10.08,58.4583333333,184.5,0.0666666666667,0.816666666667,43.8333333333,0.028125,0.032,720.0,10736.8046875,56.125
2014.0,12.0,1.0,13.0,18.0266666667,64.448,10.4241666667,61.0583333333,89.9166666667,0.05,1.125,54.25,0.046,0.0,720.0,10736.8046875,56.1458333333
2014.0,12.0,1.0,14.0,17.7166666667,63.89,10.5558333333,62.8166666667,42.75,0.1,1.2,53.8333333333,0.0925,0.0,720.0,10736.8046875,57.125
2014.0,12.0,1.0,15.0,17.3975,63.3155,10.5416666667,64.025,11.25,0.0,0.0,57.1666666667,0.140375,0.0,720.0,10736.8046875,57.4166666667
2014.0,12.0,1.0,16.0,14.5875,58.2575,10.7683333333,78.425,1.0,1.06666666667,5.55833333333,107.666666667,0.561875,0.0,720.0,10736.8046875,57.0833333333
2014.0,12.0,1.0,17.0,9.93083333333,49.8755,9.375,96.3,1.0,1.025,6.025,147.0,1.260375,0.0,720.0,10736.8046875,56.125
2014.0,12.0,1.0,18.0,8.135,46.643,6.39083333333,88.7166666667,1.0,1.91666666667,7.61666666667,171.083333333,1.52975,0.0,720.0,10736.8046875,54.6458333333
2014.0,12.0,1.0,19.0,6.9225,44.4605,5.08083333333,88.1166666667,1.0,1.65833333333,5.68333333333,164.5,1.711625,0.0,720.0,10736.8046875,54.4375
2014.0,12.0,1.0,20.0,6.44916666667,43.6085,4.735,88.9,1.0,0.658333333333,3.775,177.833333333,1.782625,0.0,720.0,10736.8046875,53.3333333333
2014.0,12.0,1.0,21.0,6.23333333333,43.22,3.7925,84.3666666667,1.0,0.983333333333,4.11666666667,177.0,1.815,0.0,720.0,10736.8046875,53.1666666667
2014.0,12.0,1.0,22.0,5.88333333333,42.59,0.684166666667,69.4666666667,1.0,1.58333333333,6.18333333333,157.666666667,1.8675,0.0,720.0,10736.8046875,52.6458333333
2014.0,12.0,1.0,23.0,5.365,41.657,-1.435,61.5,1.0,1.58333333333,6.06666666667,170.583333333,1.94525,0.0,720.0,10736.8046875,52.2916666667
2014.0,12.0,2.0,0.0,4.95166666667,40.913,-2.21333333333,59.8416666667,1.0,1.50833333333,5.425,163.833333333,2.00725,0.0,720.0,10736.8046875,52.125
2014.0,12.0,2.0,1.0,4.32333333333,39.782,-4.08083333333,54.3333333333,1.0,1.74166666667,6.14166666667,158.75,2.1015,0.0,720.0,10736.8046875,51.5208333333
2014.0,12.0,2.0,2.0,3.75166666667,38.753,-3.66166666667,58.4,1.0,1.79166666667,6.35,163.583333333,2.18725,0.0,720.0,10736.8046875,50.625
2014.0,12.0,2.0,3.0,3.4175,38.1515,-3.43666666667,60.8,1.0,1.03333333333,4.73333333333,185.25,2.237375,0.0,720.0,10736.8046875,51.4583333333
2014.0,12.0,2.0,4.0,3.28583333333,37.9145,-4.24333333333,57.725,1.0,1.28333333333,5.49166666667,185.666666667,2.257125,0.0,720.0,10736.8046875,50.5625
2014.0,12.0,2.0,5.0,3.30416666667,37.9475,-4.28333333333,57.475,1.0,0.708333333333,3.89166666667,192.0,2.254375,0.0,720.0,10736.8046875,51.3541666667
2014.0,12.0,2.0,6.0,3.34166666667,38.015,-4.1175,58.05,1.08333333333,0.583333333333,3.51666666667,191.833333333,2.24875,0.0,720.0,10736.8046875,50.4166666667
2014.0,12.0,2.0,7.0,3.41083333333,38.1395,-3.99833333333,58.2833333333,46.3333333333,0.95,4.63333333333,201.583333333,2.238375,0.0,720.0,10736.8046875,50.9791666667
2014.0,12.0,2.0,8.0,3.75333333333,38.756,-3.66916666667,58.325,61.75,0.758333333333,4.1,197.583333333,2.187,0.0,720.0,10736.8046875,52.5833333333
2014.0,12.0,2.0,9.0,3.33666666667,38.006,-3.425,61.2916666667,60.9166666667,1.1,4.98333333333,229.333333333,2.2495,0.0,720.0,10736.8046875,54.2916666667
2014.0,12.0,2.0,10.0,2.82083333333,37.0775,-1.77083333333,72.0166666667,69.4166666667,0.458333333333,3.04166666667,198.583333333,2.326875,0.0,720.0,10736.8046875,56.1666666667
2014.0,12.0,2.0,11.0,1.8675,35.3615,-0.981666666667,81.4833333333,50.25,0.2,2.23333333333,192.5,2.469875,0.0,720.0,10736.8046875,56.8541666667
2014.0,12.0,2.0,12.0,1.32833333333,34.391,0.404166666667,93.6416666667,48.3333333333,0.791666666667,4.16666666667,195.25,2.55075,0.0,720.0,10736.8046875,56.9583333333
2014.0,12.0,2.0,13.0,1.6225,34.9205,-0.0558333333333,88.6416666667,42.0833333333,1.19166666667,5.05833333333,190.083333333,2.506625,0.0,720.0,10736.8046875,56.5208333333
2014.0,12.0,2.0,14.0,1.10583333333,33.9905,0.8975,98.575,16.4166666667,0.9,4.55833333333,175.25,2.584125,0.0,720.0,10736.8046875,55.8333333333
2014.0,12.0,2.0,15.0,1.5,34.7,1.4975,100.0,7.58333333333,0.991666666667,4.48333333333,187.333333333,2.525,0.0,720.0,10736.8046875,57.0833333333
2014.0,12.0,2.0,16.0,2.18083333333,35.9255,2.17916666667,100.0,1.0,0.566666666667,4.08333333333,186.833333333,2.422875,0.0,720.0,10736.8046875,56.7916666667
2014.0,12.0,2.0,17.0,2.97166666667,37.349,2.97166666667,100.0,1.0,0.483333333333,3.49166666667,190.333333333,2.30425,0.0,720.0,10736.8046875,56.6458333333
2014.0,12.0,2.0,18.0,3.9225,39.0605,3.92416666667,100.0,1.0,0.233333333333,2.31666666667,207.833333333,2.161625,0.0,720.0,10736.8046875,54.0625
2014.0,12.0,2.0,19.0,4.9025,40.8245,4.905,100.0,1.0,0.0833333333333,1.58333333333,192.916666667,2.014625,0.0,720.0,10736.8046875,54.2708333333
2014.0,12.0,2.0,20.0,5.60583333333,42.0905,5.61,100.0,1.0,0.0333333333333,0.741666666667,161.666666667,1.909125,0.0,720.0,10736.8046875,53.7083333333
2014.0,12.0,2.0,21.0,5.67666666667,42.218,-1.63833333333,69.1833333333,1.0,0.233333333333,1.6,144.666666667,1.8985,0.0,720.0,10736.8046875,54.2083333333
2014.0,12.0,2.0,22.0,5.51,41.918,-45.1783333333,1.41666666667,1.0,0.175,1.29166666667,203.0,1.9235,0.0,720.0,10736.8046875,52.875
2014.0,12.0,2.0,23.0,6.6875,44.0375,-45.8933333333,1.0,1.0,0.0166666666667,0.65,198.666666667,1.746875,0.0,720.0,10736.8046875,52.1666666667
2014.0,12.0,3.0,0.0,6.7225,44.1005,-45.8716666667,1.0,1.0,0.0,0.05,193.833333333,1.741625,0.0,720.0,10736.8046875,51.9583333333
2014.0,12.0,3.0,1.0,6.5125,43.7225,-46.0008333333,1.0,1.0,0.075,0.9,111.583333333,1.773125,0.0,720.0,10736.8046875,52.3958333333
2014.0,12.0,3.0,2.0,5.97666666667,42.758,-46.3308333333,1.0,1.0,0.0,0.125,52.9166666667,1.8535,0.0,720.0,10736.8046875,52.2291666667
2014.0,12.0,3.0,3.0,5.52416666667,41.9435,-46.6116666667,1.0,1.0,0.0,0.208333333333,47.9166666667,1.921375,0.0,720.0,10736.8046875,52.8958333333
2014.0,12.0,3.0,4.0,4.85666666667,40.742,-47.0258333333,1.0,1.0,0.141666666667,1.45833333333,47.9166666667,2.0215,0.0,720.0,10736.8046875,52.3541666667
2014.0,12.0,3.0,5.0,4.52583333333,40.1465,-47.23,1.0,1.0,0.375,2.59166666667,54.3333333333,2.071125,0.0,720.0,10736.8046875,52.4375
2014.0,12.0,3.0,6.0,4.1775,39.5195,-47.445,1.0,1.08333333333,0.516666666667,3.325,79.6666666667,2.123375,0.0,720.0,10736.8046875,50.875
2014.0,12.0,3.0,7.0,4.3775,39.8795,2.57416666667,92.6416666667,8.25,0.05,1.1,49.3333333333,2.093375,0.0,720.0,10736.8046875,51.0416666667
2014.0,12.0,3.0,8.0,4.88833333333,40.799,4.74416666667,98.9916666667,26.8333333333,0.5,3.13333333333,54.0,2.01675,0.0,720.0,10736.8046875,48.0961538462
2014.0,12.0,3.0,9.0,6.0325,42.8585,5.5575,96.7583333333,80.6666666667,0.425,2.70833333333,68.8333333333,1.845125,0.0,720.0,10736.8046875,54.2708333333
2014.0,12.0,3.0,10.0,6.24666666667,43.244,5.58083333333,95.4666666667,34.3333333333,0.5,3.39166666667,47.9166666667,1.813,0.0,720.0,10736.8046875,55.75
2014.0,12.0,3.0,11.0,6.23333333333,43.22,6.015,98.4833333333,26.75,0.833333333333,3.81666666667,48.3333333333,1.815,0.0,720.0,10736.8046875,57.0416666667
2014.0,12.0,3.0,12.0,6.46666666667,43.64,5.8775,96.65,25.6666666667,0.466666666667,2.9,70.4166666667,1.78,0.0,720.0,10736.8046875,58.3958333333
2014.0,12.0,3.0,13.0,7.05333333333,44.696,-32.5091666667,13.725,47.3333333333,0.433333333333,2.93333333333,168.0,1.692,0.0,720.0,10736.8046875,58.4791666667
2014.0,12.0,3.0,14.0,7.7375,45.9275,-45.2458333333,1.0,48.3333333333,0.4,2.96666666667,34.6666666667,1.589375,0.0,720.0,10736.8046875,57.3333333333
2014.0,12.0,3.0,15.0,7.84083333333,46.1135,-45.18,1.0,6.41666666667,1.34166666667,4.93333333333,55.8333333333,1.573875,0.0,720.0,10736.8046875,58.8541666667
2014.0,12.0,3.0,16.0,8.0375,46.4675,-15.285,53.0666666667,1.0,0.683333333333,3.65833333333,60.9166666667,1.544375,0.0,720.0,10736.8046875,59.0625
2014.0,12.0,3.0,17.0,8.015,46.427,7.3675,95.65,1.0,0.666666666667,3.875,68.8333333333,1.54775,0.0,720.0,10736.8046875,58.6041666667
2014.0,12.0,3.0,18.0,7.59666666667,45.674,5.88416666667,88.8583333333,1.0,0.116666666667,1.80833333333,77.75,1.6105,0.0,720.0,10736.8046875,58.3958333333
2014.0,12.0,3.0,19.0,6.68416666667,44.0315,3.90416666667,82.4333333333,1.0,0.483333333333,3.3,82.9166666667,1.747375,0.0,720.0,10736.8046875,55.8125
2014.0,12.0,3.0,20.0,6.09083333333,42.9635,2.02083333333,75.1166666667,1.0,0.566666666667,3.99166666667,81.3333333333,1.836375,0.0,720.0,10736.8046875,55.0625
2014.0,12.0,3.0,21.0,5.50333333333,41.906,-0.1225,67.0583333333,1.0,0.541666666667,3.775,81.0833333333,1.9245,0.0,720.0,10736.8046875,54.4166666667
2014.0,12.0,3.0,22.0,4.89583333333,40.8125,-1.71916666667,62.2166666667,1.0,0.708333333333,4.03333333333,77.3333333333,2.015625,0.0,720.0,10736.8046875,53.0208333333
2014.0,12.0,3.0,23.0,4.22333333333,39.602,-2.22083333333,62.8416666667,1.0,0.525,3.78333333333,84.5833333333,2.1165,0.0,720.0,10736.8046875,52.0
2014.0,12.0,4.0,0.0,3.59166666667,38.465,-2.62333333333,63.7833333333,1.0,0.183333333333,1.99166666667,78.4166666667,2.21125,0.0,720.0,10736.8046875,51.5625
2014.0,12.0,4.0,1.0,3.06833333333,37.523,-2.39833333333,67.3166666667,1.0,0.0,0.4,57.9166666667,2.28975,0.0,720.0,10736.8046875,51.4166666667
2014.0,12.0,4.0,2.0,2.66,36.788,-2.18833333333,70.3666666667,1.0,0.0,0.175,58.25,2.351,0.0,720.0,10736.8046875,51.1666666667
2014.0,12.0,4.0,3.0,2.35,36.23,-2.20083333333,71.875,1.0,0.191666666667,1.45,62.3333333333,2.3975,0.0,720.0,10736.8046875,51.5833333333
2014.0,12.0,4.0,4.0,1.95666666667,35.522,-2.35916666667,73.05,1.0,0.216666666667,1.925,60.25,2.4565,0.0,720.0,10736.8046875,50.8958333333
2014.0,12.0,4.0,5.0,1.5775,34.8395,-2.30166666667,75.3916666667,1.0,0.725,3.29166666667,61.5833333333,2.513375,0.0,720.0,10736.8046875,50.7291666667
2014.0,12.0,4.0,6.0,1.14333333333,34.058,-2.39416666667,77.2416666667,3.0,0.208333333333,1.76666666667,59.6666666667,2.5785,0.0,720.0,10736.8046875,49.375
2014.0,12.0,4.0,7.0,2.05333333333,35.696,-2.53333333333,71.6833333333,70.75,0.05,0.916666666667,56.0,2.442,0.0,720.0,10736.8046875,49.9166666667
2014.0,12.0,4.0,8.0,3.34333333333,38.018,-2.60333333333,65.0416666667,211.333333333,0.533333333333,2.69166666667,53.75,2.2485,0.0,720.0,10736.8046875,51.8541666667
2014.0,12.0,4.0,9.0,4.46083333333,40.0295,-2.69333333333,59.7083333333,235.416666667,0.3,2.05,56.75,2.080875,0.0,720.0,10736.8046875,54.3958333333
2014.0,12.0,4.0,10.0,6.9775,44.5595,-3.55083333333,47.1083333333,420.416666667,0.183333333333,2.275,63.6666666667,1.703375,0.0,720.0,10736.8046875,56.8333333333
2014.0,12.0,4.0,11.0,7.65833333333,45.785,-3.63666666667,44.6,409.916666667,0.216666666667,2.05833333333,80.75,1.60125,0.0,720.0,10736.8046875,58.0416666667
2014.0,12.0,4.0,12.0,6.9275,44.4695,-3.28666666667,48.1416666667,391.916666667,0.275,2.825,88.0833333333,1.710875,0.0,720.0,10736.8046875,57.5625
2014.0,12.0,4.0,13.0,6.79916666667,44.2385,-2.9125,49.925,210.25,0.2,2.4,80.0833333333,1.730125,0.0,720.0,10736.8046875,57.1458333333
2014.0,12.0,4.0,14.0,6.66333333333,43.994,-2.92083333333,50.3583333333,143.5,0.0833333333333,1.53333333333,106.916666667,1.7505,0.0,720.0,10736.8046875,59.2708333333
2014.0,12.0,4.0,15.0,5.87666666667,42.578,-2.99583333333,52.8833333333,58.5833333333,0.0666666666667,1.50833333333,78.3333333333,1.8685,0.0,720.0,10736.8046875,59.0
2014.0,12.0,4.0,16.0,4.97166666667,40.949,-3.17083333333,55.5833333333,2.91666666667,0.0333333333333,1.0,118.25,2.00425,0.0,720.0,10736.8046875,61.4375
2014.0,12.0,4.0,17.0,4.78083333333,40.6055,-2.78333333333,57.9666666667,1.0,0.0,0.358333333333,150.166666667,2.032875,0.0,720.0,10736.8046875,58.8125
2014.0,12.0,4.0,18.0,4.8675,40.7615,-2.90833333333,57.0833333333,1.0,0.0166666666667,0.925,122.333333333,2.019875,0.0,720.0,10736.8046875,58.1666666667
2014.0,12.0,4.0,19.0,4.49916666667,40.0985,-2.89916666667,58.6166666667,1.0,0.0,0.3,159.666666667,2.075125,0.0,720.0,10736.8046875,58.0833333333
2014.0,12.0,4.0,20.0,4.53416666667,40.1615,-2.87083333333,58.5916666667,1.0,0.0166666666667,0.583333333333,167.583333333,2.069875,0.0,720.0,10736.8046875,56.5416666667
2014.0,12.0,4.0,21.0,4.5025,40.1045,-3.43583333333,56.3333333333,1.0,0.133333333333,1.46666666667,184.333333333,2.074625,0.0,720.0,10736.8046875,54.2083333333
2014.0,12.0,4.0,22.0,4.28,39.704,-4.25,53.8,1.0,0.533333333333,3.03333333333,200.25,2.108,0.0,720.0,10736.8046875,52.625
2014.0,12.0,4.0,23.0,3.87583333333,38.9765,-4.45916666667,54.4833333333,1.0,0.458333333333,2.975,203.166666667,2.168625,0.0,720.0,10736.8046875,51.6041666667
2014.0,12.0,5.0,0.0,3.74583333333,38.7425,-4.76083333333,53.7416666667,1.0,0.116666666667,1.14166666667,206.166666667,2.188125,0.0,720.0,10736.8046875,51.5208333333
2014.0,12.0,5.0,1.0,3.49833333333,38.297,-4.775,54.6333333333,1.0,0.133333333333,2.01666666667,196.333333333,2.22525,0.0,720.0,10736.8046875,50.7291666667
2014.0,12.0,5.0,2.0,3.15833333333,37.685,-4.6025,56.7,1.0,0.216666666667,2.1,186.0,2.27625,0.0,720.0,10736.8046875,50.6458333333
2014.0,12.0,5.0,3.0,2.39,36.302,-4.30166666667,61.2666666667,1.0,0.691666666667,3.39166666667,201.166666667,2.3915,0.0,720.0,10736.8046875,50.625
2014.0,12.0,5.0,4.0,2.21,35.978,-3.60166666667,65.4,1.0,0.775,3.925,200.166666667,2.4185,0.0,720.0,10736.8046875,50.5625
2014.0,12.0,5.0,5.0,2.255,36.059,-3.35333333333,66.4166666667,1.0,0.791666666667,3.925,200.0,2.41175,0.0,720.0,10736.8046875,50.0416666667
2014.0,12.0,5.0,6.0,2.195,35.951,-3.25666666667,67.175,2.25,1.03333333333,4.66666666667,201.583333333,2.42075,0.0,720.0,10736.8046875,49.0625
2014.0,12.0,5.0,7.0,2.6175,36.7115,-2.72416666667,67.8166666667,26.3333333333,0.633333333333,3.68333333333,196.583333333,2.357375,0.0,720.0,10736.8046875,49.0625
2014.0,12.0,5.0,8.0,3.4,38.12,-2.08833333333,67.2583333333,94.3333333333,0.783333333333,4.40833333333,205.083333333,2.24,0.0,720.0,10736.8046875,49.5
2014.0,12.0,5.0,9.0,4.43,39.974,-0.880833333333,68.375,139.916666667,0.533333333333,4.275,216.333333333,2.0855,0.0,720.0,10736.8046875,53.3958333333
2014.0,12.0,5.0,10.0,5.12333333333,41.222,0.4675,71.8583333333,114.666666667,0.05,1.46666666667,207.583333333,1.9815,0.0,720.0,10736.8046875,55.0416666667
2014.0,12.0,5.0,11.0,5.83,42.494,1.4775,73.575,88.0,0.05,0.95,201.0,1.8755,0.0,720.0,10736.8046875,55.4166666667
2014.0,12.0,5.0,12.0,6.52916666667,43.7525,2.25083333333,74.0833333333,97.6666666667,0.0,0.5,193.166666667,1.770625,0.0,720.0,10736.8046875,55.6458333333
2014.0,12.0,5.0,13.0,7.24666666667,45.044,2.83583333333,73.525,107.166666667,0.0166666666667,0.4,185.083333333,1.663,0.0,720.0,10736.8046875,55.7083333333
2014.0,12.0,5.0,14.0,7.19083333333,44.9435,3.24166666667,75.9333333333,40.0833333333,0.0,0.0166666666667,174.583333333,1.671375,0.0,720.0,10736.8046875,56.75
2014.0,12.0,5.0,15.0,6.8825,44.3885,3.41583333333,78.5333333333,12.9166666667,0.0,0.283333333333,149.0,1.717625,0.0,720.0,10736.8046875,56.6875
2014.0,12.0,5.0,16.0,6.54166666667,43.775,3.83916666667,82.8333333333,1.08333333333,0.0,0.133333333333,111.75,1.76875,0.0,720.0,10736.8046875,57.9166666667
2014.0,12.0,5.0,17.0,6.26583333333,43.2785,3.40416666667,81.8666666667,1.0,0.0,0.2,112.166666667,1.810125,0.0,720.0,10736.8046875,56.9583333333
2014.0,12.0,5.0,18.0,5.61333333333,42.104,4.15833333333,90.5,1.0,0.0333333333333,0.691666666667,106.916666667,1.908,0.0,720.0,10736.8046875,54.1666666667
2014.0,12.0,5.0,19.0,4.85166666667,40.733,4.76416666667,99.3833333333,1.0,0.0,0.0,149.75,2.02225,0.0,720.0,10736.8046875,54.125
2014.0,12.0,5.0,20.0,4.6975,40.4555,-8.86416666667,71.2333333333,1.0,0.0,0.241666666667,123.416666667,2.045375,0.0,720.0,10736.8046875,52.6875
2014.0,12.0,5.0,21.0,4.54,40.172,-47.2208333333,1.0,1.0,0.0333333333333,0.641666666667,168.166666667,2.069,0.0,720.0,10736.8046875,53.0
2014.0,12.0,5.0,22.0,4.4525,40.0145,-47.2741666667,1.0,1.0,0.0,0.216666666667,183.666666667,2.082125,0.0,720.0,10736.8046875,52.6041666667
2014.0,12.0,5.0,23.0,4.8,40.64,-47.0591666667,1.0,1.0,0.0,0.0,192.916666667,2.03,0.0,720.0,10736.8046875,51.8333333333
2014.0,12.0,6.0,0.0,4.86,40.748,-47.0225,1.0,1.0,0.0,0.0,201.75,2.021,0.0,0.0,10736.8046875,51.2083333333
2014.0,12.0,6.0,1.0,4.87333333333,40.772,-47.0125,1.0,1.0,0.0,0.0666666666667,200.916666667,2.019,0.0,0.0,10736.8046875,51.0416666667
2014.0,12.0,6.0,2.0,5.115,41.207,-46.8625,1.0,1.0,0.0,0.0,310.5,1.98275,0.0,0.0,10736.8046875,50.6875
2014.0,12.0,6.0,3.0,5.36,41.648,-46.7133333333,1.0,1.0,0.0,0.0,312.166666667,1.946,0.0,0.0,10736.8046875,51.1041666667
2014.0,12.0,6.0,4.0,5.60916666667,42.0965,-37.0358333333,13.8833333333,1.0,0.0,0.0,301.583333333,1.908625,0.0,0.0,10736.8046875,50.625
2014.0,12.0,6.0,5.0,6.16416666667,43.0955,5.80666666667,97.525,1.0,0.0,0.0,310.5,1.825375,0.0,0.0,10736.8046875,51.0625
2014.0,12.0,6.0,6.0,6.87083333333,44.3675,5.97166666667,93.9583333333,1.0,0.0,0.0,314.666666667,1.719375,0.0,0.0,10736.8046875,49.875
2014.0,12.0,6.0,7.0,7.19416666667,44.9495,6.0575,92.4333333333,17.25,0.0,0.208333333333,320.166666667,1.670875,0.0,0.0,10736.8046875,49.2291666667
2014.0,12.0,6.0,8.0,7.89666666667,46.214,6.4975,90.8166666667,30.5,0.0333333333333,1.05833333333,329.0,1.5655,0.0,0.0,10736.8046875,49.0416666667
2014.0,12.0,6.0,9.0,8.76166666667,47.771,7.0375,88.8666666667,57.0,0.0,0.208333333333,312.666666667,1.43575,0.0,0.0,10736.8046875,49.9166666667
2014.0,12.0,6.0,10.0,8.53,47.354,8.08083333333,96.9916666667,50.1666666667,0.0333333333333,0.508333333333,308.583333333,1.4705,0.0,0.0,10736.8046875,51.2916666667
2014.0,12.0,6.0,11.0,8.5525,47.3945,-5.59666666667,71.0083333333,47.4166666667,0.0166666666667,0.35,312.666666667,1.467125,0.0,0.0,10736.8046875,51.9583333333
2014.0,12.0,6.0,12.0,9.22166666667,48.599,-44.3325,1.0,23.75,0.0,0.0166666666667,240.416666667,1.36675,0.0,0.0,10736.8046875,52.4583333333
2014.0,12.0,6.0,13.0,9.63916666667,49.3505,-44.0791666667,1.0,28.4166666667,0.0,0.0,201.583333333,1.304125,0.0,0.0,10736.8046875,53.4375
2014.0,12.0,6.0,14.0,9.8575,49.7435,-43.9433333333,1.0,20.4166666667,0.0,0.0,306.166666667,1.271375,0.0,0.0,10736.8046875,54.4375
2014.0,12.0,6.0,15.0,9.8675,49.7615,-43.9366666667,1.0,4.75,0.0,0.0,302.833333333,1.269875,0.0,0.0,10736.8046875,56.2083333333
2014.0,12.0,6.0,16.0,9.71833333333,49.493,-44.0291666667,1.0,1.0,0.0,0.1,202.916666667,1.29225,0.0,0.0,10736.8046875,54.7916666667
2014.0,12.0,6.0,17.0,9.35833333333,48.845,-44.2516666667,1.0,1.0,0.141666666667,1.54166666667,155.416666667,1.34625,0.0,0.0,10736.8046875,54.5208333333
2014.0,12.0,6.0,18.0,7.75833333333,45.965,-45.2325,1.0,1.0,0.916666666667,4.05833333333,158.75,1.58625,0.0,0.0,10736.8046875,52.8541666667
2014.0,12.0,6.0,19.0,6.69833333333,44.057,-45.885,1.0,1.0,2.29166666667,7.19166666667,160.0,1.74525,0.0,0.0,10736.8046875,53.0
2014.0,12.0,6.0,20.0,5.28833333333,41.519,-46.7583333333,1.0,1.0,2.79166666667,8.14166666667,161.333333333,1.95675,0.0,0.0,10736.8046875,51.6458333333
2014.0,12.0,6.0,21.0,5.01583333333,41.0285,-46.9258333333,1.0,1.0,2.55,7.39166666667,167.166666667,1.997625,0.0,0.0,10736.8046875,51.1875
2014.0,12.0,6.0,22.0,4.70166666667,40.463,-47.1225,1.0,1.0,2.99166666667,9.075,167.0,2.04475,0.0,0.0,10736.8046875,51.1666666667
2014.0,12.0,6.0,23.0,4.71833333333,40.493,-36.5258333333,8.1,1.0,2.51666666667,7.98333333333,171.0,2.04225,0.0,0.0,10736.8046875,50.4791666667
2014.0,12.0,7.0,0.0,5.09166666667,41.165,3.18583333333,89.4583333333,1.0,1.99166666667,7.06666666667,169.333333333,1.98625,0.0,0.0,10736.8046875,50.4166666667
2014.0,12.0,7.0,1.0,5.40416666667,41.7275,2.15416666667,79.5916666667,1.0,2.21666666667,7.6,165.0,1.939375,0.0,0.0,10736.8046875,50.4166666667
2014.0,12.0,7.0,2.0,5.02833333333,41.051,0.618333333333,73.125,1.0,3.46666666667,9.54166666667,161.583333333,1.99575,0.0,0.0,10736.8046875,50.0208333333
2014.0,12.0,7.0,3.0,4.37833333333,39.881,-0.536666666667,70.3583333333,1.0,4.04166666667,11.35,159.416666667,2.09325,0.0,0.0,10736.8046875,50.9583333333
2014.0,12.0,7.0,4.0,3.7575,38.7635,-1.58166666667,68.0916666667,1.0,3.76666666667,10.05,160.25,2.186375,0.0,0.0,10736.8046875,50.1875
2014.0,12.0,7.0,5.0,2.89416666667,37.2095,-2.4075,68.0833333333,1.0,3.24166666667,8.86666666667,157.333333333,2.315875,0.0,0.0,10736.8046875,50.3541666667
2014.0,12.0,7.0,6.0,2.36083333333,36.2495,-3.44333333333,65.475,1.91666666667,3.23333333333,9.18333333333,159.416666667,2.395875,0.0,0.0,10736.8046875,48.5
2014.0,12.0,7.0,7.0,2.02833333333,35.651,-3.7875,65.3333333333,33.6666666667,2.425,7.50833333333,161.083333333,2.44575,0.0,0.0,10736.8046875,47.7708333333
2014.0,12.0,7.0,8.0,2.44083333333,36.3935,-4.0875,62.0666666667,119.666666667,2.38333333333,7.35833333333,167.583333333,2.383875,0.0,0.0,10736.8046875,46.9166666667
2014.0,12.0,7.0,9.0,3.81,38.858,-4.59166666667,54.25,304.083333333,2.21666666667,7.05,170.25,2.1785,0.0,0.0,10736.8046875,48.25
2014.0,12.0,7.0,10.0,5.115,41.207,-5.32166666667,46.8166666667,436.583333333,3.0,7.91666666667,168.333333333,1.98275,0.0,0.0,10736.8046875,49.375
2014.0,12.0,7.0,11.0,5.96833333333,42.743,-5.7175,42.8,475.916666667,3.19166666667,8.50833333333,174.916666667,1.85475,0.0,0.0,10736.8046875,50.6875
2014.0,12.0,7.0,12.0,6.56916666667,43.8245,-5.745,40.975,446.0,2.31666666667,7.61666666667,181.0,1.764625,0.0,0.0,10736.8046875,51.1666666667
2014.0,12.0,7.0,13.0,7.31333333333,45.164,-5.76583333333,38.875,373.25,2.13333333333,6.95,178.416666667,1.653,0.0,0.0,10736.8046875,51.75
2014.0,12.0,7.0,14.0,8.21833333333,46.793,-7.15666666667,32.925,261.416666667,2.14166666667,7.875,179.0,1.51725,0.0,0.0,10736.8046875,50.9791666667
2014.0,12.0,7.0,15.0,8.08166666667,46.547,-8.14833333333,30.7,114.25,2.3,7.55833333333,184.75,1.53775,0.0,0.0,10736.8046875,53.2291666667
2014.0,12.0,7.0,16.0,6.08916666667,42.9605,-7.8775,35.9416666667,3.41666666667,1.41666666667,6.05,186.416666667,1.836625,0.0,0.0,10736.8046875,53.25
2014.0,12.0,7.0,17.0,5.04083333333,41.0735,-8.06083333333,38.1,1.0,0.8,4.15,191.916666667,1.993875,0.0,0.0,10736.8046875,54.3125
2014.0,12.0,7.0,18.0,4.2725,39.6905,-7.64416666667,41.5666666667,1.0,0.775,3.86666666667,181.75,2.109125,0.0,0.0,10736.8046875,52.9791666667
2014.0,12.0,7.0,19.0,3.26333333333,37.874,-10.0383333333,37.025,1.0,2.09166666667,6.5,193.0,2.2605,0.0,0.0,10736.8046875,52.2708333333
2014.0,12.0,7.0,20.0,2.025,35.645,-11.765,35.175,1.0,1.85833333333,7.29166666667,192.916666667,2.44625,0.0,0.0,10736.8046875,52.6041666667
2014.0,12.0,7.0,21.0,1.15416666667,34.0775,-12.0058333333,36.725,1.0,1.1,5.19166666667,188.916666667,2.576875,0.0,0.0,10736.8046875,52.0208333333
2014.0,12.0,7.0,22.0,0.458333333333,32.825,-12.1191666667,38.275,1.0,1.91666666667,6.4,193.75,2.68125,0.0,0.0,10736.8046875,51.8333333333
2014.0,12.0,7.0,23.0,-0.345,31.379,-11.5933333333,42.3166666667,1.0,1.69166666667,6.4,194.0,2.80175,0.0,0.0,10736.8046875,50.5833333333
2014.0,12.0,8.0,0.0,-0.776666666667,30.602,-12.08,41.9916666667,1.0,1.91666666667,6.26666666667,195.166666667,2.8665,0.0,720.0,10736.8046875,50.3541666667
2014.0,12.0,8.0,1.0,-1.30333333333,29.654,-13.0758333333,40.275,1.0,1.375,5.43333333333,197.333333333,2.9455,0.0,720.0,10736.8046875,49.7916666667
2014.0,12.0,8.0,2.0,-2.00583333333,28.3895,-14.7258333333,37.05,1.0,1.36666666667,6.05833333333,202.333333333,3.050875,0.0,720.0,10736.8046875,50.2291666667
2014.0,12.0,8.0,3.0,-2.66916666667,27.1955,-14.7016666667,38.9916666667,1.0,1.46666666667,5.30833333333,202.0,3.150375,0.0,720.0,10736.8046875,50.5625
2014.0,12.0,8.0,4.0,-3.08333333333,26.45,-14.4808333333,40.9583333333,1.0,0.391666666667,2.9,196.166666667,3.2125,0.0,720.0,10736.8046875,50.0833333333
2014.0,12.0,8.0,5.0,-3.15166666667,26.327,-13.9,43.1916666667,1.0,0.45,3.1,203.583333333,3.22275,0.0,720.0,10736.8046875,49.8125
2014.0,12.0,8.0,6.0,-2.67916666667,27.1775,-12.0866666667,48.3416666667,1.75,0.808333333333,4.675,191.583333333,3.151875,0.0,720.0,10736.8046875,49.1041666667
2014.0,12.0,8.0,7.0,-2.61083333333,27.3005,-10.5,54.5916666667,10.1666666667,1.49166666667,5.825,178.666666667,3.141625,0.0,720.0,10736.8046875,50.0625
2014.0,12.0,8.0,8.0,-2.34166666667,27.785,-9.45833333333,58.0916666667,74.9166666667,1.96666666667,6.05833333333,189.416666667,3.10125,0.0,720.0,10736.8046875,50.6875
2014.0,12.0,8.0,9.0,-1.31666666667,29.63,-7.865,61.0083333333,192.916666667,1.975,6.33333333333,191.0,2.9475,0.0,720.0,10736.8046875,49.4375
2014.0,12.0,8.0,10.0,-0.849166666667,30.4715,-7.67083333333,59.85,180.25,1.36666666667,5.675,191.166666667,2.877375,0.0,720.0,10736.8046875,55.0625
2014.0,12.0,8.0,11.0,-0.491666666667,31.115,-6.78666666667,62.4166666667,192.5,1.75833333333,5.94166666667,191.0,2.82375,0.0,720.0,10736.8046875,55.7916666667
2014.0,12.0,8.0,12.0,0.113333333333,32.204,-5.91916666667,63.8333333333,171.916666667,1.16666666667,5.26666666667,196.916666667,2.733,0.0,720.0,10736.8046875,56.4583333333
2014.0,12.0,8.0,13.0,0.2925,32.5265,-5.27833333333,66.175,114.166666667,1.11666666667,4.85833333333,197.833333333,2.706125,0.0,720.0,10736.8046875,56.8125
2014.0,12.0,8.0,14.0,0.364166666667,32.6555,-4.9975,67.2416666667,108.75,1.125,5.125,199.5,2.695375,0.0,720.0,10736.8046875,57.7708333333
2014.0,12.0,8.0,15.0,0.270833333333,32.4875,-4.65333333333,69.4833333333,38.6666666667,1.24166666667,5.33333333333,195.333333333,2.709375,0.0,720.0,10736.8046875,58.7916666667
2014.0,12.0,8.0,16.0,-0.155833333333,31.7195,-4.57,72.1166666667,1.91666666667,2.0,6.725,195.083333333,2.773375,0.0,720.0,10736.8046875,58.3541666667
2014.0,12.0,8.0,17.0,-0.2575,31.5365,-4.31083333333,74.0833333333,1.0,1.71666666667,5.94166666667,201.416666667,2.788625,0.0,720.0,10736.8046875,58.1041666667
2014.0,12.0,8.0,18.0,0.000833333333333,32.0015,-3.865,75.1833333333,1.0,1.18333333333,4.84166666667,200.833333333,2.749875,0.0,720.0,10736.8046875,59.1041666667
2014.0,12.0,8.0,19.0,0.244166666667,32.4395,-3.35416666667,76.7583333333,1.0,1.55833333333,6.11666666667,196.916666667,2.713375,0.0,720.0,10736.8046875,56.9791666667
2014.0,12.0,8.0,20.0,0.466666666667,32.84,-2.74333333333,79.05,1.0,1.80833333333,5.95,197.5,2.68,0.0,720.0,10736.8046875,57.1041666667
2014.0,12.0,8.0,21.0,1.01916666667,33.8345,-1.59,82.7166666667,1.0,1.15833333333,5.025,208.833333333,2.597125,0.0,720.0,10736.8046875,55.9791666667
2014.0,12.0,8.0,22.0,1.68166666667,35.027,-0.243333333333,87.0416666667,1.0,0.841666666667,4.36666666667,211.75,2.49775,0.0,720.0,10736.8046875,54.5833333333
2014.0,12.0,8.0,23.0,2.19583333333,35.9525,0.694166666667,89.8,1.0,1.00833333333,5.25833333333,222.166666667,2.420625,0.0,720.0,10736.8046875,54.2916666667
2014.0,12.0,9.0,0.0,2.08333333333,35.75,1.62333333333,96.8,1.0,0.841666666667,4.33333333333,199.666666667,2.4375,0.0,720.0,10736.8046875,54.3958333333
2014.0,12.0,9.0,1.0,1.91666666667,35.45,-33.4941666667,26.0583333333,1.0,1.00833333333,4.79166666667,187.75,2.4625,0.0,720.0,10736.8046875,52.8541666667
2014.0,12.0,9.0,2.0,1.82666666667,35.288,-48.9058333333,1.0,1.0,2.98333333333,7.63333333333,200.75,2.476,0.0,720.0,10736.8046875,52.2916666667
2014.0,12.0,9.0,3.0,2.15916666667,35.8865,-48.6983333333,1.0,1.0,2.98333333333,8.025,205.5,2.426125,0.0,720.0,10736.8046875,52.8333333333
2014.0,12.0,9.0,4.0,2.30083333333,36.1415,-48.61,1.0,1.0,2.45,7.56666666667,197.416666667,2.404875,0.0,720.0,10736.8046875,52.7083333333
2014.0,12.0,9.0,5.0,2.40083333333,36.3215,-48.5483333333,1.0,1.0,2.175,7.19166666667,182.166666667,2.389875,0.0,720.0,10736.8046875,52.6666666667
2014.0,12.0,9.0,6.0,2.12583333333,35.8265,-48.7183333333,1.0,1.0,3.03333333333,8.10833333333,176.416666667,2.431125,0.0,720.0,10736.8046875,50.9375
2014.0,12.0,9.0,7.0,2.2725,36.0905,-48.625,1.0,3.91666666667,2.475,7.725,173.25,2.409125,0.0,720.0,10736.8046875,52.5833333333
2014.0,12.0,9.0,8.0,2.46666666667,36.44,-48.5075,1.0,30.3333333333,2.64166666667,8.26666666667,176.25,2.38,0.0,720.0,10736.8046875,53.6041666667
2014.0,12.0,9.0,9.0,3.555,38.399,-26.4516666667,35.175,64.4166666667,2.375,7.34166666667,171.5,2.21675,0.0,720.0,10736.8046875,55.5208333333
2014.0,12.0,9.0,10.0,4.0075,39.2135,-18.65,46.2333333333,73.0833333333,2.41666666667,8.59166666667,156.75,2.148875,0.0,720.0,10736.8046875,56.6666666667
2014.0,12.0,9.0,11.0,4.18166666667,39.527,-47.4433333333,1.0,85.5833333333,1.90833333333,7.95833333333,142.666666667,2.12275,0.0,720.0,10736.8046875,57.8541666667
2014.0,12.0,9.0,12.0,4.46,40.028,-47.2708333333,1.0,102.083333333,1.30833333333,6.93333333333,129.083333333,2.081,0.0,720.0,10736.8046875,58.0625
2014.0,12.0,9.0,13.0,5.14416666667,41.2595,-46.8483333333,1.0,84.0833333333,0.858333333333,4.89166666667,113.833333333,1.978375,0.0,720.0,10736.8046875,57.9583333333
2014.0,12.0,9.0,14.0,5.47333333333,41.852,-46.6425,1.0,51.5833333333,0.566666666667,4.91666666667,112.916666667,1.929,0.0,720.0,10736.8046875,58.2916666667
2014.0,12.0,9.0,15.0,5.6475,42.1655,-46.535,1.0,24.75,0.3,3.60833333333,110.416666667,1.902875,0.0,720.0,10736.8046875,58.875
2014.0,12.0,9.0,16.0,5.795,42.431,-46.445,1.0,1.41666666667,0.425,3.775,98.3333333333,1.88075,0.0,720.0,10736.8046875,58.2083333333
2014.0,12.0,9.0,17.0,6.0125,42.8225,-28.0358333333,26.1916666667,1.0,0.966666666667,5.51666666667,109.5,1.848125,0.0,720.0,10736.8046875,59.4791666667
2014.0,12.0,9.0,18.0,5.89,42.602,5.68833333333,98.5833333333,1.0,1.04166666667,5.91666666667,105.166666667,1.8665,0.0,720.0,10736.8046875,58.0208333333
2014.0,12.0,9.0,19.0,5.37,41.666,4.80416666667,96.15,1.0,1.18333333333,6.03333333333,101.916666667,1.9445,0.0,720.0,10736.8046875,57.0625
2014.0,12.0,9.0,20.0,4.89083333333,40.8035,4.00333333333,94.1666666667,1.0,0.716666666667,5.09166666667,95.5,2.016375,0.0,720.0,10736.8046875,56.3333333333
2014.0,12.0,9.0,21.0,5.165,41.297,4.775,97.3166666667,1.0,0.683333333333,5.41666666667,97.3333333333,1.97525,0.0,720.0,10736.8046875,55.6666666667
2014.0,12.0,9.0,22.0,5.6825,42.2285,4.89666666667,94.7416666667,1.0,0.391666666667,4.275,95.75,1.897625,0.0,720.0,10736.8046875,54.2916666667
2014.0,12.0,9.0,23.0,5.51083333333,41.9195,3.74583333333,88.4666666667,1.0,0.916666666667,5.3,95.0833333333,1.923375,0.0,720.0,10736.8046875,53.5
2014.0,12.0,10.0,0.0,4.92083333333,40.8575,3.99416666667,93.75,1.0,0.575,5.0,91.75,2.011875,0.0,720.0,10736.8046875,53.3333333333
2014.0,12.0,10.0,1.0,5.0175,41.0315,3.34333333333,88.9,1.0,0.475,4.45,70.3333333333,1.997375,0.0,720.0,10736.8046875,52.9166666667
2014.0,12.0,10.0,2.0,4.65916666667,40.3865,2.85333333333,88.05,1.0,0.866666666667,5.7,72.5,2.051125,0.0,720.0,10736.8046875,52.6666666667
2014.0,12.0,10.0,3.0,4.8875,40.7975,2.59666666667,85.0916666667,1.0,0.983333333333,5.93333333333,73.9166666667,2.016875,0.0,720.0,10736.8046875,53.125
2014.0,12.0,10.0,4.0,4.89,40.802,2.22416666667,82.8583333333,1.0,1.08333333333,5.675,77.3333333333,2.0165,0.0,720.0,10736.8046875,52.75
2014.0,12.0,10.0,5.0,4.69666666667,40.454,1.75416666667,81.2166666667,1.0,1.26666666667,7.05833333333,93.0,2.0455,0.0,720.0,10736.8046875,53.5
2014.0,12.0,10.0,6.0,5.24833333333,41.447,1.5825,77.1833333333,1.41666666667,1.4,6.25,105.25,1.96275,0.0,720.0,10736.8046875,51.9166666667
2014.0,12.0,10.0,7.0,5.36083333333,41.6495,0.793333333333,72.375,50.9166666667,2.3,8.25833333333,112.916666667,1.945875,0.0,720.0,10736.8046875,52.5
2014.0,12.0,10.0,8.0,5.52416666667,41.9435,0.433333333333,69.6916666667,57.5,1.79166666667,7.64166666667,105.083333333,1.921375,0.0,720.0,10736.8046875,53.1875
2014.0,12.0,10.0,9.0,5.3175,41.5715,0.065,68.85,60.4166666667,2.05833333333,7.475,108.666666667,1.952375,0.0,720.0,10736.8046875,55.0833333333
2014.0,12.0,10.0,10.0,5.08916666667,41.1605,-0.545833333333,66.925,90.0833333333,2.325,8.41666666667,104.0,1.986625,0.0,720.0,10736.8046875,56.8333333333
2014.0,12.0,10.0,11.0,5.0,41.0,-1.435,63.0916666667,166.666666667,2.96666666667,9.59166666667,95.0,2.0,0.0,720.0,10736.8046875,58.0208333333
2014.0,12.0,10.0,12.0,5.4075,41.7335,-1.5525,60.975,293.416666667,2.075,8.025,87.1666666667,1.938875,0.0,720.0,10736.8046875,58.1041666667
2014.0,12.0,10.0,13.0,4.435,39.983,-1.51333333333,65.275,111.833333333,1.45,6.81666666667,99.5833333333,2.08475,0.0,720.0,10736.8046875,57.1875
2014.0,12.0,10.0,14.0,4.01166666667,39.221,-0.593333333333,72.0916666667,74.8333333333,1.33333333333,5.9,90.75,2.14825,0.0,720.0,10736.8046875,58.2708333333
2014.0,12.0,10.0,15.0,3.5775,38.4395,-1.88416666667,67.4583333333,23.9166666667,2.24166666667,7.38333333333,76.0,2.213375,0.0,720.0,10736.8046875,59.4166666667
2014.0,12.0,10.0,16.0,3.13,37.634,-2.60916666667,65.975,1.5,2.11666666667,7.55833333333,73.4166666667,2.2805,0.0,720.0,10736.8046875,59.9583333333
2014.0,12.0,10.0,17.0,2.5125,36.5225,-1.77166666667,73.45,1.0,1.95,7.98333333333,73.0,2.373125,0.0,720.0,10736.8046875,59.0625
2014.0,12.0,10.0,18.0,2.1625,35.8925,-2.4825,71.3333333333,1.0,2.55,7.89166666667,71.9166666667,2.425625,0.0,720.0,10736.8046875,58.7708333333
2014.0,12.0,10.0,19.0,2.23916666667,36.0305,-2.82416666667,69.2166666667,1.0,1.85833333333,7.0,69.6666666667,2.414125,0.0,720.0,10736.8046875,56.625
2014.0,12.0,10.0,20.0,1.7575,35.1635,-3.8175,66.475,1.0,2.25833333333,8.375,74.75,2.486375,0.0,720.0,10736.8046875,55.1041666667
2014.0,12.0,10.0,21.0,1.15916666667,34.0865,-3.14166666667,73.025,1.0,1.25,5.725,71.25,2.576125,0.0,720.0,10736.8046875,56.1875
2014.0,12.0,10.0,22.0,1.69416666667,35.0495,-3.40833333333,68.9083333333,1.0,1.68333333333,6.73333333333,66.25,2.495875,0.0,720.0,10736.8046875,55.2291666667
2014.0,12.0,10.0,23.0,1.6725,35.0105,-4.18666666667,65.05,1.0,1.775,6.99166666667,62.5833333333,2.499125,0.0,720.0,10736.8046875,54.4583333333
2014.0,12.0,11.0,0.0,0.969166666667,33.7445,-2.4825,78.0916666667,1.0,1.84166666667,6.98333333333,63.75,2.604625,0.0,720.0,10736.8046875,54.1666666667
2014.0,12.0,11.0,1.0,0.429166666667,32.7725,-0.256666666667,95.2416666667,1.0,1.45,6.21666666667,57.6666666667,2.685625,0.0,720.0,10736.8046875,53.7708333333
2014.0,12.0,11.0,2.0,0.285833333333,32.5145,-0.513333333333,94.4416666667,1.0,1.375,5.65833333333,56.9166666667,2.707125,0.0,720.0,10736.8046875,52.9583333333
2014.0,12.0,11.0,3.0,0.203333333333,32.366,0.0625,99.0166666667,1.0,0.266666666667,2.575,55.5,2.7195,0.0,720.0,10736.8046875,53.6666666667
2014.0,12.0,11.0,4.0,0.66,33.188,-0.285833333333,93.4166666667,1.0,0.575,3.69166666667,50.5833333333,2.651,0.0,720.0,10736.8046875,53.0833333333
2014.0,12.0,11.0,5.0,0.89,33.602,-0.878333333333,87.9583333333,1.0,1.40833333333,5.05833333333,53.0,2.6165,0.0,720.0,10736.8046875,53.6666666667
2014.0,12.0,11.0,6.0,0.715,33.287,-0.984166666667,88.5083333333,1.0,0.75,3.7,47.9166666667,2.64275,0.0,720.0,10736.8046875,51.0416666667
2014.0,12.0,11.0,7.0,0.8175,33.4715,-0.165,93.1583333333,9.0,0.3,2.71666666667,43.8333333333,2.627375,0.0,720.0,10736.8046875,51.6041666667
2014.0,12.0,11.0,8.0,1.37583333333,34.4765,0.0775,91.1416666667,68.25,0.958333333333,4.5,44.9166666667,2.543625,0.0,720.0,10736.8046875,52.9583333333
2014.0,12.0,11.0,9.0,2.07666666667,35.738,-0.644166666667,82.175,89.6666666667,1.8,6.20833333333,50.5833333333,2.4385,0.0,720.0,10736.8046875,54.2708333333
2014.0,12.0,11.0,10.0,2.30083333333,36.1415,-1.0875,78.2916666667,126.25,3.225,8.125,54.0,2.404875,0.0,720.0,10736.8046875,57.1875
2014.0,12.0,11.0,11.0,2.0625,35.7125,-0.8225,81.3166666667,124.333333333,2.91666666667,8.0,52.75,2.440625,0.0,720.0,10736.8046875,58.2708333333
2014.0,12.0,11.0,12.0,1.60083333333,34.8815,-1.16416666667,81.95,72.0833333333,2.375,7.59166666667,53.5,2.509875,0.0,720.0,10736.8046875,58.5208333333
2014.0,12.0,11.0,13.0,0.499166666667,32.8985,0.385833333333,99.225,64.4166666667,1.05,4.73333333333,48.75,2.675125,0.0,720.0,10736.8046875,57.5208333333
2014.0,12.0,11.0,14.0,0.9025,33.6245,-0.0616666666667,93.3166666667,99.3333333333,2.05,6.0,47.4166666667,2.614625,0.0,720.0,10736.8046875,56.6041666667
2014.0,12.0,11.0,15.0,1.005,33.809,-1.455,83.6416666667,22.1666666667,1.60833333333,6.18333333333,48.9166666667,2.59925,0.0,720.0,10736.8046875,58.8333333333
2014.0,12.0,11.0,16.0,0.985833333333,33.7745,-1.95,80.7416666667,1.41666666667,1.33333333333,5.025,49.25,2.602125,0.0,720.0,10736.8046875,59.9166666667
2014.0,12.0,11.0,17.0,1.58583333333,34.8545,-3.07916666667,71.1166666667,1.0,1.025,4.95833333333,50.8333333333,2.512125,0.0,720.0,10736.8046875,59.4583333333
2014.0,12.0,11.0,18.0,1.69166666667,35.045,-3.07416666667,70.6,1.0,1.14166666667,5.3,54.0,2.49625,0.0,720.0,10736.8046875,58.8541666667
2014.0,12.0,11.0,19.0,1.6775,35.0195,-2.72916666667,72.5166666667,1.0,0.95,4.55,53.0,2.498375,0.0,720.0,10736.8046875,56.6666666667
2014.0,12.0,11.0,20.0,1.23,34.214,-2.225,77.825,1.0,1.2,5.275,57.0833333333,2.5655,0.0,720.0,10736.8046875,55.6666666667
2014.0,12.0,11.0,21.0,0.694166666667,33.2495,-1.16166666667,87.4333333333,1.0,0.508333333333,3.975,55.9166666667,2.645875,0.0,720.0,10736.8046875,56.0
2014.0,12.0,11.0,22.0,0.685833333333,33.2345,-1.46916666667,85.5416666667,1.0,0.758333333333,4.25,54.8333333333,2.647125,0.0,720.0,10736.8046875,54.9583333333
2014.0,12.0,11.0,23.0,0.849166666667,33.5285,-2.28333333333,79.55,1.0,0.733333333333,4.61666666667,56.9166666667,2.622625,0.0,720.0,10736.8046875,54.3125
2014.0,12.0,12.0,0.0,0.658333333333,33.185,-2.56166666667,79.0083333333,1.0,0.658333333333,4.09166666667,51.0833333333,2.65125,0.0,720.0,10736.8046875,54.3541666667
2014.0,12.0,12.0,1.0,0.908333333333,33.635,-3.06833333333,74.725,1.0,0.375,3.0,54.1666666667,2.61375,0.0,720.0,10736.8046875,53.7291666667
2014.0,12.0,12.0,2.0,1.03666666667,33.866,-3.34,72.55,1.0,0.116666666667,2.05,54.8333333333,2.5945,0.0,720.0,10736.8046875,52.7291666667
2014.0,12.0,12.0,3.0,1.43416666667,34.5815,-3.48916666667,69.725,1.0,0.266666666667,2.88333333333,65.0,2.534875,0.0,720.0,10736.8046875,53.1041666667
2014.0,12.0,12.0,4.0,1.44833333333,34.607,-3.51333333333,69.525,1.0,0.258333333333,2.73333333333,72.0833333333,2.53275,0.0,720.0,10736.8046875,52.125
2014.0,12.0,12.0,5.0,1.45166666667,34.613,-3.36333333333,70.2916666667,1.0,0.1,1.34166666667,70.9166666667,2.53225,0.0,720.0,10736.8046875,52.5833333333
2014.0,12.0,12.0,6.0,1.49333333333,34.688,-3.23583333333,70.7583333333,1.0,0.0166666666667,0.5,68.6666666667,2.526,0.0,720.0,10736.8046875,51.7916666667
2014.0,12.0,12.0,7.0,1.63666666667,34.946,-3.17166666667,70.3666666667,8.41666666667,0.0666666666667,1.175,75.3333333333,2.5045,0.0,720.0,10736.8046875,51.875
2014.0,12.0,12.0,8.0,2.00166666667,35.603,-3.65083333333,66.1666666667,44.0833333333,0.141666666667,2.21666666667,89.4166666667,2.44975,0.0,720.0,10736.8046875,52.7916666667
2014.0,12.0,12.0,9.0,2.41916666667,36.3545,-4.03583333333,62.3666666667,97.5833333333,0.5,4.36666666667,91.4166666667,2.387125,0.0,720.0,10736.8046875,55.1875
2014.0,12.0,12.0,10.0,3.4375,38.1875,-4.08,57.8583333333,239.0,0.6,4.39166666667,89.4166666667,2.234375,0.0,720.0,10736.8046875,56.7916666667
2014.0,12.0,12.0,11.0,3.72666666667,38.708,-3.87333333333,57.55,207.166666667,0.433333333333,3.55,94.25,2.191,0.0,720.0,10736.8046875,58.8541666667
2014.0,12.0,12.0,12.0,4.58583333333,40.2545,-3.70666666667,54.8916666667,408.916666667,0.383333333333,3.45,85.5,2.062125,0.0,720.0,10736.8046875,58.0833333333
2014.0,12.0,12.0,13.0,4.9325,40.8785,-3.32166666667,55.1166666667,196.25,0.766666666667,4.45833333333,89.3333333333,2.010125,0.0,720.0,10736.8046875,58.3958333333
2014.0,12.0,12.0,14.0,4.32166666667,39.779,-3.15416666667,58.2416666667,97.3333333333,0.375,3.04166666667,90.3333333333,2.10175,0.0,720.0,10736.8046875,58.375
2014.0,12.0,12.0,15.0,3.50916666667,38.3165,-3.31166666667,60.9416666667,37.75,0.383333333333,3.725,80.4166666667,2.223625,0.0,720.0,10736.8046875,59.5208333333
2014.0,12.0,12.0,16.0,3.2225,37.8005,-3.11083333333,63.1166666667,2.16666666667,0.2,2.3,72.5833333333,2.266625,0.0,720.0,10736.8046875,59.7708333333
2014.0,12.0,12.0,17.0,3.15583333333,37.6805,-2.89833333333,64.4416666667,1.0,0.0833333333333,1.80833333333,72.25,2.276625,0.0,720.0,10736.8046875,59.2291666667
2014.0,12.0,12.0,18.0,2.93583333333,37.2845,-2.51583333333,67.3416666667,1.0,0.1,1.63333333333,68.0,2.309625,0.0,720.0,10736.8046875,57.6666666667
2014.0,12.0,12.0,19.0,3.4375,38.1875,-1.79083333333,68.575,1.0,0.0333333333333,0.916666666667,72.9166666667,2.234375,0.0,720.0,10736.8046875,56.3958333333
2014.0,12.0,12.0,20.0,3.77416666667,38.7935,-1.2675,69.5833333333,1.0,0.35,3.43333333333,84.5,2.183875,0.0,720.0,10736.8046875,54.3958333333
2014.0,12.0,12.0,21.0,3.73166666667,38.717,-1.01666666667,71.0916666667,1.0,0.258333333333,3.05,73.0833333333,2.19025,0.0,720.0,10736.8046875,55.375
2014.0,12.0,12.0,22.0,3.83833333333,38.909,-0.966666666667,70.8166666667,1.0,0.225,2.86666666667,89.6666666667,2.17425,0.0,720.0,10736.8046875,54.3333333333
2014.0,12.0,12.0,23.0,3.8075,38.8535,-1.47916666667,68.3583333333,1.0,0.3,3.175,82.9166666667,2.178875,0.0,720.0,10736.8046875,53.0833333333
2014.0,12.0,13.0,0.0,3.25083333333,37.8515,-2.03083333333,68.2666666667,1.0,0.35,3.65833333333,89.25,2.262375,0.0,0.0,10736.8046875,52.8958333333
2014.0,12.0,13.0,1.0,2.6625,36.7925,-2.42166666667,69.1416666667,1.0,0.383333333333,3.53333333333,84.3333333333,2.350625,0.0,0.0,10736.8046875,52.6041666667
2014.0,12.0,13.0,2.0,2.02333333333,35.642,-2.67,71.05,1.0,0.183333333333,2.4,73.25,2.4465,0.0,0.0,10736.8046875,52.8541666667
2014.0,12.0,13.0,3.0,1.6925,35.0465,-2.8025,72.0416666667,1.0,0.416666666667,3.40833333333,78.0,2.496125,0.0,0.0,10736.8046875,53.3958333333
2014.0,12.0,13.0,4.0,1.37833333333,34.481,-2.95833333333,72.8333333333,1.0,0.391666666667,3.61666666667,76.5833333333,2.54325,0.0,0.0,10736.8046875,52.9375
2014.0,12.0,13.0,5.0,1.24666666667,34.244,-3.13,72.5916666667,1.0,0.325,3.575,85.75,2.563,0.0,0.0,10736.8046875,52.625
2014.0,12.0,13.0,6.0,1.32666666667,34.388,-3.28,71.3666666667,1.66666666667,0.258333333333,3.625,76.6666666667,2.551,0.0,0.0,10736.8046875,51.6875
2014.0,12.0,13.0,7.0,2.46666666667,36.44,-3.34916666667,65.5083333333,60.0,0.733333333333,4.875,75.5833333333,2.38,0.0,0.0,10736.8046875,51.2708333333
2014.0,12.0,13.0,8.0,4.34416666667,39.8195,-2.955,59.0333333333,200.666666667,0.641666666667,4.85833333333,76.3333333333,2.098375,0.0,0.0,10736.8046875,51.3125
2014.0,12.0,13.0,9.0,4.52,40.136,-1.98833333333,62.7583333333,146.5,0.441666666667,4.18333333333,80.6666666667,2.072,0.0,0.0,10736.8046875,52.1666666667
2014.0,12.0,13.0,10.0,4.87333333333,40.772,-1.40666666667,63.775,169.166666667,0.333333333333,3.71666666667,83.6666666667,2.019,0.0,0.0,10736.8046875,51.8541666667
2014.0,12.0,13.0,11.0,5.2225,41.4005,-1.15,63.4333333333,176.333333333,0.591666666667,4.58333333333,83.3333333333,1.966625,0.0,0.0,10736.8046875,52.6041666667
2014.0,12.0,13.0,12.0,5.225,41.405,-1.015,64.0333333333,133.916666667,0.766666666667,5.18333333333,86.5833333333,1.96625,0.0,0.0,10736.8046875,53.5833333333
2014.0,12.0,13.0,13.0,5.7175,42.2915,-0.8575,62.625,212.666666667,0.716666666667,5.25833333333,90.0833333333,1.892375,0.0,0.0,10736.8046875,53.9166666667
2014.0,12.0,13.0,14.0,4.85,40.73,-1.075,65.4416666667,103.416666667,1.19166666667,6.225,95.0,2.0225,0.0,0.0,10736.8046875,53.3958333333
2014.0,12.0,13.0,15.0,4.51083333333,40.1195,-1.01333333333,67.3333333333,51.0,0.7,4.85833333333,83.5833333333,2.073375,0.0,0.0,10736.8046875,55.1041666667
2014.0,12.0,13.0,16.0,3.84333333333,38.918,-0.845,71.4333333333,2.58333333333,0.225,2.625,86.1666666667,2.1735,0.0,0.0,10736.8046875,53.8541666667
2014.0,12.0,13.0,17.0,3.56833333333,38.423,-0.689166666667,73.6583333333,1.0,0.0333333333333,1.1,74.6666666667,2.21475,0.0,0.0,10736.8046875,54.625
2014.0,12.0,13.0,18.0,3.69416666667,38.6495,-0.4725,74.1666666667,1.0,0.166666666667,2.25,80.5833333333,2.195875,0.0,0.0,10736.8046875,54.25
2014.0,12.0,13.0,19.0,3.8925,39.0065,-0.259166666667,74.3,1.0,0.0833333333333,1.35833333333,85.9166666667,2.166125,0.0,0.0,10736.8046875,54.4583333333
2014.0,12.0,13.0,20.0,3.80833333333,38.855,0.0375,76.3666666667,1.0,0.0333333333333,1.625,73.5,2.17875,0.0,0.0,10736.8046875,54.5625
2014.0,12.0,13.0,21.0,3.8875,38.9975,0.326666666667,77.5583333333,1.0,0.0,0.633333333333,74.6666666667,2.166875,0.0,0.0,10736.8046875,54.25
2014.0,12.0,13.0,22.0,3.71083333333,38.6795,0.110833333333,77.2916666667,1.0,0.216666666667,2.30833333333,74.8333333333,2.193375,0.0,0.0,10736.8046875,53.9375
2014.0,12.0,13.0,23.0,3.4225,38.1605,-0.178333333333,77.25,1.0,0.333333333333,3.39166666667,80.0833333333,2.236625,0.0,0.0,10736.8046875,52.5208333333
2014.0,12.0,14.0,0.0,3.27,37.886,-0.499166666667,76.2833333333,1.0,0.333333333333,3.36666666667,76.5833333333,2.2595,0.0,0.0,10736.8046875,52.1666666667
2014.0,12.0,14.0,1.0,2.88583333333,37.1945,-0.938333333333,75.925,1.0,0.316666666667,3.125,72.0833333333,2.317125,0.0,0.0,10736.8046875,51.6458333333
2014.0,12.0,14.0,2.0,2.56916666667,36.6245,-1.00916666667,77.25,1.0,0.05,1.24166666667,80.6666666667,2.364625,0.0,0.0,10736.8046875,51.5833333333
2014.0,12.0,14.0,3.0,2.9425,37.2965,-0.779166666667,76.4916666667,1.0,0.233333333333,2.68333333333,88.9166666667,2.308625,0.0,0.0,10736.8046875,52.125
2014.0,12.0,14.0,4.0,3.295,37.931,-0.610833333333,75.525,1.0,0.216666666667,2.80833333333,119.083333333,2.25575,0.0,0.0,10736.8046875,51.5
2014.0,12.0,14.0,5.0,3.56666666667,38.42,-0.404166666667,75.2166666667,1.0,0.216666666667,2.59166666667,146.666666667,2.215,0.0,0.0,10736.8046875,51.8333333333
2014.0,12.0,14.0,6.0,3.825,38.885,-0.1725,75.1083333333,1.0,0.1,1.66666666667,155.666666667,2.17625,0.0,0.0,10736.8046875,50.75
2014.0,12.0,14.0,7.0,4.17833333333,39.521,0.0466666666667,74.4333333333,9.83333333333,0.0,0.666666666667,154.916666667,2.12325,0.0,0.0,10736.8046875,50.1458333333
2014.0,12.0,14.0,8.0,4.63916666667,40.3505,0.314166666667,73.4916666667,33.5,0.0,0.0,77.75,2.054125,0.0,0.0,10736.8046875,50.1875
2014.0,12.0,14.0,9.0,5.1075,41.1935,0.7325,73.3166666667,56.5833333333,0.0,0.0,48.5,1.983875,0.0,0.0,10736.8046875,50.625
2014.0,12.0,14.0,10.0,5.4175,41.7515,1.1275,73.8166666667,91.3333333333,0.0666666666667,0.925,48.4166666667,1.937375,0.0,0.0,10736.8046875,50.0416666667
2014.0,12.0,14.0,11.0,5.40916666667,41.7365,1.855,77.8333333333,73.75,0.1,1.74166666667,44.5833333333,1.938625,0.0,0.0,10736.8046875,51.8958333333
2014.0,12.0,14.0,12.0,6.63583333333,43.9445,2.39583333333,74.3833333333,60.3333333333,0.233333333333,2.05833333333,68.9166666667,1.754625,0.0,0.0,10736.8046875,52.75
2014.0,12.0,14.0,13.0,7.84,46.112,2.68166666667,69.8083333333,82.0833333333,0.65,4.38333333333,99.8333333333,1.574,0.0,0.0,10736.8046875,52.6875
2014.0,12.0,14.0,14.0,7.99833333333,46.397,2.56583333333,68.5083333333,59.5833333333,0.408333333333,4.35,97.1666666667,1.55025,0.0,0.0,10736.8046875,53.375
2014.0,12.0,14.0,15.0,7.79,46.022,2.17416666667,67.575,28.1666666667,0.508333333333,3.9,118.0,1.5815,0.0,0.0,10736.8046875,54.9583333333
2014.0,12.0,14.0,16.0,7.51583333333,45.5285,2.15833333333,68.7666666667,1.75,0.208333333333,2.33333333333,120.75,1.622625,0.0,0.0,10736.8046875,54.0833333333
2014.0,12.0,14.0,17.0,7.32333333333,45.182,2.08583333333,69.3166666667,1.0,0.45,3.725,114.25,1.6515,0.0,0.0,10736.8046875,55.7291666667
2014.0,12.0,14.0,18.0,7.12666666667,44.828,2.13166666667,70.4916666667,1.0,0.541666666667,3.58333333333,110.75,1.681,0.0,0.0,10736.8046875,55.4791666667
2014.0,12.0,14.0,19.0,6.9175,44.4515,2.01583333333,70.9166666667,1.0,0.208333333333,2.5,110.833333333,1.712375,0.0,0.0,10736.8046875,56.25
2014.0,12.0,14.0,20.0,6.62916666667,43.9325,1.82833333333,71.3833333333,1.0,0.45,3.76666666667,112.166666667,1.755625,0.0,0.0,10736.8046875,54.7916666667
2014.0,12.0,14.0,21.0,6.5,43.7,1.8175,71.95,1.0,0.0666666666667,1.425,111.583333333,1.775,0.0,0.0,10736.8046875,55.4583333333
2014.0,12.0,14.0,22.0,6.45333333333,43.616,1.85916666667,72.4,1.0,0.0166666666667,0.733333333333,133.666666667,1.782,0.0,0.0,10736.8046875,53.875
2014.0,12.0,14.0,23.0,6.28583333333,43.3145,1.79833333333,72.9333333333,1.0,0.0833333333333,1.025,122.583333333,1.807125,0.0,0.0,10736.8046875,52.8958333333
2014.0,12.0,15.0,0.0,6.14083333333,43.0535,1.70583333333,73.2,1.0,0.0333333333333,1.15833333333,134.416666667,1.828875,0.0,720.0,10736.8046875,52.125
2014.0,12.0,15.0,1.0,6.09833333333,42.977,1.76166666667,73.7,1.0,0.208333333333,2.41666666667,136.166666667,1.83525,0.0,720.0,10736.8046875,51.9375
2014.0,12.0,15.0,2.0,5.96583333333,42.7385,1.74416666667,74.2833333333,1.0,0.2,3.125,117.25,1.855125,0.0,720.0,10736.8046875,51.7708333333
2014.0,12.0,15.0,3.0,5.8525,42.5345,1.75416666667,74.925,1.0,0.133333333333,1.66666666667,118.5,1.872125,0.0,720.0,10736.8046875,52.4375
2014.0,12.0,15.0,4.0,5.75666666667,42.362,1.71916666667,75.2333333333,1.0,0.0833333333333,1.50833333333,109.25,1.8865,0.0,720.0,10736.8046875,52.0208333333
2014.0,12.0,15.0,5.0,5.74416666667,42.3395,1.80416666667,75.75,1.0,0.233333333333,2.3,118.833333333,1.888375,0.0,720.0,10736.8046875,52.1666666667
2014.0,12.0,15.0,6.0,5.66916666667,42.2045,1.78083333333,76.0333333333,1.0,0.158333333333,1.75,119.75,1.899625,0.0,720.0,10736.8046875,50.9375
2014.0,12.0,15.0,7.0,5.66583333333,42.1985,1.76083333333,75.9333333333,15.75,0.05,0.916666666667,127.416666667,1.900125,0.0,720.0,10736.8046875,51.875
2014.0,12.0,15.0,8.0,6.05416666667,42.8975,1.7175,73.6833333333,75.9166666667,0.1,1.60833333333,130.25,1.841875,0.0,720.0,10736.8046875,52.1875
2014.0,12.0,15.0,9.0,6.64833333333,43.967,1.71,70.7,134.666666667,0.05,0.983333333333,139.833333333,1.75275,0.0,720.0,10736.8046875,53.6458333333
2014.0,12.0,15.0,10.0,7.225,45.005,1.71,67.9583333333,200.083333333,0.0,0.241666666667,73.0,1.66625,0.0,720.0,10736.8046875,55.0833333333
2014.0,12.0,15.0,11.0,7.51083333333,45.5195,1.8325,67.225,193.166666667,0.0,0.175,97.3333333333,1.623375,0.0,720.0,10736.8046875,56.6458333333
2014.0,12.0,15.0,12.0,9.045,48.281,1.85916666667,60.8583333333,444.583333333,0.0,0.316666666667,126.333333333,1.39325,0.0,720.0,10736.8046875,56.625
2014.0,12.0,15.0,13.0,8.8075,47.8535,2.2625,63.475,344.333333333,0.0,0.1,79.75,1.428875,0.0,720.0,10736.8046875,57.0
2014.0,12.0,15.0,14.0,9.58166666667,49.247,2.48833333333,61.2416666667,233.75,0.0,0.05,124.083333333,1.31275,0.0,720.0,10736.8046875,57.0208333333
2014.0,12.0,15.0,15.0,9.8075,49.6535,2.30583333333,59.6,96.75,0.0,0.116666666667,77.5,1.278875,0.0,720.0,10736.8046875,57.6666666667
2014.0,12.0,15.0,16.0,7.40166666667,45.323,2.3875,70.4666666667,3.75,0.0166666666667,1.05833333333,59.5,1.63975,0.0,720.0,10736.8046875,58.9375
2014.0,12.0,15.0,17.0,6.74166666667,44.135,2.57916666667,74.725,1.0,0.0166666666667,0.575,60.5833333333,1.73875,0.0,720.0,10736.8046875,58.1875
2014.0,12.0,15.0,18.0,6.09416666667,42.9695,2.56,78.0333333333,1.0,0.0,0.0,54.0,1.835875,0.0,720.0,10736.8046875,58.1666666667
2014.0,12.0,15.0,19.0,5.67333333333,42.212,2.44583333333,79.6916666667,1.0,0.0,0.0,80.1666666667,1.899,0.0,720.0,10736.8046875,57.3958333333
2014.0,12.0,15.0,20.0,5.2225,41.4005,2.41583333333,82.0583333333,1.0,0.0,0.0,66.0,1.966625,0.0,720.0,10736.8046875,58.2708333333
2014.0,12.0,15.0,21.0,5.015,41.027,2.33833333333,82.8083333333,1.0,0.0,0.0,70.8333333333,1.99775,0.0,720.0,10736.8046875,56.9583333333
2014.0,12.0,15.0,22.0,4.38833333333,39.899,2.25833333333,86.025,1.0,0.0,0.0,33.8333333333,2.09175,0.0,720.0,10736.8046875,55.5
2014.0,12.0,15.0,23.0,3.97333333333,39.152,2.25916666667,88.575,1.0,0.0,0.0,17.0,2.154,0.0,720.0,10736.8046875,55.4375
2014.0,12.0,16.0,0.0,3.67333333333,38.612,2.1675,89.8583333333,1.0,0.0,0.0,0.0,2.199,0.0,720.0,10736.8046875,52.9375
2014.0,12.0,16.0,1.0,3.4875,38.2775,2.3575,92.3,1.0,0.0,0.0,12.1666666667,2.226875,0.0,720.0,10736.8046875,52.6666666667
2014.0,12.0,16.0,2.0,4.01166666667,39.221,2.79083333333,91.7166666667,1.0,0.0,0.0333333333333,185.5,2.14825,0.0,720.0,10736.8046875,52.2291666667
2014.0,12.0,16.0,3.0,3.95416666667,39.1175,2.87666666667,92.6666666667,1.0,0.0,0.158333333333,302.416666667,2.156875,0.0,720.0,10736.8046875,52.6458333333
2014.0,12.0,16.0,4.0,3.59583333333,38.4725,2.75,94.2,1.0,0.0,0.0,295.083333333,2.210625,0.0,720.0,10736.8046875,52.0625
2014.0,12.0,16.0,5.0,3.76333333333,38.774,2.9525,94.425,1.0,0.0,0.0,298.25,2.1855,0.0,720.0,10736.8046875,51.6666666667
2014.0,12.0,16.0,6.0,3.36166666667,38.051,2.525,94.2416666667,1.08333333333,0.0,0.0,277.333333333,2.24575,0.0,720.0,10736.8046875,50.2916666667
2014.0,12.0,16.0,7.0,3.29916666667,37.9385,2.53083333333,94.7,21.25,0.0,0.05,288.916666667,2.255125,0.0,720.0,10736.8046875,51.625
2014.0,12.0,16.0,8.0,4.12583333333,39.4265,3.34333333333,94.6416666667,79.6666666667,0.0,0.0166666666667,287.416666667,2.131125,0.0,720.0,10736.8046875,52.6458333333
2014.0,12.0,16.0,9.0,5.78333333333,42.41,4.29333333333,90.1416666667,129.0,0.0,0.25,283.583333333,1.8825,0.0,720.0,10736.8046875,55.1458333333
2014.0,12.0,16.0,10.0,8.32666666667,46.988,5.25916666667,81.075,215.916666667,0.0,0.075,264.833333333,1.501,0.0,720.0,10736.8046875,55.5625
2014.0,12.0,16.0,11.0,10.2058333333,50.3705,6.20333333333,76.175,242.833333333,0.0333333333333,0.483333333333,283.0,1.219125,0.0,720.0,10736.8046875,56.2708333333
2014.0,12.0,16.0,12.0,11.0208333333,51.8375,6.94,75.95,215.75,0.0833333333333,1.325,295.25,1.096875,0.0,720.0,10736.8046875,56.6875
2014.0,12.0,16.0,13.0,10.6783333333,51.221,7.45166666667,80.6666666667,44.9166666667,0.0,0.325,297.666666667,1.14825,0.0,720.0,10736.8046875,57.8541666667
2014.0,12.0,16.0,14.0,9.14666666667,48.464,8.98166666667,98.825,28.0833333333,0.05,1.025,270.25,1.378,0.0,720.0,10736.8046875,57.6041666667
2014.0,12.0,16.0,15.0,9.5825,49.2485,8.7275,94.4083333333,13.1666666667,0.25,2.00833333333,292.166666667,1.312625,0.0,720.0,10736.8046875,59.7708333333
2014.0,12.0,16.0,16.0,9.82666666667,49.688,8.3025,90.2083333333,1.0,0.0666666666667,1.48333333333,296.25,1.276,0.0,720.0,10736.8046875,60.6875
2014.0,12.0,16.0,17.0,9.2125,48.5825,8.6375,96.1416666667,1.0,0.0,0.441666666667,291.916666667,1.368125,0.0,720.0,10736.8046875,59.75
2014.0,12.0,16.0,18.0,9.1025,48.3845,8.85083333333,98.2666666667,1.0,0.0,0.25,292.0,1.384625,0.0,720.0,10736.8046875,60.0833333333
2014.0,12.0,16.0,19.0,9.06083333333,48.3095,9.07,100.0,1.0,0.0,0.0,298.25,1.390875,0.0,720.0,10736.8046875,58.8541666667
2014.0,12.0,16.0,20.0,9.33083333333,48.7955,9.34083333333,100.0,1.0,0.0,0.0666666666667,218.25,1.350375,0.0,720.0,10736.8046875,56.8125
2014.0,12.0,16.0,21.0,9.26916666667,48.6845,9.27916666667,100.0,1.0,0.05,0.941666666667,51.0,1.359625,0.0,720.0,10736.8046875,57.5625
2014.0,12.0,16.0,22.0,9.06916666667,48.3245,9.07833333333,100.0,1.0,0.0166666666667,0.283333333333,49.0,1.389625,0.0,720.0,10736.8046875,55.6875
2014.0,12.0,16.0,23.0,8.84166666667,47.915,8.79666666667,99.6333333333,1.0,0.116666666667,0.883333333333,53.6666666667,1.42375,0.0,720.0,10736.8046875,54.6666666667
2014.0,12.0,17.0,0.0,8.7025,47.6645,8.13166666667,96.1583333333,1.0,0.366666666667,3.14166666667,65.75,1.444625,0.0,720.0,10736.8046875,54.2708333333
2014.0,12.0,17.0,1.0,8.37,47.066,7.2575,92.6416666667,1.0,0.133333333333,1.75,65.0,1.4945,0.0,720.0,10736.8046875,53.9791666667
2014.0,12.0,17.0,2.0,7.68833333333,45.839,6.85666666667,94.4083333333,1.0,0.183333333333,2.15,63.4166666667,1.59675,0.0,720.0,10736.8046875,53.7083333333
2014.0,12.0,17.0,3.0,6.93666666667,44.486,6.25583333333,95.375,1.0,0.1,1.69166666667,62.25,1.7095,0.0,720.0,10736.8046875,54.3333333333
2014.0,12.0,17.0,4.0,6.37416666667,43.4735,5.8425,96.375,1.0,0.0333333333333,0.433333333333,59.0,1.793875,0.0,720.0,10736.8046875,53.75
2014.0,12.0,17.0,5.0,5.85416666667,42.5375,5.4275,97.05,1.0,0.0,0.55,55.3333333333,1.871875,0.0,720.0,10736.8046875,53.75
2014.0,12.0,17.0,6.0,5.4725,41.8505,5.05666666667,97.1333333333,1.33333333333,0.0166666666667,0.341666666667,53.0833333333,1.929125,0.0,720.0,10736.8046875,52.1041666667
2014.0,12.0,17.0,7.0,6.54666666667,43.784,4.87833333333,89.2583333333,67.0833333333,0.0,0.45,52.3333333333,1.768,0.0,720.0,10736.8046875,52.25
2014.0,12.0,17.0,8.0,9.21166666667,48.581,4.75833333333,73.9083333333,206.25,0.05,0.683333333333,45.5833333333,1.36825,0.0,720.0,10736.8046875,52.5208333333
2014.0,12.0,17.0,9.0,11.0808333333,51.9455,4.8925,65.6583333333,244.916666667,1.05833333333,5.11666666667,67.5833333333,1.087875,0.0,720.0,10736.8046875,55.9583333333
2014.0,12.0,17.0,10.0,11.4441666667,52.5995,4.89333333333,64.1166666667,289.333333333,1.225,5.80833333333,66.6666666667,1.033375,0.0,720.0,10736.8046875,56.1041666667
2014.0,12.0,17.0,11.0,12.1166666667,53.81,4.07,57.9,356.166666667,1.54166666667,5.825,68.1666666667,0.9325,0.0,720.0,10736.8046875,57.2083333333
2014.0,12.0,17.0,12.0,11.2575,52.2635,4.37083333333,62.5583333333,162.75,2.28333333333,7.13333333333,60.1666666667,1.061375,0.0,720.0,10736.8046875,58.4791666667
2014.0,12.0,17.0,13.0,11.1591666667,52.0865,3.55083333333,59.45,195.083333333,3.19166666667,8.75,62.5,1.076125,0.0,720.0,10736.8046875,57.875
2014.0,12.0,17.0,14.0,10.3566666667,50.642,2.94166666667,60.0416666667,89.25,2.9,7.975,62.3333333333,1.1965,0.0,720.0,10736.8046875,58.7083333333
2014.0,12.0,17.0,15.0,9.37416666667,48.8735,2.10916666667,60.425,16.1666666667,1.98333333333,7.03333333333,66.25,1.343875,0.0,720.0,10736.8046875,60.0833333333
2014.0,12.0,17.0,16.0,8.44833333333,47.207,0.831666666667,58.675,1.25,2.35,8.00833333333,68.9166666667,1.48275,0.0,720.0,10736.8046875,59.9791666667
2014.0,12.0,17.0,17.0,7.64416666667,45.7595,0.480833333333,60.425,1.0,2.03333333333,7.18333333333,65.4166666667,1.603375,0.0,720.0,10736.8046875,58.75
2014.0,12.0,17.0,18.0,6.61166666667,43.901,-0.154166666667,61.9416666667,1.0,1.29166666667,5.925,64.5,1.75825,0.0,720.0,10736.8046875,56.5208333333
2014.0,12.0,17.0,19.0,5.56416666667,42.0155,-1.28,61.3416666667,1.0,0.9,4.85833333333,68.3333333333,1.915375,0.0,720.0,10736.8046875,55.8958333333
2014.0,12.0,17.0,20.0,4.87916666667,40.7825,-2.72333333333,57.8333333333,1.0,1.30833333333,5.75833333333,71.5833333333,2.018125,0.0,720.0,10736.8046875,54.8333333333
2014.0,12.0,17.0,21.0,4.24,39.632,-3.19833333333,58.3666666667,1.0,1.175,6.11666666667,67.5833333333,2.114,0.0,720.0,10736.8046875,55.4375
2014.0,12.0,17.0,22.0,3.81833333333,38.873,-3.60083333333,58.35,1.0,1.34166666667,6.09166666667,63.75,2.17725,0.0,720.0,10736.8046875,54.3125
2014.0,12.0,17.0,23.0,3.16583333333,37.6985,-3.7925,60.2416666667,1.0,1.2,5.075,60.8333333333,2.275125,0.0,720.0,10736.8046875,53.0416666667
2014.0,12.0,18.0,0.0,2.7,36.86,-3.645,62.95,1.0,0.833333333333,4.86666666667,65.75,2.345,0.0,720.0,10736.8046875,52.2708333333
2014.0,12.0,18.0,1.0,2.49916666667,36.4985,-3.47666666667,64.6583333333,1.0,0.75,4.61666666667,71.8333333333,2.375125,0.0,720.0,10736.8046875,51.9166666667
2014.0,12.0,18.0,2.0,2.2475,36.0455,-3.79083333333,64.325,1.0,0.966666666667,4.925,70.4166666667,2.412875,0.0,720.0,10736.8046875,51.5625
2014.0,12.0,18.0,3.0,1.86083333333,35.3495,-5.01416666667,60.2916666667,1.0,1.24166666667,5.90833333333,70.6666666667,2.470875,0.0,720.0,10736.8046875,51.875
2014.0,12.0,18.0,4.0,1.56083333333,34.8095,-5.84166666667,57.85,1.0,1.05,5.125,70.0,2.515875,0.0,720.0,10736.8046875,51.5625
2014.0,12.0,18.0,5.0,1.33416666667,34.4015,-6.0725,57.7416666667,1.0,0.741666666667,4.8,67.1666666667,2.549875,0.0,720.0,10736.8046875,51.3958333333
2014.0,12.0,18.0,6.0,1.45083333333,34.6115,-5.66416666667,59.0833333333,1.25,0.283333333333,2.63333333333,58.0,2.532375,0.0,720.0,10736.8046875,50.4375
2014.0,12.0,18.0,7.0,2.0175,35.6315,-4.975,59.8,31.0,0.266666666667,2.6,57.5833333333,2.447375,0.0,720.0,10736.8046875,50.8125
2014.0,12.0,18.0,8.0,2.74916666667,36.9485,-4.60416666667,58.3583333333,77.8333333333,1.0,5.09166666667,61.0833333333,2.337625,0.0,720.0,10736.8046875,50.9791666667
2014.0,12.0,18.0,9.0,3.05583333333,37.5005,-4.29166666667,58.4666666667,90.25,1.00833333333,4.74166666667,72.6666666667,2.291625,0.0,720.0,10736.8046875,54.4791666667
2014.0,12.0,18.0,10.0,3.19583333333,37.7525,-3.99916666667,59.175,114.166666667,0.716666666667,4.94166666667,65.8333333333,2.270625,0.0,720.0,10736.8046875,54.7916666667
2014.0,12.0,18.0,11.0,3.49333333333,38.288,-3.81916666667,58.7333333333,175.75,0.85,4.71666666667,71.4166666667,2.226,0.0,720.0,10736.8046875,56.0
2014.0,12.0,18.0,12.0,4.075,39.335,-3.41166666667,58.15,407.5,1.05,5.60833333333,62.9166666667,2.13875,0.0,720.0,10736.8046875,56.625
2014.0,12.0,18.0,13.0,4.775,40.595,-3.07166666667,56.775,361.5,1.19166666667,5.88333333333,67.8333333333,2.03375,0.0,720.0,10736.8046875,56.7083333333
2014.0,12.0,18.0,14.0,4.79916666667,40.6385,-3.0625,56.7083333333,272.083333333,1.29166666667,6.00833333333,70.8333333333,2.030125,0.0,720.0,10736.8046875,56.75
2014.0,12.0,18.0,15.0,3.93833333333,39.089,-3.235,59.475,61.5,1.08333333333,5.63333333333,75.6666666667,2.15925,0.0,720.0,10736.8046875,57.8125
2014.0,12.0,18.0,16.0,3.19333333333,37.748,-2.94833333333,64.0333333333,3.33333333333,0.266666666667,2.80833333333,74.25,2.271,0.0,720.0,10736.8046875,59.6666666667
2014.0,12.0,18.0,17.0,2.825,37.085,-2.85583333333,66.1833333333,1.0,0.466666666667,3.68333333333,76.1666666667,2.32625,0.0,720.0,10736.8046875,59.3333333333
2014.0,12.0,18.0,18.0,2.52666666667,36.548,-2.75583333333,68.1166666667,1.0,0.216666666667,2.625,74.1666666667,2.371,0.0,720.0,10736.8046875,57.5416666667
2014.0,12.0,18.0,19.0,2.27583333333,36.0965,-2.61083333333,70.0916666667,1.0,0.166666666667,1.93333333333,60.5833333333,2.408625,0.0,720.0,10736.8046875,55.4375
2014.0,12.0,18.0,20.0,2.49,36.482,-2.345,70.4,1.0,0.3,2.86666666667,59.75,2.3765,0.0,720.0,10736.8046875,54.8958333333
2014.0,12.0,18.0,21.0,3.0025,37.4045,-2.23166666667,68.45,1.0,0.358333333333,3.01666666667,65.5833333333,2.299625,0.0,720.0,10736.8046875,54.25
2014.0,12.0,18.0,22.0,3.07,37.526,-2.20666666667,68.2583333333,1.0,0.283333333333,2.79166666667,77.1666666667,2.2895,0.0,720.0,10736.8046875,53.5625
2014.0,12.0,18.0,23.0,2.91416666667,37.2455,-2.22083333333,68.9416666667,1.0,0.216666666667,2.65,80.0,2.312875,0.0,720.0,10736.8046875,52.6666666667
2014.0,12.0,19.0,0.0,2.81833333333,37.073,-2.28916666667,69.0583333333,1.0,0.225,2.55833333333,83.5833333333,2.32725,0.0,720.0,10736.8046875,52.3541666667
2014.0,12.0,19.0,1.0,2.78916666667,37.0205,-2.4425,68.4083333333,1.0,0.25,2.65833333333,75.4166666667,2.331625,0.0,720.0,10736.8046875,52.0625
2014.0,12.0,19.0,2.0,2.75,36.95,-2.5375,68.125,1.0,0.15,2.11666666667,79.0833333333,2.3375,0.0,720.0,10736.8046875,51.7916666667
2014.0,12.0,19.0,3.0,2.6825,36.8285,-2.44333333333,68.9416666667,1.0,0.15,1.94166666667,66.5,2.347625,0.0,720.0,10736.8046875,51.9791666667
2014.0,12.0,19.0,4.0,2.6025,36.6845,-2.43583333333,69.3583333333,1.0,0.241666666667,2.59166666667,70.5833333333,2.359625,0.0,720.0,10736.8046875,51.8125
2014.0,12.0,19.0,5.0,2.4925,36.4865,-2.40916666667,70.05,1.0,0.216666666667,2.7,72.4166666667,2.376125,0.0,720.0,10736.8046875,51.6458333333
2014.0,12.0,19.0,6.0,2.44416666667,36.3995,-2.37166666667,70.4833333333,1.0,0.425,3.59166666667,66.25,2.383375,0.0,720.0,10736.8046875,49.9583333333
2014.0,12.0,19.0,7.0,2.54583333333,36.5825,-2.3525,70.0833333333,16.0,0.408333333333,3.38333333333,66.75,2.368125,0.0,720.0,10736.8046875,45.4375
2014.0,12.0,19.0,8.0,3.01333333333,37.424,-2.38666666667,67.625,55.0,0.208333333333,2.48333333333,74.0833333333,2.298,0.0,720.0,10736.8046875,38.9791666667
2014.0,12.0,19.0,9.0,3.56583333333,38.4185,-2.66583333333,63.7,90.6666666667,0.508333333333,3.54166666667,77.5833333333,2.215125,0.0,720.0,10736.8046875,45.2083333333
2014.0,12.0,19.0,10.0,3.86083333333,38.9495,-2.80416666667,61.7416666667,111.333333333,0.691666666667,4.05,91.8333333333,2.170875,0.0,720.0,10736.8046875,51.5
2014.0,12.0,19.0,11.0,3.945,39.101,-2.90916666667,60.9,125.5,0.591666666667,4.60833333333,88.75,2.15825,0.0,720.0,10736.8046875,54.4583333333
2014.0,12.0,19.0,12.0,4.315,39.767,-3.56,56.525,184.0,0.441666666667,3.46666666667,83.3333333333,2.10275,0.0,720.0,10736.8046875,54.2291666667
2014.0,12.0,19.0,13.0,4.80833333333,40.655,-3.61583333333,54.375,317.416666667,0.658333333333,4.74166666667,75.3333333333,2.02875,0.0,720.0,10736.8046875,53.9375
2014.0,12.0,19.0,14.0,5.29083333333,41.5235,-3.75333333333,52.0583333333,246.5,0.791666666667,4.84166666667,75.25,1.956375,0.0,720.0,10736.8046875,54.7083333333
2014.0,12.0,19.0,15.0,5.53416666667,41.9615,-3.99583333333,50.2583333333,107.916666667,0.458333333333,3.75833333333,98.0833333333,1.919875,0.0,720.0,10736.8046875,51.4230769231
2014.0,12.0,19.0,16.0,3.8175,38.8715,-4.195,55.8166666667,4.66666666667,0.225,2.85833333333,89.9166666667,2.177375,0.0,720.0,10736.8046875,54.6666666667
2014.0,12.0,19.0,17.0,3.085,37.553,-4.3075,58.2916666667,1.0,0.108333333333,1.73333333333,85.0,2.28725,0.0,720.0,10736.8046875,52.6875
2014.0,12.0,19.0,18.0,1.6275,34.9295,-4.28583333333,64.775,1.0,0.45,2.93333333333,160.333333333,2.505875,0.0,720.0,10736.8046875,51.6041666667
2014.0,12.0,19.0,19.0,0.840833333333,33.5135,-4.455,67.6666666667,1.0,0.5,3.63333333333,150.25,2.623875,0.0,720.0,10736.8046875,51.2708333333
2014.0,12.0,19.0,20.0,0.254166666667,32.4575,-4.57,70.0,1.0,0.0833333333333,1.525,156.916666667,2.711875,0.0,720.0,10736.8046875,49.4791666667
2014.0,12.0,19.0,21.0,0.434166666667,32.7815,-4.75666666667,68.1583333333,1.0,0.116666666667,1.54166666667,133.916666667,2.684875,0.0,720.0,10736.8046875,49.6041666667
2014.0,12.0,19.0,22.0,0.598333333333,33.077,-4.93166666667,66.4416666667,1.0,0.116666666667,1.90833333333,116.75,2.66025,0.0,720.0,10736.8046875,49.125
2014.0,12.0,19.0,23.0,0.723333333333,33.302,-4.77916666667,66.5916666667,1.0,0.0166666666667,0.4,124.5,2.6415,0.0,720.0,10736.8046875,47.9375
2014.0,12.0,20.0,0.0,1.0825,33.9485,-4.7125,65.225,1.0,0.05,1.09166666667,108.25,2.587625,0.0,0.0,10736.8046875,48.2291666667
2014.0,12.0,20.0,1.0,1.3225,34.3805,-4.42583333333,65.5083333333,1.0,0.0,0.141666666667,122.333333333,2.551625,0.0,0.0,10736.8046875,47.8541666667
2014.0,12.0,20.0,2.0,1.09416666667,33.9695,-4.14083333333,68.05,1.0,0.141666666667,1.78333333333,148.75,2.585875,0.0,0.0,10736.8046875,48.0
2014.0,12.0,20.0,3.0,0.9325,33.6785,-4.0575,69.275,1.0,0.216666666667,2.375,146.583333333,2.610125,0.0,0.0,10736.8046875,48.5208333333
2014.0,12.0,20.0,4.0,0.826666666667,33.488,-4.00916666667,70.0583333333,1.0,0.0833333333333,1.35833333333,155.25,2.626,0.0,0.0,10736.8046875,47.7916666667
2014.0,12.0,20.0,5.0,0.47,32.846,-3.77833333333,73.1416666667,1.0,0.05,1.3,149.166666667,2.6795,0.0,0.0,10736.8046875,47.6875
2014.0,12.0,20.0,6.0,0.120833333333,32.2175,-3.94,74.125,1.0,0.141666666667,1.925,163.083333333,2.731875,0.0,0.0,10736.8046875,46.4791666667
2014.0,12.0,20.0,7.0,0.1475,32.2655,-4.41083333333,71.4,6.58333333333,0.0166666666667,0.508333333333,132.666666667,2.727875,0.0,0.0,10736.8046875,46.4791666667
2014.0,12.0,20.0,8.0,0.403333333333,32.726,-4.8625,67.7333333333,41.0,0.05,0.725,158.166666667,2.6895,0.0,0.0,10736.8046875,47.0208333333
2014.0,12.0,20.0,9.0,0.635833333333,33.1445,-5.09333333333,65.45,66.8333333333,0.05,1.15833333333,151.083333333,2.654625,0.0,0.0,10736.8046875,47.9583333333
2014.0,12.0,20.0,10.0,1.0675,33.9215,-4.99416666667,63.9333333333,119.666666667,0.05,0.708333333333,151.583333333,2.589875,0.0,0.0,10736.8046875,47.0625
2014.0,12.0,20.0,11.0,1.26833333333,34.283,-4.97,63.1166666667,123.166666667,0.1,1.00833333333,161.083333333,2.55975,0.0,0.0,10736.8046875,48.5625
2014.0,12.0,20.0,12.0,1.56916666667,34.8245,-4.8875,62.1666666667,125.75,0.0166666666667,0.258333333333,83.25,2.514625,0.0,0.0,10736.8046875,48.4583333333
2014.0,12.0,20.0,13.0,1.65,34.97,-4.81666666667,62.1166666667,107.0,0.0,0.35,150.0,2.5025,0.0,0.0,10736.8046875,49.5625
2014.0,12.0,20.0,14.0,1.5025,34.7045,-4.73833333333,63.1583333333,63.5,0.0,0.191666666667,163.083333333,2.524625,0.0,0.0,10736.8046875,49.2708333333
2014.0,12.0,20.0,15.0,1.43916666667,34.5905,-4.67083333333,63.7833333333,35.5,0.0,0.208333333333,106.75,2.534125,0.0,0.0,10736.8046875,50.4375
2014.0,12.0,20.0,16.0,1.36166666667,34.451,-4.54916666667,64.7083333333,5.08333333333,0.0,0.0833333333333,121.916666667,2.54575,0.0,0.0,10736.8046875,50.25
2014.0,12.0,20.0,17.0,1.26333333333,34.274,-4.57916666667,65.025,1.0,0.0,0.0666666666667,156.0,2.5605,0.0,0.0,10736.8046875,52.2916666667
2014.0,12.0,20.0,18.0,1.3275,34.3895,-4.52083333333,65.0166666667,1.0,0.0,0.0333333333333,118.75,2.550875,0.0,0.0,10736.8046875,50.7916666667
2014.0,12.0,20.0,19.0,1.26166666667,34.271,-4.46583333333,65.5916666667,1.0,0.0,0.166666666667,94.75,2.56075,0.0,0.0,10736.8046875,48.5833333333
2014.0,12.0,20.0,20.0,1.265,34.277,-4.44333333333,65.7,1.0,0.0,0.216666666667,123.916666667,2.56025,0.0,0.0,10736.8046875,47.5208333333
2014.0,12.0,20.0,21.0,1.2,34.16,-4.4075,66.175,1.0,0.0,0.191666666667,155.333333333,2.57,0.0,0.0,10736.8046875,48.6875
2014.0,12.0,20.0,22.0,1.19,34.142,-4.40833333333,66.2166666667,1.0,0.0333333333333,0.25,136.5,2.5715,0.0,0.0,10736.8046875,48.3958333333
2014.0,12.0,20.0,23.0,1.23833333333,34.229,-4.3625,66.225,1.0,0.0,0.0333333333333,101.666666667,2.56425,0.0,0.0,10736.8046875,48.2708333333
2014.0,12.0,21.0,0.0,1.08416666667,33.9515,-4.34,67.075,1.0,0.0,0.0666666666667,137.5,2.587375,0.0,0.0,10736.8046875,48.1041666667
2014.0,12.0,21.0,1.0,0.899166666667,33.6185,-4.085,69.2916666667,1.0,0.0,0.0,194.416666667,2.615125,0.0,0.0,10736.8046875,48.6041666667
2014.0,12.0,21.0,2.0,0.885833333333,33.5945,-4.06416666667,69.4666666667,1.0,0.0,0.0166666666667,127.166666667,2.617125,0.0,0.0,10736.8046875,48.0833333333
2014.0,12.0,21.0,3.0,0.655,33.179,-4.34333333333,69.175,1.0,0.0,0.108333333333,95.3333333333,2.65175,0.0,0.0,10736.8046875,48.125
2014.0,12.0,21.0,4.0,0.205,32.369,-4.28166666667,71.8,1.0,0.0,0.05,109.333333333,2.71925,0.0,0.0,10736.8046875,47.9791666667
2014.0,12.0,21.0,5.0,-0.129166666667,31.7675,-4.07916666667,74.7083333333,1.0,0.0,0.0,67.75,2.769375,0.0,0.0,10736.8046875,47.9166666667
2014.0,12.0,21.0,6.0,0.113333333333,32.204,-4.30416666667,72.15,1.16666666667,0.0,0.275,98.8333333333,2.733,0.0,0.0,10736.8046875,46.0625
2014.0,12.0,21.0,7.0,0.689166666667,33.2405,-5.07833333333,65.45,51.75,0.0,0.0333333333333,71.0833333333,2.646625,0.0,0.0,10736.8046875,45.7916666667
2014.0,12.0,21.0,8.0,2.68416666667,36.8315,-5.62083333333,54.3,181.25,0.0166666666667,0.558333333333,94.5833333333,2.347375,0.0,0.0,10736.8046875,45.7708333333
2014.0,12.0,21.0,9.0,3.73916666667,38.7305,-5.60083333333,50.475,303.666666667,0.133333333333,1.64166666667,96.5,2.189125,0.0,0.0,10736.8046875,46.7708333333
2014.0,12.0,21.0,10.0,4.45916666667,40.0265,-5.19916666667,49.5,377.916666667,0.216666666667,2.3,111.583333333,2.081125,0.0,0.0,10736.8046875,47.2291666667
2014.0,12.0,21.0,11.0,4.76,40.568,-5.21833333333,48.4083333333,419.416666667,0.2,2.55833333333,97.8333333333,2.036,0.0,0.0,10736.8046875,47.8125
2014.0,12.0,21.0,12.0,4.05666666667,39.302,-4.79833333333,52.475,396.0,0.216666666667,2.11666666667,86.0,2.1415,0.0,0.0,10736.8046875,48.0
2014.0,12.0,21.0,13.0,3.8525,38.9345,-4.20916666667,55.6166666667,338.75,0.341666666667,3.1,111.666666667,2.172125,0.0,0.0,10736.8046875,48.6666666667
2014.0,12.0,21.0,14.0,4.18416666667,39.5315,-4.09416666667,54.825,234.416666667,0.15,1.86666666667,107.666666667,2.122375,0.0,0.0,10736.8046875,48.8541666667
2014.0,12.0,21.0,15.0,4.10083333333,39.3815,-4.36,54.05,101.166666667,0.0833333333333,1.2,146.0,2.134875,0.0,0.0,10736.8046875,49.3958333333
2014.0,12.0,21.0,16.0,2.39083333333,36.3035,-4.395,60.85,4.66666666667,0.0166666666667,0.583333333333,116.166666667,2.391375,0.0,0.0,10736.8046875,50.2708333333
2014.0,12.0,21.0,17.0,1.67333333333,35.012,-4.06666666667,65.6416666667,1.0,0.0,0.175,148.833333333,2.499,0.0,0.0,10736.8046875,49.625
2014.0,12.0,21.0,18.0,1.27666666667,34.298,-3.90083333333,68.3833333333,1.0,0.0,0.158333333333,168.333333333,2.5585,0.0,0.0,10736.8046875,48.7916666667
2014.0,12.0,21.0,19.0,1.00916666667,33.8165,-3.74833333333,70.5083333333,1.0,0.0,0.0666666666667,148.916666667,2.598625,0.0,0.0,10736.8046875,48.3333333333
2014.0,12.0,21.0,20.0,0.46,32.828,-3.7,73.6416666667,1.0,0.0,0.125,131.666666667,2.681,0.0,0.0,10736.8046875,48.3125
2014.0,12.0,21.0,21.0,0.379166666667,32.6825,-3.7425,73.8333333333,1.0,0.0,0.0,169.083333333,2.693125,0.0,0.0,10736.8046875,48.3958333333
2014.0,12.0,21.0,22.0,0.394166666667,32.7095,-3.72833333333,73.8333333333,1.0,0.0,0.0,166.916666667,2.690875,0.0,0.0,10736.8046875,47.1458333333
2014.0,12.0,21.0,23.0,-0.334166666667,31.3985,-3.85833333333,77.1,1.0,0.0,0.0,168.416666667,2.800125,0.0,0.0,10736.8046875,47.25
2014.0,12.0,22.0,0.0,-1.02166666667,30.161,-4.06583333333,79.8166666667,1.0,0.0,0.175,171.916666667,2.90325,0.0,720.0,10736.8046875,46.75
2014.0,12.0,22.0,1.0,-0.6675,30.7985,-4.01166666667,78.0833333333,1.0,0.0,0.0,139.333333333,2.850125,0.0,720.0,10736.8046875,46.3958333333
2014.0,12.0,22.0,2.0,-0.770833333333,30.6125,-3.95833333333,78.9916666667,1.0,0.0,0.0333333333333,164.75,2.865625,0.0,720.0,10736.8046875,46.8958333333
2014.0,12.0,22.0,3.0,-0.4675,31.1585,-3.5875,79.4416666667,1.0,0.0,0.05,140.083333333,2.820125,0.0,720.0,10736.8046875,47.7083333333
2014.0,12.0,22.0,4.0,-0.19,31.658,-3.23083333333,79.95,1.0,0.0,0.0166666666667,163.916666667,2.7785,0.0,720.0,10736.8046875,47.6458333333
2014.0,12.0,22.0,5.0,0.341666666667,32.615,-2.80666666667,79.3916666667,1.0,0.0,0.0166666666667,165.416666667,2.69875,0.0,720.0,10736.8046875,46.7916666667
2014.0,12.0,22.0,6.0,0.544166666667,32.9795,-2.49833333333,80.0333333333,1.0,0.0,0.0833333333333,171.0,2.668375,0.0,720.0,10736.8046875,46.125
2014.0,12.0,22.0,7.0,0.4675,32.8415,-2.30416666667,81.65,12.25,0.05,1.1,154.416666667,2.679875,0.0,720.0,10736.8046875,46.375
2014.0,12.0,22.0,8.0,2.52083333333,36.5375,-2.12666666667,71.5333333333,166.333333333,0.0333333333333,0.925,169.5,2.371875,0.0,720.0,10736.8046875,47.3958333333
2014.0,12.0,22.0,9.0,5.57416666667,42.0335,-0.8525,63.2583333333,297.416666667,0.0,0.658333333333,195.583333333,1.913875,0.0,720.0,10736.8046875,50.25
2014.0,12.0,22.0,10.0,5.1175,41.2115,0.254166666667,70.8666666667,171.25,0.05,0.591666666667,209.166666667,1.982375,0.0,720.0,10736.8046875,51.6458333333
2014.0,12.0,22.0,11.0,6.03833333333,42.869,0.9975,70.0666666667,170.166666667,0.0,0.275,207.833333333,1.84425,0.0,720.0,10736.8046875,52.2708333333
2014.0,12.0,22.0,12.0,6.4575,43.6235,1.6225,71.2083333333,163.75,0.0166666666667,0.741666666667,206.166666667,1.781375,0.0,720.0,10736.8046875,53.375
2014.0,12.0,22.0,13.0,6.62333333333,43.922,2.0925,72.775,127.083333333,0.0166666666667,0.391666666667,176.416666667,1.7565,0.0,720.0,10736.8046875,53.25
2014.0,12.0,22.0,14.0,6.79083333333,44.2235,2.55333333333,74.3416666667,88.25,0.0166666666667,1.15833333333,205.833333333,1.731375,0.0,720.0,10736.8046875,54.2083333333
2014.0,12.0,22.0,15.0,6.24,43.232,2.81,78.6416666667,38.4166666667,0.25,2.275,205.083333333,1.814,0.0,720.0,10736.8046875,53.625
2014.0,12.0,22.0,16.0,5.6475,42.1655,3.12,83.7666666667,4.33333333333,0.308333333333,2.71666666667,216.5,1.902875,0.0,720.0,10736.8046875,53.25
2014.0,12.0,22.0,17.0,5.03083333333,41.0555,3.36333333333,88.975,1.0,0.4,3.26666666667,185.666666667,1.995375,0.0,720.0,10736.8046875,54.4791666667
2014.0,12.0,22.0,18.0,4.76166666667,40.571,3.615,92.2583333333,1.0,0.341666666667,2.53333333333,188.916666667,2.03575,0.0,720.0,10736.8046875,52.1666666667
2014.0,12.0,22.0,19.0,4.60416666667,40.2875,3.96333333333,95.6416666667,1.0,0.35,2.76666666667,189.0,2.059375,0.0,720.0,10736.8046875,52.4375
2014.0,12.0,22.0,20.0,4.89833333333,40.817,4.46583333333,97.0,1.0,0.266666666667,2.25833333333,189.25,2.01525,0.0,720.0,10736.8046875,51.7916666667
2014.0,12.0,22.0,21.0,5.44083333333,41.7935,4.88416666667,96.1833333333,1.0,0.408333333333,3.45833333333,194.833333333,1.933875,0.0,720.0,10736.8046875,51.1458333333
2014.0,12.0,22.0,22.0,6.26083333333,43.2695,5.61583333333,95.6083333333,1.0,0.358333333333,2.34166666667,196.666666667,1.810875,0.0,720.0,10736.8046875,51.0833333333
2014.0,12.0,22.0,23.0,6.77333333333,44.192,6.56916666667,98.575,1.0,0.883333333333,4.53333333333,209.833333333,1.734,0.0,720.0,10736.8046875,50.2083333333
2014.0,12.0,23.0,0.0,7.27916666667,45.1025,6.89666666667,97.375,1.0,0.791666666667,3.71666666667,212.25,1.658125,0.0,720.0,10736.8046875,50.0
2014.0,12.0,23.0,1.0,8.27166666667,46.889,7.32583333333,93.7,1.0,1.075,5.38333333333,208.666666667,1.50925,0.0,720.0,10736.8046875,49.5625
2014.0,12.0,23.0,2.0,8.30916666667,46.9565,7.71666666667,96.0,1.0,1.11666666667,4.8,203.666666667,1.503625,0.0,720.0,10736.8046875,48.9375
2014.0,12.0,23.0,3.0,8.63,47.534,8.165,96.8416666667,1.0,1.40833333333,5.35,209.083333333,1.4555,0.0,720.0,10736.8046875,50.4375
2014.0,12.0,23.0,4.0,8.49583333333,47.2925,8.4575,99.675,1.0,0.775,4.15833333333,200.083333333,1.475625,0.0,720.0,10736.8046875,49.3541666667
2014.0,12.0,23.0,5.0,8.56,47.408,8.57,100.0,1.0,0.9,4.38333333333,204.5,1.466,0.0,720.0,10736.8046875,49.4375
2014.0,12.0,23.0,6.0,8.64333333333,47.558,8.65333333333,100.0,1.0,0.766666666667,4.675,219.083333333,1.4535,0.0,720.0,10736.8046875,49.875
2014.0,12.0,23.0,7.0,8.9275,48.0695,8.93666666667,100.0,8.08333333333,0.675,4.225,217.083333333,1.410875,0.0,720.0,10736.8046875,48.1041666667
2014.0,12.0,23.0,8.0,9.26166666667,48.671,9.27166666667,100.0,45.75,0.491666666667,3.525,217.166666667,1.36075,0.0,720.0,10736.8046875,48.1666666667
2014.0,12.0,23.0,9.0,9.52166666667,49.139,7.535,89.7083333333,48.1666666667,0.15,1.93333333333,212.916666667,1.32175,0.0,720.0,10736.8046875,50.9166666667
2014.0,12.0,23.0,10.0,9.75833333333,49.565,-35.5716666667,7.10833333333,89.0833333333,0.308333333333,3.05833333333,220.083333333,1.28625,0.0,720.0,10736.8046875,52.3541666667
2014.0,12.0,23.0,11.0,9.8125,49.6625,-43.9708333333,1.0,90.3333333333,0.2,2.23333333333,222.5,1.278125,0.0,720.0,10736.8046875,52.625
2014.0,12.0,23.0,12.0,9.78,49.604,-43.9925,1.0,103.166666667,0.25,2.15,207.416666667,1.283,0.0,720.0,10736.8046875,53.125
2014.0,12.0,23.0,13.0,9.69833333333,49.457,-44.0425,1.0,83.8333333333,0.2,2.15,211.833333333,1.29525,0.0,720.0,10736.8046875,53.8125
2014.0,12.0,23.0,14.0,9.45416666667,49.0175,-44.1916666667,1.0,47.4166666667,0.425,2.79166666667,215.666666667,1.331875,0.0,720.0,10736.8046875,53.25
2014.0,12.0,23.0,15.0,9.54833333333,49.187,-17.5791666667,48.7833333333,18.4166666667,0.341666666667,2.75833333333,231.833333333,1.31775,0.0,720.0,10736.8046875,53.2916666667
2014.0,12.0,23.0,16.0,9.225,48.605,9.1625,99.5083333333,1.16666666667,0.283333333333,2.325,222.166666667,1.36625,0.0,720.0,10736.8046875,52.7916666667
2014.0,12.0,23.0,17.0,9.0075,48.2135,8.9875,99.7916666667,1.0,0.1,1.28333333333,225.25,1.398875,0.0,720.0,10736.8046875,51.5833333333
2014.0,12.0,23.0,18.0,8.61666666667,47.51,8.4975,99.15,1.0,0.2,1.91666666667,216.833333333,1.4575,0.0,720.0,10736.8046875,49.9375
2014.0,12.0,23.0,19.0,8.49666666667,47.294,8.12,97.425,1.0,0.591666666667,3.31666666667,209.75,1.4755,0.0,720.0,10736.8046875,49.9166666667
2014.0,12.0,23.0,20.0,8.6425,47.5565,8.14416666667,96.6166666667,1.0,0.133333333333,1.675,203.25,1.453625,0.0,720.0,10736.8046875,48.2083333333
2014.0,12.0,23.0,21.0,8.30666666667,46.952,8.00416666667,97.8833333333,1.0,0.3,2.29166666667,236.166666667,1.504,0.0,720.0,10736.8046875,49.3333333333
2014.0,12.0,23.0,22.0,8.40166666667,47.123,8.04916666667,97.575,1.0,0.116666666667,1.50833333333,221.916666667,1.48975,0.0,720.0,10736.8046875,48.375
2014.0,12.0,23.0,23.0,8.30583333333,46.9505,8.02,98.0083333333,1.0,0.341666666667,2.34166666667,221.833333333,1.504125,0.0,720.0,10736.8046875,48.0625
2014.0,12.0,24.0,0.0,8.4675,47.2415,8.17833333333,97.9916666667,1.0,0.0333333333333,0.866666666667,223.666666667,1.479875,0.0,720.0,10736.8046875,48.0208333333
2014.0,12.0,24.0,1.0,8.3075,46.9535,8.17166666667,99.0333333333,1.0,0.116666666667,1.0,217.0,1.503875,0.0,720.0,10736.8046875,47.8125
2014.0,12.0,24.0,2.0,8.35083333333,47.0315,8.30166666667,99.6083333333,1.0,0.0,0.0666666666667,200.666666667,1.497375,0.0,720.0,10736.8046875,47.7916666667
2014.0,12.0,24.0,3.0,8.16416666667,46.6955,7.99916666667,98.825,1.0,0.05,0.9,212.416666667,1.525375,0.0,720.0,10736.8046875,48.25
2014.0,12.0,24.0,4.0,8.07833333333,46.541,-8.795,59.2833333333,1.0,0.0833333333333,1.15,203.666666667,1.53825,0.0,720.0,10736.8046875,47.9791666667
2014.0,12.0,24.0,5.0,8.09166666667,46.565,-45.03,1.0,1.0,0.2,2.29166666667,208.0,1.53625,0.0,720.0,10736.8046875,48.1666666667
2014.0,12.0,24.0,6.0,8.36666666667,47.06,-44.8575,1.0,1.0,0.0666666666667,1.49166666667,217.25,1.495,0.0,720.0,10736.8046875,47.5833333333
2014.0,12.0,24.0,7.0,8.72833333333,47.711,-44.6358333333,1.0,6.08333333333,0.183333333333,1.59166666667,194.583333333,1.44075,0.0,720.0,10736.8046875,46.9375
2014.0,12.0,24.0,8.0,9.15666666667,48.482,-44.3725,1.0,13.3333333333,0.0666666666667,1.39166666667,211.5,1.3765,0.0,720.0,10736.8046875,46.7291666667
2014.0,12.0,24.0,9.0,9.6975,49.4555,-44.0425,1.0,19.0833333333,0.0333333333333,1.225,220.5,1.295375,0.0,720.0,10736.8046875,47.1041666667
2014.0,12.0,24.0,10.0,10.0883333333,50.159,-43.8,1.0,27.8333333333,0.0333333333333,0.65,204.75,1.23675,0.0,720.0,10736.8046875,48.7708333333
2014.0,12.0,24.0,11.0,10.4166666667,50.75,-43.5991666667,1.0,34.8333333333,0.0166666666667,0.575,201.75,1.1875,0.0,720.0,10736.8046875,48.4583333333
2014.0,12.0,24.0,12.0,11.1308333333,52.0355,-43.1625,1.0,46.6666666667,0.0666666666667,1.09166666667,199.083333333,1.080375,0.0,720.0,10736.8046875,48.0625
2014.0,12.0,24.0,13.0,11.7675,53.1815,-42.7733333333,1.0,39.0833333333,0.0,0.0833333333333,194.25,0.984875,0.0,720.0,10736.8046875,48.0625
2014.0,12.0,24.0,14.0,12.5275,54.5495,-42.31,1.0,19.25,0.0,0.0166666666667,202.833333333,0.870875,0.0,720.0,10736.8046875,48.0
2014.0,12.0,24.0,15.0,14.1333333333,57.44,-41.33,1.0,4.58333333333,0.0,0.4,247.25,0.63,0.0,720.0,10736.8046875,48.2291666667
2014.0,12.0,24.0,16.0,16.4716666667,61.649,-39.91,1.0,1.0,0.15,2.19166666667,171.0,0.27925,0.0,720.0,10736.8046875,48.6875
2014.0,12.0,24.0,17.0,16.2625,61.2725,-40.0358333333,1.0,1.0,0.133333333333,1.5,308.333333333,0.310625,0.0,720.0,10736.8046875,49.6875
2014.0,12.0,24.0,18.0,16.0091666667,60.8165,-40.1883333333,1.0,1.0,0.05,0.708333333333,149.166666667,0.348625,0.0,720.0,10736.8046875,49.0416666667
2014.0,12.0,24.0,19.0,15.9591666667,60.7265,-24.0433333333,26.575,1.0,0.641666666667,3.525,78.3333333333,0.356125,0.0,720.0,10736.8046875,50.7708333333
2014.0,12.0,24.0,20.0,16.02,60.836,16.0408333333,100.0,1.0,0.05,1.54166666667,149.666666667,0.347,0.0,720.0,10736.8046875,50.0625
2014.0,12.0,24.0,21.0,16.7216666667,62.099,16.7225,99.85,1.0,0.466666666667,3.45,305.25,0.24175,0.0,720.0,10736.8046875,50.375
2014.0,12.0,24.0,22.0,17.3991666667,63.3185,17.005,97.4166666667,1.0,0.375,3.38333333333,170.5,0.140125,0.0,720.0,10736.8046875,49.4791666667
2014.0,12.0,24.0,23.0,17.5491666667,63.5885,16.9833333333,96.3583333333,1.0,0.15,1.95833333333,127.416666667,0.117625,0.0,720.0,10736.8046875,49.1875
2014.0,12.0,25.0,0.0,17.5141666667,63.5255,17.0975,97.2916666667,1.0,0.225,2.55833333333,305.25,0.122875,0.0,720.0,10736.8046875,49.7708333333
2014.0,12.0,25.0,1.0,17.08,62.744,17.1016666667,100.0,1.0,0.625,4.40833333333,49.75,0.188,0.0,720.0,10736.8046875,49.2291666667
2014.0,12.0,25.0,2.0,16.4966666667,61.694,15.2958333333,92.7583333333,1.0,1.90833333333,7.15833333333,48.8333333333,0.2755,0.0,720.0,10736.8046875,48.8958333333
2014.0,12.0,25.0,3.0,14.0458333333,57.2825,11.2433333333,83.4666666667,1.0,1.85833333333,6.68333333333,58.5,0.643125,0.0,720.0,10736.8046875,49.1666666667
2014.0,12.0,25.0,4.0,11.2316666667,52.217,11.015,98.5,1.0,0.85,5.23333333333,59.8333333333,1.06525,0.0,720.0,10736.8046875,49.0833333333
2014.0,12.0,25.0,5.0,10.8866666667,51.596,9.50833333333,91.2666666667,1.0,1.16666666667,5.76666666667,64.0,1.117,0.0,720.0,10736.8046875,48.7291666667
2014.0,12.0,25.0,6.0,10.4,50.72,7.2,80.5166666667,1.0,0.7,3.75,63.9166666667,1.19,0.0,720.0,10736.8046875,48.375
2014.0,12.0,25.0,7.0,9.87166666667,49.769,6.21833333333,77.9583333333,7.66666666667,0.466666666667,3.6,62.5,1.26925,0.0,720.0,10736.8046875,47.0208333333
2014.0,12.0,25.0,8.0,9.72833333333,49.511,5.65166666667,75.6916666667,48.75,0.566666666667,3.83333333333,59.9166666667,1.29075,0.0,720.0,10736.8046875,46.3333333333
2014.0,12.0,25.0,9.0,10.49,50.882,3.295,61.2916666667,208.416666667,1.75833333333,6.63333333333,63.25,1.1765,0.0,720.0,10736.8046875,47.5
2014.0,12.0,25.0,10.0,11.72,53.096,1.715,50.2583333333,383.5,2.60833333333,8.43333333333,63.75,0.992,0.0,720.0,10736.8046875,47.4583333333
2014.0,12.0,25.0,11.0,11.07,51.926,1.015,49.8916666667,156.5,2.43333333333,7.83333333333,64.9166666667,1.0895,0.0,720.0,10736.8046875,48.7083333333
2014.0,12.0,25.0,12.0,11.3316666667,52.397,0.394166666667,46.9416666667,306.916666667,2.93333333333,8.31666666667,60.4166666667,1.05025,0.0,720.0,10736.8046875,48.9583333333
2014.0,12.0,25.0,13.0,10.63,51.134,0.900833333333,50.9166666667,109.333333333,2.3,7.85,63.5833333333,1.1555,0.0,720.0,10736.8046875,48.1666666667
2014.0,12.0,25.0,14.0,10.8258333333,51.4865,0.4075,48.5166666667,136.166666667,1.80833333333,7.15,66.1666666667,1.126125,0.0,720.0,10736.8046875,47.5208333333
2014.0,12.0,25.0,15.0,10.7541666667,51.3575,0.236666666667,48.1416666667,75.5,1.075,4.05833333333,59.1666666667,1.136875,0.0,720.0,10736.8046875,48.9583333333
2014.0,12.0,25.0,16.0,9.56166666667,49.211,0.525,53.2666666667,6.5,0.0,0.0,56.8333333333,1.31575,0.0,720.0,10736.8046875,48.6041666667
2014.0,12.0,25.0,17.0,8.8325,47.8985,0.735833333333,56.7916666667,1.0,0.0,0.0,56.9166666667,1.425125,0.0,720.0,10736.8046875,49.3958333333
2014.0,12.0,25.0,18.0,8.355,47.039,0.631666666667,58.2,1.0,0.0,0.0,58.4166666667,1.49675,0.0,720.0,10736.8046875,49.4791666667
2014.0,12.0,25.0,19.0,7.79416666667,46.0295,0.3425,59.2166666667,1.0,0.0,0.0,58.25,1.580875,0.0,720.0,10736.8046875,49.0625
2014.0,12.0,25.0,20.0,7.15,44.87,0.4575,62.4083333333,1.0,0.0,0.0,52.0833333333,1.6775,0.0,720.0,10736.8046875,49.1041666667
2014.0,12.0,25.0,21.0,6.6375,43.9475,-0.186666666667,61.6833333333,1.0,0.0,0.0,54.6666666667,1.754375,0.0,720.0,10736.8046875,50.1458333333
2014.0,12.0,25.0,22.0,6.0825,42.9485,-0.2875,63.6333333333,1.0,0.0,0.0,49.25,1.837625,0.0,720.0,10736.8046875,49.8958333333
2014.0,12.0,25.0,23.0,5.51583333333,41.9285,-0.0341666666667,67.425,1.0,0.283333333333,1.80833333333,46.25,1.922625,0.0,720.0,10736.8046875,48.3541666667
2014.0,12.0,26.0,0.0,4.82666666667,40.688,0.239166666667,72.1583333333,1.0,0.0666666666667,1.06666666667,47.75,2.026,0.0,720.0,10736.8046875,48.7083333333
2014.0,12.0,26.0,1.0,4.15416666667,39.4775,0.190833333333,75.3666666667,1.0,0.0166666666667,0.766666666667,49.25,2.126875,0.0,720.0,10736.8046875,48.3541666667
2014.0,12.0,26.0,2.0,3.91,39.038,0.0616666666667,75.9583333333,1.0,0.0916666666667,0.541666666667,47.9166666667,2.1635,0.0,720.0,10736.8046875,48.2083333333
2014.0,12.0,26.0,3.0,3.65416666667,38.5775,-0.0158333333333,76.9083333333,1.0,0.233333333333,1.975,43.1666666667,2.201875,0.0,720.0,10736.8046875,48.6666666667
2014.0,12.0,26.0,4.0,2.97833333333,37.361,-0.313333333333,78.9416666667,1.0,0.45,2.80833333333,49.0833333333,2.30325,0.0,720.0,10736.8046875,48.6041666667
2014.0,12.0,26.0,5.0,2.96916666667,37.3445,-0.345833333333,78.8083333333,1.0,0.125,1.275,51.75,2.304625,0.0,720.0,10736.8046875,48.125
2014.0,12.0,26.0,6.0,2.63333333333,36.74,-0.4775,79.925,1.25,0.0333333333333,0.308333333333,50.6666666667,2.355,0.0,720.0,10736.8046875,48.5208333333
2014.0,12.0,26.0,7.0,3.58,38.444,-0.893333333333,72.7083333333,48.4166666667,0.0,0.225,46.4166666667,2.213,0.0,720.0,10736.8046875,47.375
2014.0,12.0,26.0,8.0,5.85416666667,42.5375,-1.0875,61.05,191.916666667,0.0333333333333,0.533333333333,49.25,1.871875,0.0,720.0,10736.8046875,47.7916666667
2014.0,12.0,26.0,9.0,8.3625,47.0525,-0.925,51.975,313.333333333,0.0333333333333,1.23333333333,55.0,1.495625,0.0,720.0,10736.8046875,47.6458333333
2014.0,12.0,26.0,10.0,9.64416666667,49.3595,-0.7925,48.1583333333,399.083333333,0.216666666667,2.05833333333,85.5,1.303375,0.0,720.0,10736.8046875,47.7291666667
2014.0,12.0,26.0,11.0,9.90083333333,49.8215,-0.875833333333,47.0416666667,438.416666667,0.133333333333,1.58333333333,72.1666666667,1.264875,0.0,720.0,10736.8046875,48.9583333333
2014.0,12.0,26.0,12.0,9.6225,49.3205,-0.458333333333,49.5,427.166666667,0.35,2.2,58.25,1.306625,0.0,720.0,10736.8046875,49.2291666667
2014.0,12.0,26.0,13.0,9.73083333333,49.5155,0.2325,51.5333333333,362.0,0.183333333333,1.78333333333,52.8333333333,1.290375,0.0,720.0,10736.8046875,49.0416666667
2014.0,12.0,26.0,14.0,9.93166666667,49.877,0.1225,50.45,257.166666667,0.383333333333,2.85,49.9166666667,1.26025,0.0,720.0,10736.8046875,49.2083333333
2014.0,12.0,26.0,15.0,10.1383333333,50.249,0.495833333333,51.125,113.666666667,0.616666666667,3.21666666667,46.9166666667,1.22925,0.0,720.0,10736.8046875,48.6875
2014.0,12.0,26.0,16.0,8.35833333333,47.045,0.674166666667,58.4,7.5,0.325,2.15,50.0,1.49625,0.0,720.0,10736.8046875,48.4791666667
2014.0,12.0,26.0,17.0,7.50666666667,45.512,0.858333333333,62.6833333333,1.0,0.0,0.208333333333,45.3333333333,1.624,0.0,720.0,10736.8046875,49.125
2014.0,12.0,26.0,18.0,7.26666666667,45.08,0.9825,64.3,1.0,0.0666666666667,0.816666666667,42.5,1.66,0.0,720.0,10736.8046875,49.125
2014.0,12.0,26.0,19.0,6.80583333333,44.2505,1.03333333333,66.625,1.0,0.0333333333333,0.55,45.0833333333,1.729125,0.0,720.0,10736.8046875,49.0625
2014.0,12.0,26.0,20.0,6.295,43.331,1.105,69.35,1.0,0.1,1.71666666667,42.9166666667,1.80575,0.0,720.0,10736.8046875,47.375
2014.0,12.0,26.0,21.0,5.67,42.206,1.16333333333,72.7333333333,1.0,0.1,1.5,50.6666666667,1.8995,0.0,720.0,10736.8046875,48.1875
2014.0,12.0,26.0,22.0,4.96666666667,40.94,1.27166666667,76.9833333333,1.0,0.133333333333,1.53333333333,47.3333333333,2.005,0.0,720.0,10736.8046875,48.0625
2014.0,12.0,26.0,23.0,4.62166666667,40.319,1.325,79.1583333333,1.0,0.0166666666667,0.308333333333,40.75,2.05675,0.0,720.0,10736.8046875,47.7708333333
2014.0,12.0,27.0,0.0,4.44916666667,40.0085,1.19083333333,79.3416666667,1.0,0.0,0.0333333333333,36.75,2.082625,0.0,0.0,10736.8046875,47.3541666667
2014.0,12.0,27.0,1.0,4.2975,39.7355,1.23833333333,80.4666666667,1.0,0.0,0.158333333333,40.5,2.105375,0.0,0.0,10736.8046875,47.1666666667
2014.0,12.0,27.0,2.0,4.04916666667,39.2885,1.14083333333,81.3083333333,1.0,0.0,0.225,46.75,2.142625,0.0,0.0,10736.8046875,46.9166666667
2014.0,12.0,27.0,3.0,3.8625,38.9525,0.970833333333,81.3916666667,1.0,0.0,0.0916666666667,44.4166666667,2.170625,0.0,0.0,10736.8046875,47.3333333333
2014.0,12.0,27.0,4.0,3.81666666667,38.87,0.933333333333,81.45,1.0,0.0,0.0,45.5833333333,2.1775,0.0,0.0,10736.8046875,47.0
2014.0,12.0,27.0,5.0,3.21666666667,37.79,1.02916666667,85.5583333333,1.0,0.0,0.0,43.0833333333,2.2675,0.0,0.0,10736.8046875,47.1041666667
2014.0,12.0,27.0,6.0,3.38083333333,38.0855,1.08083333333,84.9083333333,1.16666666667,0.0,0.0,49.0,2.242875,0.0,0.0,10736.8046875,46.9791666667
2014.0,12.0,27.0,7.0,4.39666666667,39.914,1.0625,79.0666666667,39.75,0.0,0.0,35.0833333333,2.0905,0.0,0.0,10736.8046875,46.3125
2014.0,12.0,27.0,8.0,4.17666666667,39.518,1.29666666667,81.7833333333,114.5,0.0166666666667,0.458333333333,54.0833333333,2.1235,0.0,0.0,10736.8046875,45.125
2014.0,12.0,27.0,9.0,6.99916666667,44.5985,1.4175,67.925,264.333333333,0.0,0.258333333333,55.9166666667,1.700125,0.0,0.0,10736.8046875,46.4791666667
2014.0,12.0,27.0,10.0,10.1691666667,50.3045,1.50083333333,54.9916666667,385.25,0.0,0.0166666666667,51.25,1.224625,0.0,0.0,10736.8046875,46.9583333333
2014.0,12.0,27.0,11.0,11.99,53.582,1.7575,49.5333333333,429.416666667,0.0,0.283333333333,46.25,0.9515,0.0,0.0,10736.8046875,47.5
2014.0,12.0,27.0,12.0,12.4833333333,54.47,2.11916666667,49.2083333333,410.666666667,0.0,0.333333333333,49.5,0.8775,0.0,0.0,10736.8046875,48.2708333333
2014.0,12.0,27.0,13.0,13.7416666667,56.735,2.70083333333,47.2,327.0,0.0,0.0916666666667,229.0,0.68875,0.0,0.0,10736.8046875,48.2708333333
2014.0,12.0,27.0,14.0,14.4075,57.9335,2.38666666667,44.225,240.75,0.0166666666667,0.325,191.5,0.588875,0.0,0.0,10736.8046875,47.875
2014.0,12.0,27.0,15.0,14.6958333333,58.4525,1.88333333333,41.8833333333,107.416666667,0.0166666666667,0.333333333333,26.75,0.545625,0.0,0.0,10736.8046875,47.6458333333
2014.0,12.0,27.0,16.0,11.9058333333,53.4305,1.61166666667,49.3166666667,10.9166666667,0.0,0.0,307.25,0.964125,0.0,0.0,10736.8046875,47.75
2014.0,12.0,27.0,17.0,11.26,52.268,0.935833333333,48.9583333333,1.0,0.0,0.05,69.0833333333,1.061,0.0,0.0,10736.8046875,48.4166666667
2014.0,12.0,27.0,18.0,10.8108333333,51.4595,1.54,52.6916666667,1.0,0.05,0.558333333333,31.9166666667,1.128375,0.0,0.0,10736.8046875,49.2708333333
2014.0,12.0,27.0,19.0,9.59666666667,49.274,1.97916666667,59.0083333333,1.0,0.0166666666667,0.575,45.5,1.3105,0.0,0.0,10736.8046875,48.6666666667
2014.0,12.0,27.0,20.0,8.39416666667,47.1095,2.79833333333,67.8083333333,1.0,0.0333333333333,0.308333333333,47.6666666667,1.490875,0.0,0.0,10736.8046875,47.6458333333
2014.0,12.0,27.0,21.0,7.765,45.977,3.09583333333,72.2666666667,1.0,0.283333333333,2.125,49.8333333333,1.58525,0.0,0.0,10736.8046875,49.1458333333
2014.0,12.0,27.0,22.0,7.27666666667,45.098,3.33166666667,76.0,1.0,0.0166666666667,0.233333333333,32.5,1.6585,0.0,0.0,10736.8046875,48.3541666667
2014.0,12.0,27.0,23.0,6.89416666667,44.4095,3.78833333333,80.55,1.0,0.0,0.0,57.1666666667,1.715875,0.0,0.0,10736.8046875,48.3125
2014.0,12.0,28.0,0.0,6.85333333333,44.336,3.91416666667,81.4916666667,1.0,0.0,0.333333333333,71.5,1.722,0.0,0.0,10736.8046875,48.4166666667
2014.0,12.0,28.0,1.0,6.90666666667,44.432,4.20583333333,82.875,1.0,0.0,0.108333333333,241.75,1.714,0.0,0.0,10736.8046875,48.3958333333
2014.0,12.0,28.0,2.0,6.65333333333,43.976,4.10333333333,83.7416666667,1.0,0.0166666666667,0.366666666667,42.9166666667,1.752,0.0,0.0,10736.8046875,48.25
2014.0,12.0,28.0,3.0,6.75083333333,44.1515,4.08666666667,83.0833333333,1.0,0.0,0.3,44.1666666667,1.737375,0.0,0.0,10736.8046875,48.7916666667
2014.0,12.0,28.0,4.0,6.90916666667,44.4365,4.19666666667,82.8083333333,1.0,0.366666666667,2.775,45.4166666667,1.713625,0.0,0.0,10736.8046875,48.1875
2014.0,12.0,28.0,5.0,7.08583333333,44.7545,4.51083333333,83.6416666667,1.0,0.05,0.991666666667,48.1666666667,1.687125,0.0,0.0,10736.8046875,48.4375
2014.0,12.0,28.0,6.0,7.20083333333,44.9615,4.80416666667,84.775,1.0,0.0333333333333,0.691666666667,47.8333333333,1.669875,0.0,0.0,10736.8046875,48.2916666667
2014.0,12.0,28.0,7.0,7.5425,45.5765,4.83583333333,82.9083333333,9.41666666667,0.0,0.183333333333,54.6666666667,1.618625,0.0,0.0,10736.8046875,47.0208333333
2014.0,12.0,28.0,8.0,7.81416666667,46.0655,5.74333333333,86.8666666667,20.5,0.0,0.6,42.0,1.577875,0.0,0.0,10736.8046875,46.3541666667
2014.0,12.0,28.0,9.0,8.04583333333,46.4825,5.6625,84.8833333333,62.8333333333,0.0333333333333,1.24166666667,50.6666666667,1.543125,0.0,0.0,10736.8046875,47.1875
2014.0,12.0,28.0,10.0,9.74583333333,49.5425,5.70166666667,75.95,190.75,0.241666666667,2.54166666667,51.4166666667,1.288125,0.0,0.0,10736.8046875,47.5416666667
2014.0,12.0,28.0,11.0,12.0808333333,53.7455,5.5,64.15,237.833333333,0.05,1.175,60.75,0.937875,0.0,0.0,10736.8046875,47.8958333333
2014.0,12.0,28.0,12.0,12.8216666667,55.079,5.80333333333,62.3083333333,136.833333333,0.0333333333333,0.891666666667,52.6666666667,0.82675,0.0,0.0,10736.8046875,47.7291666667
2014.0,12.0,28.0,13.0,13.2333333333,55.82,5.88333333333,60.9833333333,171.75,0.1,1.55833333333,55.25,0.765,0.0,0.0,10736.8046875,47.6041666667
2014.0,12.0,28.0,14.0,13.3633333333,56.054,6.05416666667,61.1916666667,96.8333333333,0.0166666666667,0.3,68.5,0.7455,0.0,0.0,10736.8046875,47.5
2014.0,12.0,28.0,15.0,13.0183333333,55.433,6.485,64.4666666667,29.9166666667,0.0333333333333,0.841666666667,67.0833333333,0.79725,0.0,0.0,10736.8046875,48.3958333333
2014.0,12.0,28.0,16.0,12.3483333333,54.227,6.9325,69.575,1.33333333333,0.0333333333333,0.85,72.8333333333,0.89775,0.0,0.0,10736.8046875,48.8125
2014.0,12.0,28.0,17.0,11.0575,51.9035,7.63416666667,79.475,1.0,0.0,0.391666666667,77.3333333333,1.091375,0.0,0.0,10736.8046875,50.1041666667
2014.0,12.0,28.0,18.0,10.6225,51.1205,7.08833333333,78.7166666667,1.0,0.0,0.125,71.5,1.156625,0.0,0.0,10736.8046875,49.6041666667
2014.0,12.0,28.0,19.0,10.5291666667,50.9525,6.955,78.475,1.0,0.0,0.05,71.5833333333,1.170625,0.0,0.0,10736.8046875,49.375
2014.0,12.0,28.0,20.0,10.2941666667,50.5295,6.94333333333,79.6666666667,1.0,0.0,0.375,70.9166666667,1.205875,0.0,0.0,10736.8046875,49.3958333333
2014.0,12.0,28.0,21.0,9.6425,49.3565,5.6075,75.9666666667,1.0,0.0166666666667,0.858333333333,69.0,1.303625,0.0,0.0,10736.8046875,49.2291666667
2014.0,12.0,28.0,22.0,9.2075,48.5735,4.41666666667,71.925,1.0,0.05,1.1,94.4166666667,1.368875,0.0,0.0,10736.8046875,49.0208333333
2014.0,12.0,28.0,23.0,8.47666666667,47.258,2.99,68.3833333333,1.0,0.241666666667,2.425,116.833333333,1.4785,0.0,0.0,10736.8046875,48.9375
2014.0,12.0,29.0,0.0,7.65416666667,45.7775,1.92083333333,66.9833333333,1.0,0.391666666667,2.925,123.166666667,1.601875,0.0,720.0,10736.8046875,48.8541666667
2014.0,12.0,29.0,1.0,6.52916666667,43.7525,1.25666666667,69.0,1.0,0.708333333333,3.83333333333,152.0,1.770625,0.0,720.0,10736.8046875,48.8125
2014.0,12.0,29.0,2.0,5.945,42.701,0.095,66.0666666667,1.0,0.608333333333,4.15833333333,159.5,1.85825,0.0,720.0,10736.8046875,48.7291666667
2014.0,12.0,29.0,3.0,5.21166666667,41.381,-1.5575,61.6416666667,1.0,1.16666666667,5.025,156.833333333,1.96825,0.0,720.0,10736.8046875,48.3125
2014.0,12.0,29.0,4.0,4.5575,40.2035,-3.46833333333,55.95,1.0,0.625,3.925,154.666666667,2.066375,0.0,720.0,10736.8046875,48.0833333333
2014.0,12.0,29.0,5.0,4.285,39.713,-3.255,57.9416666667,1.0,0.166666666667,2.075,151.0,2.10725,0.0,720.0,10736.8046875,47.9166666667
2014.0,12.0,29.0,6.0,4.2525,39.6545,-3.0725,58.8666666667,1.0,0.133333333333,1.6,155.333333333,2.112125,0.0,720.0,10736.8046875,47.8333333333
2014.0,12.0,29.0,7.0,4.1925,39.5465,-3.0025,59.4333333333,19.4166666667,0.0166666666667,0.575,167.583333333,2.121125,0.0,720.0,10736.8046875,47.2291666667
2014.0,12.0,29.0,8.0,4.535,40.163,-3.46916666667,56.05,83.0833333333,0.275,2.19166666667,161.833333333,2.06975,0.0,720.0,10736.8046875,47.4166666667
2014.0,12.0,29.0,9.0,5.01666666667,41.03,-3.62416666667,53.55,134.833333333,0.266666666667,2.875,140.583333333,1.9975,0.0,720.0,10736.8046875,48.5
2014.0,12.0,29.0,10.0,6.42333333333,43.562,-3.8325,48.0083333333,247.916666667,0.0666666666667,0.908333333333,143.083333333,1.7865,0.0,720.0,10736.8046875,48.8333333333
2014.0,12.0,29.0,11.0,6.88,44.384,-4.32833333333,44.7916666667,368.416666667,0.1,1.24166666667,154.0,1.718,0.0,720.0,10736.8046875,49.5625
2014.0,12.0,29.0,12.0,7.1825,44.9285,-5.16333333333,41.1583333333,419.416666667,0.166666666667,1.84166666667,129.416666667,1.672625,0.0,720.0,10736.8046875,49.7708333333
2014.0,12.0,29.0,13.0,6.92833333333,44.471,-4.21583333333,44.8833333333,309.25,0.241666666667,2.04166666667,135.583333333,1.71075,0.0,720.0,10736.8046875,48.8333333333
2014.0,12.0,29.0,14.0,7.65583333333,45.7805,-4.05916666667,43.225,233.833333333,0.0666666666667,0.9,118.083333333,1.601625,0.0,720.0,10736.8046875,48.2083333333
2014.0,12.0,29.0,15.0,7.52416666667,45.5435,-4.16,43.35,102.333333333,0.1,1.5,108.666666667,1.621375,0.0,720.0,10736.8046875,48.6666666667
2014.0,12.0,29.0,16.0,5.8425,42.5165,-4.65,46.8083333333,6.5,0.0333333333333,0.658333333333,132.75,1.873625,0.0,720.0,10736.8046875,68.9375
2014.0,12.0,29.0,17.0,5.08583333333,41.1545,-5.39166666667,46.6416666667,1.0,0.0166666666667,0.408333333333,157.916666667,1.987125,0.0,720.0,10736.8046875,23.3333333333
2014.0,12.0,29.0,18.0,4.69666666667,40.454,-5.47833333333,47.6166666667,1.0,0.0,0.1,172.25,2.0455,0.0,720.0,10736.8046875,0.0
2014.0,12.0,29.0,19.0,4.01583333333,39.2285,-5.45083333333,50.0583333333,1.0,0.283333333333,2.075,142.25,2.147625,0.0,720.0,10736.8046875,4.20833333333
2014.0,12.0,29.0,20.0,3.15583333333,37.6805,-5.705,52.15,1.0,0.308333333333,2.56666666667,179.416666667,2.276625,0.0,720.0,10736.8046875,14.4791666667
2014.0,12.0,29.0,21.0,2.76,36.968,-5.92,52.7666666667,1.0,0.2,2.2,179.083333333,2.336,0.0,720.0,10736.8046875,21.8541666667
2014.0,12.0,29.0,22.0,2.74666666667,36.944,-6.10916666667,52.0583333333,1.0,0.0166666666667,0.641666666667,178.0,2.338,0.0,720.0,10736.8046875,96.9375
2014.0,12.0,29.0,23.0,2.6675,36.8015,-6.48416666667,50.8666666667,1.0,0.2,2.03333333333,176.0,2.349875,0.0,720.0,10736.8046875,125.166666667
2014.0,12.0,30.0,0.0,1.90833333333,35.435,-6.19916666667,54.925,1.0,0.0666666666667,1.24166666667,153.0,2.46375,0.0,720.0,10736.8046875,124.25
2014.0,12.0,30.0,1.0,0.986666666667,33.776,-5.79833333333,60.5083333333,1.0,0.1,1.58333333333,154.666666667,2.602,0.0,720.0,10736.8046875,127.75
2014.0,12.0,30.0,2.0,0.8,33.44,-5.4575,62.9083333333,1.0,0.466666666667,2.85833333333,169.5,2.63,0.0,720.0,10736.8046875,119.75
2014.0,12.0,30.0,8.0,0.14,32.252,-7.205,57.7166666667,69.9166666667,0.491666666667,3.35,151.25,2.729,0.0,720.0,10736.8046875,125.977272727
2014.0,12.0,30.0,9.0,0.715833333333,33.2885,-7.66083333333,53.4583333333,148.583333333,0.5,3.55,141.666666667,2.642625,0.0,720.0,10736.8046875,130.125
2014.0,12.0,30.0,10.0,1.12166666667,34.019,-8.4425,48.825,188.25,0.633333333333,3.50833333333,150.75,2.58175,0.0,720.0,10736.8046875,132.5625
2014.0,12.0,30.0,11.0,2.4375,36.3875,-8.72083333333,43.5833333333,363.0,0.225,2.48333333333,103.666666667,2.384375,0.0,720.0,10736.8046875,137.625
2014.0,12.0,30.0,12.0,3.26916666667,37.8845,-8.915,40.4083333333,408.416666667,0.35,2.96666666667,83.75,2.259625,0.0,720.0,10736.8046875,135.5625
2014.0,12.0,30.0,13.0,2.55,36.59,-8.635,43.4333333333,326.0,0.508333333333,3.64166666667,119.75,2.3675,0.0,720.0,10736.8046875,135.5625
2014.0,12.0,30.0,14.0,2.98,37.364,-9.455,39.5416666667,264.916666667,0.241666666667,2.49166666667,80.5,2.303,0.0,720.0,10736.8046875,135.291666667
2014.0,12.0,30.0,15.0,3.09416666667,37.5695,-10.2308333333,36.8416666667,126.75,0.158333333333,1.88333333333,80.75,2.285875,0.0,720.0,10736.8046875,133.395833333
2014.0,12.0,30.0,16.0,1.28833333333,34.319,-10.185,42.1083333333,8.83333333333,0.0,0.341666666667,78.5,2.55675,0.0,720.0,10736.8046875,133.604166667
2014.0,12.0,30.0,17.0,0.888333333333,33.599,-10.0208333333,43.8666666667,1.0,0.0,0.125,63.1666666667,2.61675,0.0,720.0,10736.8046875,130.729166667
2014.0,12.0,30.0,18.0,0.619166666667,33.1145,-10.1633333333,44.2166666667,1.0,0.0,0.25,61.25,2.657125,0.0,720.0,10736.8046875,130.75
2014.0,12.0,30.0,19.0,0.160833333333,32.2895,-10.2333333333,45.4666666667,1.0,0.0,0.383333333333,76.4166666667,2.725875,0.0,720.0,10736.8046875,127.916666667
2014.0,12.0,30.0,20.0,-0.330833333333,31.4045,-10.1675,47.3666666667,1.0,0.0,0.0,73.9166666667,2.799625,0.0,720.0,10736.8046875,128.770833333
2014.0,12.0,30.0,21.0,-0.229166666667,31.5875,-9.76,48.5666666667,1.0,0.0,0.0166666666667,78.0,2.784375,0.0,720.0,10736.8046875,129.958333333
2014.0,12.0,30.0,22.0,-0.724166666667,30.6965,-9.7675,50.3416666667,1.0,0.0,0.0,133.583333333,2.858625,0.0,720.0,10736.8046875,128.875
2014.0,12.0,30.0,23.0,-0.813333333333,30.536,-9.17416666667,53.0833333333,1.0,0.0,0.0,275.083333333,2.872,0.0,720.0,10736.8046875,127.729166667
2014.0,12.0,31.0,0.0,-1.015,30.173,-9.245,53.5833333333,1.0,0.0,0.0,301.583333333,2.90225,0.0,720.0,10736.8046875,128.729166667
2014.0,12.0,31.0,1.0,-1.15416666667,29.9225,-9.33916666667,53.725,1.0,0.0,0.108333333333,306.166666667,2.923125,0.0,720.0,10736.8046875,128.729166667
2014.0,12.0,31.0,2.0,-1.43583333333,29.4155,-9.10166666667,55.8833333333,1.0,0.0,0.183333333333,159.75,2.965375,0.0,720.0,10736.8046875,130.395833333
2014.0,12.0,31.0,3.0,-1.9625,28.4675,-8.65916666667,60.1333333333,1.0,0.05,0.833333333333,36.9166666667,3.044375,0.0,720.0,10736.8046875,129.104166667
2014.0,12.0,31.0,4.0,-2.38166666667,27.713,-8.77166666667,61.4916666667,1.0,0.0333333333333,0.983333333333,60.0833333333,3.10725,0.0,720.0,10736.8046875,129.729166667
2014.0,12.0,31.0,5.0,-2.6425,27.2435,-8.79583333333,62.5833333333,1.0,0.0666666666667,1.58333333333,58.75,3.146375,0.0,720.0,10736.8046875,130.791666667
2014.0,12.0,31.0,6.0,-2.9025,26.7755,-9.20833333333,61.7666666667,1.16666666667,0.35,2.75833333333,72.3333333333,3.185375,0.0,720.0,10736.8046875,131.75
2014.0,12.0,31.0,7.0,-2.6625,27.2075,-11.33,51.4,52.25,0.958333333333,5.05833333333,76.6666666667,3.149375,0.0,720.0,10736.8046875,132.75
2014.0,12.0,31.0,8.0,-1.965,28.463,-12.5233333333,44.3,148.833333333,0.691666666667,4.675,74.0,3.04475,0.0,720.0,10736.8046875,131.166666667
2014.0,12.0,31.0,9.0,-0.545833333333,31.0175,-12.8491666667,38.8166666667,316.416666667,0.708333333333,4.15833333333,73.8333333333,2.831875,0.0,720.0,10736.8046875,130.145833333
2014.0,12.0,31.0,10.0,0.3425,32.6165,-12.5041666667,37.4166666667,406.416666667,0.858333333333,5.19166666667,74.3333333333,2.698625,0.0,720.0,10736.8046875,131.6875
2014.0,12.0,31.0,11.0,0.563333333333,33.014,-12.6433333333,36.4083333333,440.666666667,0.741666666667,4.525,66.9166666667,2.6655,0.0,720.0,10736.8046875,132.375
2014.0,12.0,31.0,12.0,0.484166666667,32.8715,-12.6975,36.5083333333,427.333333333,0.566666666667,4.1,78.0,2.677375,0.0,720.0,10736.8046875,132.333333333
2014.0,12.0,31.0,13.0,0.181666666667,32.327,-12.3541666667,38.3166666667,365.583333333,1.25833333333,6.15833333333,62.1666666667,2.72275,0.0,720.0,10736.8046875,131.520833333
2014.0,12.0,31.0,14.0,0.515,32.927,-12.4458333333,37.125,261.333333333,1.09166666667,5.075,61.1666666667,2.67275,0.0,720.0,10736.8046875,131.75
2014.0,12.0,31.0,15.0,0.3575,32.6435,-12.2191666667,38.2416666667,121.916666667,1.61666666667,6.00833333333,57.0833333333,2.696375,0.0,720.0,10736.8046875,130.645833333
2014.0,12.0,31.0,16.0,-0.7775,30.6005,-11.8533333333,42.7833333333,8.75,1.20833333333,4.725,53.0,2.866625,0.0,720.0,10736.8046875,128.083333333
2014.0,12.0,31.0,17.0,-1.295,29.669,-11.5733333333,45.45,1.0,0.275,2.35,51.4166666667,2.94425,0.0,720.0,10736.8046875,126.270833333
2014.0,12.0,31.0,18.0,-1.23583333333,29.7755,-11.135,46.8666666667,1.0,0.925,4.05,49.0,2.935375,0.0,720.0,10736.8046875,124.395833333
2014.0,12.0,31.0,19.0,-1.25666666667,29.738,-10.6,49.0416666667,1.0,0.816666666667,3.8,50.0833333333,2.9385,0.0,720.0,10736.8046875,126.104166667
2014.0,12.0,31.0,20.0,-1.62083333333,29.0825,-9.565,54.625,1.0,0.433333333333,3.21666666667,50.6666666667,2.993125,0.0,720.0,10736.8046875,124.666666667
2014.0,12.0,31.0,21.0,-2.00333333333,28.394,-8.695,60.1666666667,1.0,1.00833333333,4.10833333333,49.6666666667,3.0505,0.0,720.0,10736.8046875,123.625
2014.0,12.0,31.0,22.0,-2.28,27.896,-8.08416666667,64.4,1.0,1.56666666667,4.61666666667,45.9166666667,3.092,0.0,720.0,10736.8046875,124.666666667
2014.0,12.0,31.0,23.0,-2.29083333333,27.8765,-9.52166666667,57.7333333333,1.0,0.533333333333,3.625,54.1666666667,3.093625,0.0,720.0,10736.8046875,123.041666667
2015.0,1.0,1.0,0.0,-2.35,27.77,-11.1466666667,50.8416666667,1.0,0.558333333333,3.79166666667,54.6666666667,3.1025,0.0,720.0,10736.8046875,123.854166667
2015.0,1.0,1.0,1.0,-2.245,27.959,-11.8683333333,47.6166666667,1.0,0.883333333333,4.4,55.8333333333,3.08675,0.0,720.0,10736.8046875,125.25
2015.0,1.0,1.0,17.0,3.17916666667,37.7225,-6.51916666667,48.9416666667,1.0,0.341666666667,3.5,44.75,2.273125,0.0,720.0,10736.8046875,128.409090909
2015.0,1.0,1.0,18.0,2.60833333333,36.695,-5.815,53.7833333333,1.0,0.116666666667,1.94166666667,43.0833333333,2.35875,0.0,720.0,10736.8046875,126.75
2015.0,1.0,1.0,19.0,2.32833333333,36.191,-5.5375,56.0333333333,1.0,0.633333333333,4.39166666667,49.0,2.40075,0.0,720.0,10736.8046875,125.25
2015.0,1.0,1.0,20.0,2.16166666667,35.891,-5.31083333333,57.6833333333,1.0,0.966666666667,4.36666666667,43.8333333333,2.42575,0.0,720.0,10736.8046875,124.791666667
2015.0,1.0,1.0,21.0,1.81916666667,35.2745,-4.6,62.4166666667,1.0,0.95,4.13333333333,41.0,2.477125,0.0,720.0,10736.8046875,126.3125
2015.0,1.0,1.0,22.0,1.635,34.943,-4.4825,63.8083333333,1.0,0.133333333333,1.60833333333,49.25,2.50475,0.0,720.0,10736.8046875,125.395833333
2015.0,1.0,1.0,23.0,1.76166666667,35.171,-5.11666666667,60.2416666667,1.0,0.0333333333333,1.03333333333,50.4166666667,2.48575,0.0,720.0,10736.8046875,123.041666667
2015.0,1.0,2.0,0.0,1.58916666667,34.8605,-5.42666666667,59.575,1.0,0.0166666666667,0.141666666667,53.8333333333,2.511625,0.0,720.0,10736.8046875,124.458333333
2015.0,1.0,2.0,1.0,1.40333333333,34.526,-5.57083333333,59.7416666667,1.0,0.0166666666667,0.508333333333,50.1666666667,2.5395,0.0,720.0,10736.8046875,126.541666667
2015.0,1.0,2.0,2.0,1.78583333333,35.2145,-6.1925,55.4083333333,1.0,0.0,0.233333333333,52.9166666667,2.482125,0.0,720.0,10736.8046875,126.208333333
2015.0,1.0,2.0,3.0,1.94416666667,35.4995,-6.655,52.8583333333,1.0,0.0333333333333,1.425,49.25,2.458375,0.0,720.0,10736.8046875,122.9375
2015.0,1.0,2.0,4.0,2.02333333333,35.642,-6.97916666667,51.275,1.0,0.266666666667,2.625,49.6666666667,2.4465,0.0,720.0,10736.8046875,123.145833333
2015.0,1.0,2.0,5.0,1.98416666667,35.5715,-7.05833333333,51.1083333333,1.0,0.358333333333,2.68333333333,52.0833333333,2.452375,0.0,720.0,10736.8046875,122.541666667
2015.0,1.0,2.0,6.0,2.1225,35.8205,-7.02833333333,50.725,1.0,0.525,3.275,50.8333333333,2.431625,0.0,720.0,10736.8046875,125.5625
2015.0,1.0,2.0,7.0,2.31833333333,36.173,-6.87666666667,50.6166666667,32.25,0.0166666666667,0.325,63.25,2.40225,0.0,720.0,10736.8046875,127.291666667
2015.0,1.0,2.0,8.0,3.56833333333,38.423,-6.8275,46.5,134.166666667,0.241666666667,2.16666666667,52.0833333333,2.21475,0.0,720.0,10736.8046875,131.9375
2015.0,1.0,2.0,9.0,5.1475,41.2655,-6.66416666667,42.1333333333,230.5,0.366666666667,2.65833333333,56.4166666667,1.977875,0.0,720.0,10736.8046875,131.520833333
2015.0,1.0,2.0,10.0,5.68166666667,42.227,-6.44583333333,41.2833333333,312.0,1.03333333333,5.175,57.8333333333,1.89775,0.0,720.0,10736.8046875,135.583333333
2015.0,1.0,2.0,11.0,6.04416666667,42.8795,-6.2275,40.9416666667,331.666666667,1.55833333333,5.975,56.3333333333,1.843375,0.0,720.0,10736.8046875,135.979166667
2015.0,1.0,2.0,12.0,5.65833333333,42.185,-6.065,42.5916666667,250.416666667,1.48333333333,6.125,59.3333333333,1.90125,0.0,720.0,10736.8046875,136.395833333
2015.0,1.0,2.0,13.0,5.69333333333,42.248,-5.65583333333,43.8166666667,251.083333333,0.941666666667,5.01666666667,62.5,1.896,0.0,720.0,10736.8046875,135.5625
2015.0,1.0,2.0,14.0,5.6625,42.1925,-5.4225,44.7083333333,151.833333333,0.683333333333,4.625,58.4166666667,1.900625,0.0,720.0,10736.8046875,135.229166667
2015.0,1.0,2.0,15.0,5.65916666667,42.1865,-5.33916666667,45.0083333333,85.25,0.258333333333,2.525,55.6666666667,1.901125,0.0,720.0,10736.8046875,134.4375
2015.0,1.0,2.0,16.0,4.59,40.262,-5.15416666667,49.1666666667,6.33333333333,0.325,2.20833333333,50.0833333333,2.0615,0.0,720.0,10736.8046875,133.833333333
2015.0,1.0,2.0,17.0,4.1975,39.5555,-4.94333333333,51.35,1.0,0.0333333333333,0.75,49.6666666667,2.120375,0.0,720.0,10736.8046875,131.8125
2015.0,1.0,2.0,18.0,3.8525,38.9345,-4.845,53.0083333333,1.0,0.0166666666667,0.625,49.6666666667,2.172125,0.0,720.0,10736.8046875,132.1875
2015.0,1.0,2.0,19.0,3.5075,38.3135,-4.68583333333,54.9666666667,1.0,0.0,0.0666666666667,48.0833333333,2.223875,0.0,720.0,10736.8046875,129.833333333
2015.0,1.0,2.0,20.0,3.22416666667,37.8035,-4.57666666667,56.5416666667,1.0,0.0,0.075,54.0,2.266375,0.0,720.0,10736.8046875,127.479166667
2015.0,1.0,2.0,21.0,2.90916666667,37.2365,-4.63916666667,57.575,1.0,0.0,0.0916666666667,88.5833333333,2.313625,0.0,720.0,10736.8046875,127.979166667
2015.0,1.0,2.0,22.0,2.44416666667,36.3995,-4.66333333333,59.3916666667,1.0,0.0,0.0,83.5833333333,2.383375,0.0,720.0,10736.8046875,126.020833333
2015.0,1.0,2.0,23.0,1.9675,35.5415,-4.67083333333,61.4416666667,1.0,0.0,0.0,155.916666667,2.454875,0.0,720.0,10736.8046875,123.854166667
2015.0,1.0,3.0,0.0,1.45166666667,34.613,-4.8475,62.875,1.0,0.0,0.25,162.75,2.53225,0.0,0.0,10736.8046875,125.458333333
2015.0,1.0,3.0,1.0,1.3825,34.4885,-5.0225,62.35,1.0,0.0,0.0,183.0,2.542625,0.0,0.0,10736.8046875,125.729166667
2015.0,1.0,3.0,2.0,1.1575,34.0835,-4.945,63.75,1.0,0.0,0.0,198.75,2.576375,0.0,0.0,10736.8046875,126.291666667
2015.0,1.0,3.0,3.0,1.03833333333,33.869,-4.84916666667,64.7666666667,1.0,0.0,0.35,189.166666667,2.59425,0.0,0.0,10736.8046875,126.145833333
2015.0,1.0,3.0,4.0,0.4525,32.8145,-4.965,66.9666666667,1.0,0.35,3.075,208.5,2.682125,0.0,0.0,10736.8046875,125.583333333
2015.0,1.0,3.0,5.0,0.38,32.684,-5.0675,66.8083333333,1.0,0.116666666667,2.1,204.166666667,2.693,0.0,0.0,10736.8046875,124.333333333
2015.0,1.0,3.0,6.0,1.05083333333,33.8915,-5.31333333333,62.4583333333,1.0,0.6,3.85,210.0,2.592375,0.0,0.0,10736.8046875,122.8125
2015.0,1.0,3.0,7.0,1.18916666667,34.1405,-5.0,63.3333333333,9.41666666667,0.4,3.00833333333,212.333333333,2.571625,0.0,0.0,10736.8046875,124.75
2015.0,1.0,3.0,8.0,1.93416666667,35.4815,-4.32083333333,63.1916666667,23.9166666667,0.0833333333333,1.4,214.75,2.459875,0.0,0.0,10736.8046875,125.708333333
2015.0,1.0,3.0,9.0,2.8575,37.1435,-2.92916666667,65.6666666667,56.75,0.191666666667,2.55833333333,219.583333333,2.321375,0.0,0.0,10736.8046875,126.083333333
2015.0,1.0,3.0,10.0,3.45083333333,38.2115,-1.7825,68.55,88.75,0.0333333333333,0.5,218.25,2.232375,0.0,0.0,10736.8046875,128.625
2015.0,1.0,3.0,11.0,2.915,37.247,-0.403333333333,78.925,100.25,0.0,0.425,270.416666667,2.31275,0.0,0.0,10736.8046875,132.354166667
2015.0,1.0,3.0,12.0,2.32416666667,36.1835,1.82416666667,96.5916666667,27.25,0.0,0.1,202.416666667,2.401375,0.0,0.0,10736.8046875,140.916666667
2015.0,1.0,3.0,13.0,2.49333333333,36.488,-17.5266666667,32.2666666667,24.25,0.0333333333333,0.916666666667,185.166666667,2.376,0.0,0.0,10736.8046875,142.5625
2015.0,1.0,3.0,14.0,2.92,37.256,-45.6583333333,1.68333333333,18.0833333333,0.175,1.84166666667,187.666666667,2.312,0.0,0.0,10736.8046875,134.291666667
2015.0,1.0,3.0,15.0,2.88583333333,37.1945,-48.2475,1.0,4.08333333333,0.216666666667,2.10833333333,183.0,2.317125,0.0,0.0,10736.8046875,146.5
2015.0,1.0,3.0,16.0,3.075,37.535,-48.13,1.0,1.08333333333,0.266666666667,2.56666666667,189.416666667,2.28875,0.0,0.0,10736.8046875,136.791666667
2015.0,1.0,3.0,17.0,3.68833333333,38.639,-47.7475,1.0,1.0,0.0833333333333,1.50833333333,180.083333333,2.19675,0.0,0.0,10736.8046875,132.708333333
2015.0,1.0,3.0,18.0,4.47666666667,40.058,-47.26,1.0,1.0,0.183333333333,2.1,192.166666667,2.0785,0.0,0.0,10736.8046875,133.395833333
2015.0,1.0,3.0,19.0,4.95833333333,40.925,-46.9625,1.0,1.0,0.3,2.21666666667,190.583333333,2.00625,0.0,0.0,10736.8046875,127.895833333
2015.0,1.0,3.0,20.0,5.6325,42.1385,-46.5466666667,1.0,1.0,0.316666666667,2.38333333333,171.083333333,1.905125,0.0,0.0,10736.8046875,126.791666667
2015.0,1.0,3.0,21.0,6.09083333333,42.9635,-46.2625,1.0,1.0,0.116666666667,1.275,193.5,1.836375,0.0,0.0,10736.8046875,127.354166667
2015.0,1.0,3.0,22.0,5.91916666667,42.6545,-46.3683333333,1.0,1.0,0.166666666667,1.23333333333,189.916666667,1.862125,0.0,0.0,10736.8046875,126.083333333
2015.0,1.0,3.0,23.0,6.17583333333,43.1165,-46.2066666667,1.0,1.0,0.0,0.0166666666667,183.083333333,1.823625,0.0,0.0,10736.8046875,126.416666667
2015.0,1.0,4.0,0.0,6.41833333333,43.553,-46.0591666667,1.0,1.0,0.0,0.0,167.583333333,1.78725,0.0,0.0,10736.8046875,124.020833333
2015.0,1.0,4.0,1.0,6.95916666667,44.5265,-45.7258333333,1.0,1.0,0.075,0.916666666667,67.5,1.706125,0.0,0.0,10736.8046875,128.416666667
2015.0,1.0,4.0,2.0,6.64166666667,43.955,-45.9225,1.0,1.0,0.208333333333,2.10833333333,42.75,1.75375,0.0,0.0,10736.8046875,124.0625
2015.0,1.0,4.0,3.0,6.02583333333,42.8465,-46.3016666667,1.0,1.0,0.05,1.03333333333,50.3333333333,1.846125,0.0,0.0,10736.8046875,126.395833333
2015.0,1.0,4.0,4.0,5.77166666667,42.389,-46.4583333333,1.0,1.0,0.0666666666667,1.25,39.3333333333,1.88425,0.0,0.0,10736.8046875,126.229166667
2015.0,1.0,4.0,5.0,5.52666666667,41.948,-46.61,1.0,1.0,0.308333333333,2.73333333333,45.8333333333,1.921,0.0,0.0,10736.8046875,125.395833333
2015.0,1.0,4.0,6.0,5.5725,42.0305,-46.5833333333,1.0,1.0,0.883333333333,3.09166666667,50.3333333333,1.914125,0.0,0.0,10736.8046875,128.8125
2015.0,1.0,4.0,7.0,5.8075,42.4535,-46.4375,1.0,3.41666666667,0.0166666666667,0.666666666667,69.75,1.878875,0.0,0.0,10736.8046875,124.375
2015.0,1.0,4.0,8.0,6.36666666667,43.46,-46.0891666667,1.0,18.0,0.0333333333333,0.941666666667,52.5,1.795,0.0,0.0,10736.8046875,126.770833333
2015.0,1.0,4.0,9.0,7.61416666667,45.7055,-45.3216666667,1.0,28.8333333333,0.0333333333333,1.00833333333,236.916666667,1.607875,0.0,0.0,10736.8046875,129.416666667
2015.0,1.0,4.0,10.0,9.62,49.316,-44.09,1.0,45.0,0.308333333333,2.21666666667,36.0833333333,1.307,0.0,0.0,10736.8046875,128.0625
2015.0,1.0,4.0,11.0,10.6941666667,51.2495,-43.4316666667,1.0,40.4166666667,0.541666666667,3.84166666667,108.666666667,1.145875,0.0,0.0,10736.8046875,127.645833333
2015.0,1.0,4.0,12.0,11.2258333333,52.2065,-10.1691666667,58.7166666667,43.3333333333,0.75,3.575,88.0833333333,1.066125,0.0,0.0,10736.8046875,128.354166667
2015.0,1.0,4.0,13.0,11.9075,53.4335,11.4091666667,96.7,65.1666666667,0.55,3.10833333333,38.9166666667,0.963875,0.0,0.0,10736.8046875,126.5
2015.0,1.0,4.0,14.0,12.27,54.086,11.3541666667,94.0333333333,62.6666666667,0.0833333333333,1.34166666667,110.75,0.9095,0.0,0.0,10736.8046875,125.791666667
2015.0,1.0,4.0,15.0,12.3091666667,54.1565,11.5691666667,95.1583333333,22.5833333333,0.0666666666667,1.11666666667,44.9166666667,0.903625,0.0,0.0,10736.8046875,128.333333333
2015.0,1.0,4.0,16.0,12.84,55.112,11.9866666667,94.4583333333,1.5,0.0,0.6,36.75,0.824,0.0,0.0,10736.8046875,128.770833333
2015.0,1.0,4.0,17.0,13.2425,55.8365,12.4441666667,94.8166666667,1.0,0.0166666666667,1.20833333333,50.8333333333,0.763625,0.0,0.0,10736.8046875,131.229166667
2015.0,1.0,4.0,18.0,13.7283333333,56.711,12.8941666667,94.6083333333,1.0,0.0833333333333,1.41666666667,67.5,0.69075,0.0,0.0,10736.8046875,131.458333333
2015.0,1.0,4.0,19.0,13.2508333333,55.8515,12.9958333333,98.2666666667,1.0,0.525,3.85833333333,67.0833333333,0.762375,0.0,0.0,10736.8046875,129.1875
2015.0,1.0,4.0,20.0,11.2591666667,52.2665,5.65333333333,70.825,1.0,1.75833333333,6.5,69.75,1.061125,0.0,0.0,10736.8046875,128.541666667
2015.0,1.0,4.0,21.0,11.3208333333,52.3775,8.41666666667,82.75,1.0,2.125,6.88333333333,66.75,1.051875,0.0,0.0,10736.8046875,127.729166667
2015.0,1.0,4.0,22.0,10.965,51.737,6.1275,72.05,1.0,1.65833333333,6.30833333333,63.5833333333,1.10525,0.0,0.0,10736.8046875,126.833333333
2015.0,1.0,4.0,23.0,9.9475,49.9055,1.94416666667,57.475,1.0,3.43333333333,9.49166666667,63.4166666667,1.257875,0.0,0.0,10736.8046875,126.520833333
2015.0,1.0,5.0,0.0,8.64583333333,47.5625,0.538333333333,56.6916666667,1.0,2.48333333333,7.94166666667,64.75,1.453125,0.0,720.0,10736.8046875,126.145833333
2015.0,1.0,5.0,1.0,7.3475,45.2255,-0.160833333333,58.8666666667,1.0,3.325,9.275,67.5,1.647875,0.0,720.0,10736.8046875,126.375
2015.0,1.0,5.0,2.0,6.10333333333,42.986,-1.465,58.2916666667,1.0,2.75833333333,8.775,70.0,1.8345,0.0,720.0,10736.8046875,125.166666667
2015.0,1.0,5.0,3.0,5.43666666667,41.786,-2.23416666667,57.6916666667,1.0,2.45,8.025,67.4166666667,1.9345,0.0,720.0,10736.8046875,126.3125
2015.0,1.0,5.0,4.0,5.09916666667,41.1785,-2.36083333333,58.5,1.0,2.2,7.675,62.9166666667,1.985125,0.0,720.0,10736.8046875,124.6875
2015.0,1.0,5.0,5.0,4.6375,40.3475,-3.32333333333,56.2583333333,1.0,2.075,6.94166666667,69.5,2.054375,0.0,720.0,10736.8046875,126.083333333
2015.0,1.0,5.0,6.0,4.02,39.236,-4.35,54.3916666667,1.0,2.6,8.19166666667,67.0833333333,2.147,0.0,720.0,10736.8046875,125.6875
2015.0,1.0,5.0,7.0,3.51833333333,38.333,-5.01583333333,53.575,16.75,2.03333333333,7.29166666667,73.25,2.22225,0.0,720.0,10736.8046875,124.645833333
2015.0,1.0,5.0,8.0,3.64,38.552,-6.25916666667,48.3833333333,150.583333333,1.5,6.25833333333,69.6666666667,2.204,0.0,720.0,10736.8046875,112.884615385
2015.0,1.0,5.0,9.0,3.8475,38.9255,-7.66,42.8083333333,377.083333333,2.80833333333,9.125,65.6666666667,2.172875,0.0,720.0,10736.8046875,139.104166667
2015.0,1.0,5.0,10.0,4.28916666667,39.7205,-8.7475,38.1083333333,507.583333333,2.80833333333,8.225,63.9166666667,2.106625,0.0,720.0,10736.8046875,145.104166667
2015.0,1.0,5.0,11.0,2.99666666667,37.394,-10.0633333333,37.65,408.416666667,3.58333333333,10.3416666667,66.75,2.3005,0.0,720.0,10736.8046875,146.333333333
2015.0,1.0,5.0,12.0,2.93416666667,37.2815,-11.32,34.2166666667,439.166666667,4.34166666667,10.6916666667,58.25,2.309875,0.0,720.0,10736.8046875,149.979166667
2015.0,1.0,5.0,13.0,2.08166666667,35.747,-14.685,27.6083333333,391.5,3.2,9.81666666667,65.75,2.43775,0.0,720.0,10736.8046875,150.354166667
2015.0,1.0,5.0,14.0,1.43083333333,34.5755,-14.4041666667,29.6333333333,282.833333333,4.01666666667,10.25,65.0,2.535375,0.0,720.0,10736.8046875,152.395833333
2015.0,1.0,5.0,15.0,1.28833333333,34.319,-13.9716666667,31.0,145.083333333,3.08333333333,9.325,62.6666666667,2.55675,0.0,720.0,10736.8046875,150.604166667
2015.0,1.0,5.0,16.0,-0.643333333333,30.842,-15.0833333333,32.575,8.5,2.18333333333,8.16666666667,62.0,2.8465,0.0,720.0,10736.8046875,152.270833333
2015.0,1.0,5.0,17.0,-1.37583333333,29.5235,-14.5641666667,35.85,1.0,0.75,4.56666666667,61.9166666667,2.956375,0.0,720.0,10736.8046875,148.333333333
2015.0,1.0,5.0,18.0,-1.97416666667,28.4465,-14.5016666667,37.65,1.0,0.925,5.225,74.25,3.046125,0.0,720.0,10736.8046875,147.104166667
2015.0,1.0,5.0,19.0,-2.97166666667,26.651,-15.0116666667,38.8833333333,1.0,0.933333333333,5.24166666667,73.5,3.19575,0.0,720.0,10736.8046875,141.0625
2015.0,1.0,5.0,20.0,-3.69,25.358,-15.2958333333,40.0583333333,1.0,0.883333333333,4.35833333333,75.3333333333,3.3035,0.0,720.0,10736.8046875,137.5625
2015.0,1.0,5.0,21.0,-3.9475,24.8945,-15.3383333333,40.7,1.0,0.85,5.06666666667,71.75,3.342125,0.0,720.0,10736.8046875,133.416666667
2015.0,1.0,5.0,22.0,-4.345,24.179,-15.775,40.45,1.0,1.09166666667,4.99166666667,64.0,3.40175,0.0,720.0,10736.8046875,134.916666667
2015.0,1.0,5.0,23.0,-5.0075,22.9865,-15.6725,42.9166666667,1.0,0.775,4.66666666667,82.9166666667,3.501125,0.0,720.0,10736.8046875,139.958333333
2015.0,1.0,6.0,0.0,-5.6625,21.8075,-15.2783333333,46.6,1.0,0.225,3.04166666667,78.4166666667,3.599375,0.0,720.0,10736.8046875,139.8125
2015.0,1.0,6.0,1.0,-5.92416666667,21.3365,-15.1058333333,48.2166666667,1.0,0.0666666666667,1.11666666667,85.5833333333,3.638625,0.0,720.0,10736.8046875,138.291666667
2015.0,1.0,6.0,2.0,-5.97583333333,21.2435,-14.9933333333,48.8666666667,1.0,0.0666666666667,1.09166666667,123.833333333,3.646375,0.0,720.0,10736.8046875,140.020833333
2015.0,1.0,6.0,3.0,-5.90666666667,21.368,-16.0558333333,44.5333333333,1.0,0.05,1.58333333333,82.3333333333,3.636,0.0,720.0,10736.8046875,138.229166667
2015.0,1.0,6.0,4.0,-6.07916666667,21.0575,-16.4,43.8083333333,1.0,0.05,1.15,141.416666667,3.661875,0.0,720.0,10736.8046875,139.0625
2015.0,1.0,6.0,5.0,-5.96083333333,21.2705,-16.3375,43.6416666667,1.0,0.1,2.08333333333,74.5,3.644125,0.0,720.0,10736.8046875,137.291666667
2015.0,1.0,6.0,6.0,-7.01,19.382,-12.3683333333,66.2,1.0,0.05,0.666666666667,153.75,3.8015,0.0,720.0,10736.8046875,139.4375
2015.0,1.0,6.0,7.0,-7.30583333333,18.8495,-9.61583333333,83.6,6.33333333333,0.0333333333333,0.508333333333,159.666666667,3.845875,0.0,720.0,10736.8046875,139.8125
2015.0,1.0,6.0,8.0,-7.09333333333,19.232,-9.02333333333,86.1666666667,35.0833333333,0.0,0.0333333333333,196.666666667,3.814,0.0,720.0,10736.8046875,143.791666667
2015.0,1.0,6.0,9.0,-5.99833333333,21.203,-8.3975,83.1916666667,87.1666666667,0.0666666666667,1.26666666667,300.166666667,3.64975,0.0,720.0,10736.8046875,139.0
2015.0,1.0,6.0,10.0,-5.4475,22.1945,-8.57416666667,78.65,116.25,0.15,1.60833333333,281.25,3.567125,0.0,720.0,10736.8046875,155.25
2015.0,1.0,6.0,11.0,-4.90416666667,23.1725,-8.41,76.4583333333,168.416666667,0.0166666666667,0.758333333333,287.083333333,3.485625,0.0,720.0,10736.8046875,153.4375
2015.0,1.0,6.0,12.0,-4.53583333333,23.8355,-7.88,77.5,151.916666667,0.0,0.0,278.75,3.430375,0.0,720.0,10736.8046875,156.833333333
2015.0,1.0,6.0,13.0,-4.67666666667,23.582,-7.35166666667,81.575,90.4166666667,0.0,0.0,269.416666667,3.4515,0.0,720.0,10736.8046875,155.708333333
2015.0,1.0,6.0,14.0,-4.66416666667,23.6045,-7.2,82.4666666667,55.0,0.0,0.0,217.0,3.449625,0.0,720.0,10736.8046875,154.833333333
2015.0,1.0,6.0,15.0,-4.7925,23.3735,-7.1225,83.7833333333,50.1666666667,0.0,0.0666666666667,31.1666666667,3.468875,0.0,720.0,10736.8046875,154.229166667
2015.0,1.0,6.0,16.0,-5.14916666667,22.7315,-7.20916666667,85.4916666667,8.66666666667,0.0,0.275,36.4166666667,3.522375,0.0,720.0,10736.8046875,154.708333333
2015.0,1.0,6.0,17.0,-4.76916666667,23.4155,-6.81083333333,85.6583333333,1.0,0.0,0.675,42.5,3.465375,0.0,720.0,10736.8046875,151.25
2015.0,1.0,6.0,18.0,-5.285,22.487,-6.975,87.95,1.0,0.15,2.04166666667,53.6666666667,3.54275,0.0,720.0,10736.8046875,147.854166667
2015.0,1.0,6.0,19.0,-5.48833333333,22.121,-7.0675,88.7,1.0,0.0333333333333,1.375,52.8333333333,3.57325,0.0,720.0,10736.8046875,141.416666667
2015.0,1.0,6.0,20.0,-5.78,21.596,-7.34666666667,88.75,1.0,0.0666666666667,0.825,53.8333333333,3.617,0.0,720.0,10736.8046875,137.708333333
2015.0,1.0,6.0,21.0,-6.13416666667,20.9585,-7.71333333333,88.6333333333,1.0,0.0166666666667,0.3,61.1666666667,3.670125,0.0,720.0,10736.8046875,133.75
2015.0,1.0,6.0,22.0,-6.39333333333,20.492,-8.295,86.4166666667,1.0,0.0,0.283333333333,56.9166666667,3.709,0.0,720.0,10736.8046875,135.979166667
2015.0,1.0,6.0,23.0,-6.83166666667,19.703,-8.09083333333,90.825,1.0,0.133333333333,1.625,53.25,3.77475,0.0,720.0,10736.8046875,135.1875
2015.0,1.0,7.0,0.0,-6.79,19.778,-8.32166666667,88.95,1.0,0.0666666666667,1.16666666667,52.0,3.7685,0.0,720.0,10736.8046875,136.375
2015.0,1.0,7.0,1.0,-6.5525,20.2055,-8.90333333333,83.425,1.0,0.241666666667,2.23333333333,55.8333333333,3.732875,0.0,720.0,10736.8046875,136.4375
2015.0,1.0,7.0,2.0,-6.21833333333,20.807,-8.85416666667,81.625,1.0,0.0333333333333,0.541666666667,48.9166666667,3.68275,0.0,720.0,10736.8046875,137.020833333
2015.0,1.0,7.0,3.0,-6.47,20.354,-8.43833333333,85.9833333333,1.0,0.608333333333,3.325,43.4166666667,3.7205,0.0,720.0,10736.8046875,135.520833333
2015.0,1.0,7.0,4.0,-6.30583333333,20.6495,-9.0875,80.7166666667,1.0,0.366666666667,2.65833333333,56.3333333333,3.695875,0.0,720.0,10736.8046875,134.208333333
2015.0,1.0,7.0,5.0,-6.46666666667,20.36,-9.83083333333,77.025,1.0,0.691666666667,4.125,55.75,3.72,0.0,720.0,10736.8046875,135.833333333
2015.0,1.0,7.0,6.0,-5.915,21.353,-10.015,72.85,1.0,0.858333333333,4.275,65.25,3.63725,0.0,720.0,10736.8046875,135.166666667
2015.0,1.0,7.0,7.0,-5.71666666667,21.71,-10.8225,67.2166666667,14.0833333333,0.958333333333,5.05833333333,75.6666666667,3.6075,0.0,720.0,10736.8046875,134.833333333
2015.0,1.0,7.0,8.0,-5.09333333333,22.832,-10.6266666667,65.2416666667,140.5,1.225,6.075,70.0,3.514,0.0,720.0,10736.8046875,138.75
2015.0,1.0,7.0,9.0,-4.0025,24.7955,-10.6383333333,60.4083333333,347.416666667,1.875,7.025,72.0833333333,3.350375,0.0,720.0,10736.8046875,145.583333333
2015.0,1.0,7.0,10.0,-4.39916666667,24.0815,-13.0508333333,51.475,351.083333333,2.85833333333,8.80833333333,70.75,3.409875,0.0,720.0,10736.8046875,147.645833333
2015.0,1.0,7.0,11.0,-4.45666666667,23.978,-15.33,42.55,333.333333333,3.05,8.78333333333,74.25,3.4185,0.0,720.0,10736.8046875,154.041666667
2015.0,1.0,7.0,12.0,-4.79166666667,23.375,-15.7141666667,42.3416666667,331.166666667,3.58333333333,10.0083333333,66.9166666667,3.46875,0.0,720.0,10736.8046875,153.541666667
2015.0,1.0,7.0,13.0,-5.03583333333,22.9355,-15.6991666667,43.0666666667,347.166666667,3.44166666667,9.96666666667,65.0833333333,3.505375,0.0,720.0,10736.8046875,153.708333333
2015.0,1.0,7.0,14.0,-5.2,22.64,-16.7958333333,39.65,165.083333333,3.25833333333,9.68333333333,66.3333333333,3.53,0.0,720.0,10736.8046875,153.895833333
2015.0,1.0,7.0,15.0,-6.12333333333,20.978,-14.2466666667,53.925,60.0,2.05833333333,7.725,73.3333333333,3.6685,0.0,720.0,10736.8046875,154.916666667
2015.0,1.0,7.0,16.0,-7.04666666667,19.316,-16.7583333333,45.8166666667,11.75,2.24166666667,8.09166666667,75.3333333333,3.807,0.0,720.0,10736.8046875,153.625
2015.0,1.0,7.0,17.0,-8.08916666667,17.4395,-15.0116666667,57.75,1.0,0.883333333333,5.70833333333,76.0,3.963375,0.0,720.0,10736.8046875,152.229166667
2015.0,1.0,7.0,18.0,-8.46333333333,16.766,-17.47,49.8666666667,1.0,1.8,7.28333333333,77.3333333333,4.0195,0.0,720.0,10736.8046875,148.125
2015.0,1.0,7.0,19.0,-8.81083333333,16.1405,-20.5041666667,38.1416666667,1.0,1.69166666667,7.03333333333,73.9166666667,4.071625,0.0,720.0,10736.8046875,144.229166667
2015.0,1.0,7.0,20.0,-9.27833333333,15.299,-20.0975,41.0166666667,1.0,2.14166666667,7.54166666667,74.5,4.14175,0.0,720.0,10736.8046875,142.416666667
2015.0,1.0,7.0,21.0,-10.185,13.667,-20.8033333333,41.4166666667,1.0,1.85833333333,7.75833333333,75.5833333333,4.27775,0.0,720.0,10736.8046875,138.958333333
2015.0,1.0,7.0,22.0,-10.8266666667,12.512,-21.1233333333,42.4,1.0,1.59166666667,6.74166666667,76.75,4.374,0.0,720.0,10736.8046875,136.604166667
2015.0,1.0,7.0,23.0,-11.3708333333,11.5325,-21.3291666667,43.4833333333,1.0,1.15833333333,5.725,74.5,4.455625,0.0,720.0,10736.8046875,135.729166667
2015.0,1.0,8.0,0.0,-11.9758333333,10.4435,-21.7633333333,43.9416666667,1.0,1.64166666667,7.03333333333,75.0833333333,4.546375,0.0,720.0,10736.8046875,134.104166667
2015.0,1.0,8.0,1.0,-12.35,9.77,-21.895,44.775,1.0,1.275,6.5,78.8333333333,4.6025,0.0,720.0,10736.8046875,135.770833333
2015.0,1.0,8.0,2.0,-12.5233333333,9.458,-21.395,47.4583333333,1.0,0.908333333333,5.05833333333,74.25,4.6285,0.0,720.0,10736.8046875,135.875
2015.0,1.0,8.0,3.0,-12.5758333333,9.3635,-20.6708333333,50.775,1.0,0.725,4.625,61.5,4.636375,0.0,720.0,10736.8046875,133.895833333
2015.0,1.0,8.0,4.0,-12.51,9.482,-19.6791666667,55.025,1.0,0.741666666667,4.51666666667,60.3333333333,4.6265,0.0,720.0,10736.8046875,132.020833333
2015.0,1.0,8.0,5.0,-12.5758333333,9.3635,-19.05,58.4083333333,1.0,0.3,2.80833333333,57.75,4.636375,0.0,720.0,10736.8046875,135.416666667
2015.0,1.0,8.0,6.0,-12.5483333333,9.413,-18.7233333333,59.9333333333,1.08333333333,0.625,3.80833333333,57.5,4.63225,0.0,720.0,10736.8046875,136.416666667
2015.0,1.0,8.0,7.0,-11.5658333333,11.1815,-18.9125,54.575,48.5,0.708333333333,4.69166666667,57.8333333333,4.484875,0.0,720.0,10736.8046875,133.8125
2015.0,1.0,8.0,8.0,-9.74166666667,14.465,-19.1766666667,46.0916666667,198.666666667,0.933333333333,4.925,61.3333333333,4.21125,0.0,720.0,10736.8046875,135.895833333
2015.0,1.0,8.0,9.0,-8.35833333333,16.955,-19.185,41.2583333333,326.583333333,1.28333333333,5.65,58.1666666667,4.00375,0.0,720.0,10736.8046875,144.875
2015.0,1.0,8.0,10.0,-7.56,18.392,-18.8575,39.8916666667,416.916666667,1.39166666667,6.05,64.5,3.884,0.0,720.0,10736.8046875,150.520833333
2015.0,1.0,8.0,11.0,-7.41916666667,18.6455,-18.9066666667,39.2916666667,460.166666667,1.1,5.30833333333,58.25,3.862875,0.0,720.0,10736.8046875,152.875
2015.0,1.0,8.0,12.0,-7.54166666667,18.425,-18.2516666667,42.0083333333,447.416666667,1.23333333333,6.04166666667,63.0833333333,3.88125,0.0,720.0,10736.8046875,155.041666667
2015.0,1.0,8.0,13.0,-7.66583333333,18.2015,-17.8908333333,43.675,388.166666667,1.925,6.91666666667,55.0833333333,3.899875,0.0,720.0,10736.8046875,153.520833333
2015.0,1.0,8.0,14.0,-7.5975,18.3245,-18.7766666667,40.2666666667,233.083333333,1.61666666667,6.38333333333,58.1666666667,3.889625,0.0,720.0,10736.8046875,153.291666667
2015.0,1.0,8.0,15.0,-7.84166666667,17.885,-19.0433333333,40.125,128.0,1.70833333333,5.71666666667,53.0833333333,3.92625,0.0,720.0,10736.8046875,154.375
2015.0,1.0,8.0,16.0,-8.91333333333,15.956,-18.5966666667,45.3333333333,10.25,1.53333333333,5.28333333333,51.25,4.087,0.0,720.0,10736.8046875,154.708333333
2015.0,1.0,8.0,17.0,-9.185,15.467,-18.3366666667,47.3333333333,1.0,0.916666666667,3.94166666667,53.1666666667,4.12775,0.0,720.0,10736.8046875,151.083333333
2015.0,1.0,8.0,18.0,-9.05833333333,15.695,-17.6466666667,49.7083333333,1.0,0.791666666667,4.05,51.4166666667,4.10875,0.0,720.0,10736.8046875,145.1875
2015.0,1.0,8.0,19.0,-8.7375,16.2725,-16.2325,54.6,1.0,0.75,3.58333333333,50.25,4.060625,0.0,720.0,10736.8046875,143.729166667
2015.0,1.0,8.0,20.0,-8.38583333333,16.9055,-15.1991666667,57.9083333333,1.0,0.05,0.941666666667,31.3333333333,4.007875,0.0,720.0,10736.8046875,139.041666667
2015.0,1.0,8.0,21.0,-7.61166666667,18.299,-14.3375,58.5166666667,1.0,0.291666666667,2.925,72.9166666667,3.89175,0.0,720.0,10736.8046875,137.604166667
2015.0,1.0,8.0,22.0,-7.33083333333,18.8045,-13.6841666667,60.4166666667,1.0,0.175,2.48333333333,129.0,3.849625,0.0,720.0,10736.8046875,134.25
2015.0,1.0,8.0,23.0,-6.24083333333,20.7665,-13.4133333333,56.7916666667,1.0,0.783333333333,5.15833333333,170.916666667,3.686125,0.0,720.0,10736.8046875,133.229166667
2015.0,1.0,9.0,0.0,-5.45666666667,22.178,-13.2775,54.0833333333,1.0,1.2,6.04166666667,150.5,3.5685,0.0,720.0,10736.8046875,132.958333333
2015.0,1.0,9.0,1.0,-5.0625,22.8875,-13.1675,52.9416666667,1.0,1.25,6.875,208.25,3.509375,0.0,720.0,10736.8046875,133.541666667
2015.0,1.0,9.0,2.0,-4.73,23.486,-12.5325,54.3583333333,1.0,1.55,6.99166666667,203.083333333,3.4595,0.0,720.0,10736.8046875,135.145833333
2015.0,1.0,9.0,3.0,-4.355,24.161,-12.09,54.7416666667,1.0,1.09166666667,6.14166666667,173.75,3.40325,0.0,720.0,10736.8046875,132.645833333
2015.0,1.0,9.0,4.0,-3.9675,24.8585,-12.1891666667,52.7666666667,1.0,0.908333333333,5.26666666667,62.25,3.345125,0.0,720.0,10736.8046875,132.979166667
2015.0,1.0,9.0,5.0,-3.425,25.835,-12.0233333333,51.4083333333,1.0,1.51666666667,6.10833333333,47.3333333333,3.26375,0.0,720.0,10736.8046875,133.0
2015.0,1.0,9.0,6.0,-3.4725,25.7495,-9.7525,61.7583333333,1.0,2.30833333333,6.50833333333,54.5,3.270875,0.0,720.0,10736.8046875,133.020833333
2015.0,1.0,9.0,7.0,-3.585,25.547,-9.14666666667,65.375,2.75,1.99166666667,6.73333333333,53.6666666667,3.28775,0.0,720.0,10736.8046875,137.166666667
2015.0,1.0,9.0,8.0,-3.00166666667,26.597,-10.895,54.525,34.4166666667,1.68333333333,6.58333333333,48.0,3.20025,0.0,720.0,10736.8046875,137.833333333
2015.0,1.0,9.0,9.0,-2.10583333333,28.2095,-10.9908333333,50.6333333333,117.833333333,1.04166666667,4.74166666667,50.5,3.065875,0.0,720.0,10736.8046875,144.770833333
2015.0,1.0,9.0,10.0,-1.0275,30.1505,-11.6925,44.175,229.083333333,1.9,6.50833333333,49.5833333333,2.904125,0.0,720.0,10736.8046875,150.916666667
2015.0,1.0,9.0,11.0,0.834166666667,33.5015,-11.5791666667,38.95,447.666666667,2.70833333333,8.91666666667,53.5833333333,2.624875,0.0,720.0,10736.8046875,154.1875
2015.0,1.0,9.0,12.0,1.11083333333,33.9995,-10.9741666667,40.0416666667,396.416666667,3.55,9.96666666667,57.5833333333,2.583375,0.0,720.0,10736.8046875,152.4375
2015.0,1.0,9.0,13.0,1.24583333333,34.2425,-10.5033333333,41.1416666667,368.916666667,2.85,8.44166666667,58.5,2.563125,0.0,720.0,10736.8046875,153.541666667
2015.0,1.0,9.0,14.0,0.9675,33.7415,-10.3441666667,42.5083333333,210.0,3.38333333333,9.04166666667,56.75,2.604875,0.0,720.0,10736.8046875,153.208333333
2015.0,1.0,9.0,15.0,0.634166666667,33.1415,-10.6333333333,42.55,49.8333333333,1.8,7.00833333333,58.1666666667,2.654875,0.0,720.0,10736.8046875,153.3125
2015.0,1.0,9.0,16.0,0.000833333333333,32.0015,-11.25,42.45,11.9166666667,1.70833333333,5.93333333333,57.1666666667,2.749875,0.0,720.0,10736.8046875,154.104166667
2015.0,1.0,9.0,17.0,-0.865,30.443,-10.1475,49.3416666667,1.0,0.625,4.075,58.5,2.87975,0.0,720.0,10736.8046875,148.958333333
2015.0,1.0,9.0,18.0,-1.61833333333,29.087,-11.1625,48.1083333333,1.0,0.816666666667,4.44166666667,62.1666666667,2.99275,0.0,720.0,10736.8046875,146.583333333
2015.0,1.0,9.0,19.0,-2.28666666667,27.884,-11.7125,48.375,1.0,0.258333333333,2.41666666667,59.6666666667,3.093,0.0,720.0,10736.8046875,142.270833333
2015.0,1.0,9.0,20.0,-3.1425,26.3435,-12.0666666667,50.0916666667,1.0,0.0916666666667,1.525,72.8333333333,3.221375,0.0,720.0,10736.8046875,139.375
2015.0,1.0,9.0,21.0,-3.68,25.376,-12.3891666667,50.7916666667,1.0,0.1,1.5,61.9166666667,3.302,0.0,720.0,10736.8046875,139.770833333
2015.0,1.0,9.0,22.0,-4.245,24.359,-12.775,51.375,1.0,0.175,2.30833333333,64.6666666667,3.38675,0.0,720.0,10736.8046875,137.875
2015.0,1.0,9.0,23.0,-4.86666666667,23.24,-13.5391666667,50.6083333333,1.0,0.425,3.41666666667,59.5833333333,3.48,0.0,720.0,10736.8046875,136.6875
2015.0,1.0,10.0,0.0,-5.37166666667,22.331,-13.9116666667,51.0083333333,1.0,0.225,2.79166666667,64.5,3.55575,0.0,0.0,10736.8046875,136.958333333
2015.0,1.0,10.0,1.0,-5.86083333333,21.4505,-14.3525,51.075,1.0,0.425,3.39166666667,60.5,3.629125,0.0,0.0,10736.8046875,137.125
2015.0,1.0,10.0,2.0,-6.39166666667,20.495,-15.1025,50.025,1.0,0.941666666667,4.875,63.8333333333,3.70875,0.0,0.0,10736.8046875,135.645833333
2015.0,1.0,10.0,3.0,-6.98083333333,19.4345,-17.405,43.15,1.0,1.85,6.4,65.25,3.797125,0.0,0.0,10736.8046875,133.875
2015.0,1.0,10.0,4.0,-7.8325,17.9015,-18.0433333333,43.6583333333,1.0,1.975,6.94166666667,65.3333333333,3.924875,0.0,0.0,10736.8046875,135.208333333
2015.0,1.0,10.0,5.0,-8.64416666667,16.4405,-18.4258333333,45.025,1.0,1.65,6.55833333333,64.25,4.046625,0.0,0.0,10736.8046875,136.0625
2015.0,1.0,10.0,6.0,-9.37916666667,15.1175,-18.5441666667,47.2166666667,1.16666666667,1.03333333333,5.59166666667,68.6666666667,4.156875,0.0,0.0,10736.8046875,135.5
2015.0,1.0,10.0,7.0,-9.11666666667,15.59,-18.9316666667,44.8,51.1666666667,0.616666666667,4.00833333333,70.5,4.1175,0.0,0.0,10736.8046875,133.125
2015.0,1.0,10.0,8.0,-8.03833333333,17.531,-19.6466666667,38.7166666667,203.416666667,0.991666666667,5.00833333333,71.75,3.95575,0.0,0.0,10736.8046875,133.3125
2015.0,1.0,10.0,9.0,-7.59083333333,18.3365,-19.7391666667,37.05,334.5,1.20833333333,5.63333333333,70.5833333333,3.888625,0.0,0.0,10736.8046875,134.875
2015.0,1.0,10.0,10.0,-6.5275,20.2505,-19.0633333333,36.175,427.083333333,0.983333333333,5.21666666667,63.5,3.729125,0.0,0.0,10736.8046875,137.8125
2015.0,1.0,10.0,11.0,-6.35416666667,20.5625,-19.0491666667,35.7333333333,470.916666667,1.125,5.4,59.6666666667,3.703125,0.0,0.0,10736.8046875,141.208333333
2015.0,1.0,10.0,12.0,-6.20083333333,20.8385,-19.0233333333,35.4333333333,463.083333333,0.683333333333,4.60833333333,67.25,3.680125,0.0,0.0,10736.8046875,139.75
2015.0,1.0,10.0,13.0,-6.20166666667,20.837,-18.1458333333,38.1583333333,403.333333333,1.00833333333,5.10833333333,53.0833333333,3.68025,0.0,0.0,10736.8046875,141.4375
2015.0,1.0,10.0,14.0,-5.50583333333,22.0895,-17.8316666667,37.1583333333,298.583333333,0.666666666667,4.10833333333,62.0,3.575875,0.0,0.0,10736.8046875,141.125
2015.0,1.0,10.0,15.0,-5.035,22.937,-17.8208333333,35.925,157.916666667,0.575,3.63333333333,71.0,3.50525,0.0,0.0,10736.8046875,141.104166667
2015.0,1.0,10.0,16.0,-6.83833333333,19.691,-17.6141666667,42.0,17.5,0.408333333333,2.75833333333,64.5833333333,3.77575,0.0,0.0,10736.8046875,139.666666667
2015.0,1.0,10.0,17.0,-7.54583333333,18.4175,-17.535,44.5833333333,1.0,0.541666666667,2.79166666667,55.1666666667,3.881875,0.0,0.0,10736.8046875,140.666666667
2015.0,1.0,10.0,18.0,-7.76583333333,18.0215,-17.1216666667,46.9666666667,1.0,0.683333333333,3.7,51.25,3.914875,0.0,0.0,10736.8046875,139.020833333
2015.0,1.0,10.0,19.0,-7.92916666667,17.7275,-17.0516666667,47.8416666667,1.0,0.433333333333,2.925,53.1666666667,3.939375,0.0,0.0,10736.8046875,137.041666667
2015.0,1.0,10.0,20.0,-7.90666666667,17.768,-17.1366666667,47.425,1.0,0.258333333333,2.15833333333,49.0833333333,3.936,0.0,0.0,10736.8046875,136.791666667
2015.0,1.0,10.0,21.0,-7.82583333333,17.9135,-16.8991666667,48.075,1.0,0.116666666667,1.89166666667,49.6666666667,3.923875,0.0,0.0,10736.8046875,137.208333333
2015.0,1.0,10.0,22.0,-7.7075,18.1265,-16.3491666667,49.95,1.0,0.275,1.35833333333,57.0,3.906125,0.0,0.0,10736.8046875,135.25
2015.0,1.0,10.0,23.0,-7.47916666667,18.5375,-16.0366666667,50.3666666667,1.0,0.0,0.383333333333,57.5833333333,3.871875,0.0,0.0,10736.8046875,133.9375
2015.0,1.0,11.0,0.0,-7.14166666667,19.145,-16.4775,47.2333333333,1.0,0.0,0.341666666667,54.9166666667,3.82125,0.0,0.0,10736.8046875,134.229166667
2015.0,1.0,11.0,1.0,-7.12333333333,19.178,-16.4166666667,47.4083333333,1.0,0.1,1.56666666667,54.0,3.8185,0.0,0.0,10736.8046875,135.208333333
2015.0,1.0,11.0,2.0,-7.41333333333,18.656,-16.3158333333,48.9166666667,1.0,0.2,2.20833333333,56.8333333333,3.862,0.0,0.0,10736.8046875,135.458333333
2015.0,1.0,11.0,3.0,-7.5675,18.3785,-14.5633333333,57.2916666667,1.0,0.0166666666667,0.383333333333,56.1666666667,3.885125,0.0,0.0,10736.8046875,133.916666667
2015.0,1.0,11.0,4.0,-7.25,18.95,-14.0991666667,58.0416666667,1.0,0.0,0.2,58.0,3.8375,0.0,0.0,10736.8046875,135.708333333
2015.0,1.0,11.0,5.0,-7.0675,19.2785,-14.0833333333,57.2833333333,1.0,0.0166666666667,0.316666666667,55.5,3.810125,0.0,0.0,10736.8046875,134.791666667
2015.0,1.0,11.0,6.0,-6.73583333333,19.8755,-12.7058333333,62.475,2.08333333333,0.0,0.0,52.0833333333,3.760375,0.0,0.0,10736.8046875,134.625
2015.0,1.0,11.0,7.0,-4.87083333333,23.2325,-11.5783333333,59.4583333333,80.3333333333,0.0,0.0,0.0,3.480625,0.0,0.0,10736.8046875,134.166666667
2015.0,1.0,11.0,8.0,-1.94583333333,28.4975,-11.8883333333,46.5916666667,239.583333333,0.0,0.0166666666667,203.916666667,3.041875,0.0,0.0,10736.8046875,133.770833333
2015.0,1.0,11.0,9.0,-0.0791666666667,31.8575,-10.8308333333,44.175,322.25,0.0833333333333,1.375,38.75,2.761875,0.0,0.0,10736.8046875,134.708333333
2015.0,1.0,11.0,10.0,1.97,35.546,-8.69666666667,45.075,417.916666667,0.141666666667,2.16666666667,50.25,2.4545,0.0,0.0,10736.8046875,134.479166667
2015.0,1.0,11.0,11.0,3.00166666667,37.403,-8.0475,44.075,443.833333333,0.225,2.68333333333,81.1666666667,2.29975,0.0,0.0,10736.8046875,136.8125
2015.0,1.0,11.0,12.0,3.14583333333,37.6625,-8.12333333333,43.375,462.75,0.391666666667,3.025,60.25,2.278125,0.0,0.0,10736.8046875,138.604166667
2015.0,1.0,11.0,13.0,3.5875,38.4575,-8.575,40.5333333333,348.166666667,0.425,3.65,87.1666666667,2.211875,0.0,0.0,10736.8046875,137.6875
2015.0,1.0,11.0,14.0,4.27916666667,39.7025,-8.66666666667,38.3416666667,256.25,0.333333333333,2.63333333333,37.0,2.108125,0.0,0.0,10736.8046875,136.604166667
2015.0,1.0,11.0,15.0,4.08916666667,39.3605,-7.8625,41.4,111.25,0.133333333333,1.69166666667,194.25,2.136625,0.0,0.0,10736.8046875,136.645833333
2015.0,1.0,11.0,16.0,2.66166666667,36.791,-7.545,46.9,10.4166666667,0.0166666666667,0.475,64.8333333333,2.35075,0.0,0.0,10736.8046875,138.354166667
2015.0,1.0,11.0,17.0,2.41083333333,36.3395,-8.5125,44.2833333333,1.0,0.133333333333,1.925,286.25,2.388375,0.0,0.0,10736.8046875,137.875
2015.0,1.0,11.0,18.0,2.5925,36.6665,-7.64416666667,46.8166666667,1.0,0.0,0.45,266.666666667,2.361125,0.0,0.0,10736.8046875,137.520833333
2015.0,1.0,11.0,19.0,2.23833333333,36.029,-6.1875,53.7,1.0,0.0166666666667,0.525,306.0,2.41425,0.0,0.0,10736.8046875,137.145833333
2015.0,1.0,11.0,20.0,1.575,34.835,-5.085,61.2083333333,1.0,0.0,0.0916666666667,200.333333333,2.51375,0.0,0.0,10736.8046875,136.333333333
2015.0,1.0,11.0,21.0,1.68166666667,35.027,-4.8675,61.75,1.0,0.183333333333,2.08333333333,41.5,2.49775,0.0,0.0,10736.8046875,134.145833333
2015.0,1.0,11.0,22.0,2.045,35.681,-5.78833333333,56.0916666667,1.0,0.55,2.93333333333,37.3333333333,2.44325,0.0,0.0,10736.8046875,134.354166667
2015.0,1.0,11.0,23.0,2.20916666667,35.9765,-5.39166666667,57.1416666667,1.0,0.05,1.15,52.4166666667,2.418625,0.0,0.0,10736.8046875,132.041666667
2015.0,1.0,12.0,0.0,2.07666666667,35.738,-5.42166666667,57.5583333333,1.0,0.366666666667,2.76666666667,44.1666666667,2.4385,0.0,720.0,10736.8046875,134.166666667
2015.0,1.0,12.0,1.0,1.74333333333,35.138,-3.81833333333,66.7833333333,1.0,0.15,1.2,43.4166666667,2.4885,0.0,720.0,10736.8046875,135.208333333
2015.0,1.0,12.0,2.0,1.5125,34.7225,-1.66916666667,79.5833333333,1.0,0.2,1.71666666667,41.1666666667,2.523125,0.0,720.0,10736.8046875,135.291666667
2015.0,1.0,12.0,3.0,1.80416666667,35.2475,-2.52083333333,73.025,1.0,0.05,1.31666666667,50.3333333333,2.479375,0.0,720.0,10736.8046875,133.958333333
2015.0,1.0,12.0,4.0,1.1,33.98,-1.7875,81.15,1.0,0.0,0.191666666667,48.0,2.585,0.0,720.0,10736.8046875,135.0
2015.0,1.0,12.0,5.0,0.978333333333,33.761,-0.631666666667,89.1333333333,1.0,0.05,1.0,56.6666666667,2.60325,0.0,720.0,10736.8046875,135.458333333
2015.0,1.0,12.0,6.0,0.451666666667,32.813,0.238333333333,98.5,1.0,0.0,0.216666666667,56.6666666667,2.68225,0.0,720.0,10736.8046875,136.041666667
2015.0,1.0,12.0,7.0,0.185,32.333,-1.19166666667,92.25,2.33333333333,0.0833333333333,1.675,64.0,2.72225,0.0,720.0,10736.8046875,135.166666667
2015.0,1.0,12.0,8.0,0.550833333333,32.9915,-43.795,6.16666666667,14.3333333333,0.0333333333333,0.6,54.75,2.667375,0.0,720.0,10736.8046875,127.442307692
2015.0,1.0,12.0,9.0,0.9275,33.6695,-49.465,1.0,27.9166666667,0.133333333333,0.875,58.5,2.610875,0.0,720.0,10736.8046875,148.708333333
2015.0,1.0,12.0,10.0,1.52,34.736,-49.0975,1.0,28.8333333333,0.0,0.05,27.75,2.522,0.0,720.0,10736.8046875,151.291666667
2015.0,1.0,12.0,11.0,1.52,34.736,-49.095,1.0,35.1666666667,0.0666666666667,0.725,70.4166666667,2.522,0.0,720.0,10736.8046875,155.541666667
2015.0,1.0,12.0,12.0,1.84666666667,35.324,-48.8916666667,1.0,38.0,0.0,0.216666666667,75.25,2.473,0.0,720.0,10736.8046875,155.333333333
2015.0,1.0,12.0,13.0,2.5125,36.5225,-48.4775,1.0,36.9166666667,0.0,0.125,17.9166666667,2.373125,0.0,720.0,10736.8046875,156.25
2015.0,1.0,12.0,14.0,2.56333333333,36.614,-48.4458333333,1.0,27.6666666667,0.0166666666667,0.408333333333,189.5,2.3655,0.0,720.0,10736.8046875,157.3125
2015.0,1.0,12.0,15.0,2.7275,36.9095,-48.3458333333,1.0,17.5833333333,0.0166666666667,0.2,59.0,2.340875,0.0,720.0,10736.8046875,157.0
2015.0,1.0,12.0,16.0,2.9075,37.2335,-48.2341666667,1.0,1.66666666667,0.0166666666667,0.308333333333,139.5,2.313875,0.0,720.0,10736.8046875,154.479166667
2015.0,1.0,12.0,17.0,2.58416666667,36.6515,-48.435,1.0,1.0,0.0166666666667,0.758333333333,109.0,2.362375,0.0,720.0,10736.8046875,155.520833333
2015.0,1.0,12.0,18.0,2.74166666667,36.935,-48.3366666667,1.0,1.0,0.0,0.0333333333333,80.75,2.33875,0.0,720.0,10736.8046875,148.729166667
2015.0,1.0,12.0,19.0,2.85333333333,37.136,-48.2683333333,1.0,1.0,0.133333333333,1.28333333333,112.666666667,2.322,0.0,720.0,10736.8046875,144.229166667
2015.0,1.0,12.0,20.0,2.68833333333,36.839,-18.4316666667,34.275,1.0,0.116666666667,1.88333333333,98.0,2.34675,0.0,720.0,10736.8046875,140.5
2015.0,1.0,12.0,21.0,2.60583333333,36.6905,-7.02666666667,49.0416666667,1.0,0.0666666666667,1.175,87.9166666667,2.359125,0.0,720.0,10736.8046875,137.770833333
2015.0,1.0,12.0,22.0,2.6475,36.7655,-6.46166666667,51.0416666667,1.0,0.0166666666667,0.7,100.083333333,2.352875,0.0,720.0,10736.8046875,138.8125
2015.0,1.0,12.0,23.0,2.71416666667,36.8855,-0.693333333333,80.3333333333,1.0,0.0166666666667,0.308333333333,137.5,2.342875,0.0,720.0,10736.8046875,139.125
2015.0,1.0,13.0,0.0,2.56583333333,36.6185,1.28333333333,91.3416666667,1.0,0.8,4.225,139.833333333,2.365125,0.0,720.0,10736.8046875,137.125
2015.0,1.0,13.0,1.0,2.22583333333,36.0065,-0.455,82.4583333333,1.0,0.816666666667,4.64166666667,137.666666667,2.416125,0.0,720.0,10736.8046875,136.604166667
2015.0,1.0,13.0,2.0,1.93,35.474,-1.7325,76.6666666667,1.0,1.53333333333,5.90833333333,143.5,2.4605,0.0,720.0,10736.8046875,136.5625
2015.0,1.0,13.0,3.0,1.755,35.159,-2.09,75.6083333333,1.0,0.525,3.45,127.5,2.48675,0.0,720.0,10736.8046875,136.416666667
2015.0,1.0,13.0,4.0,1.38416666667,34.4915,-2.81916666667,73.6083333333,1.0,0.625,3.71666666667,110.083333333,2.542375,0.0,720.0,10736.8046875,136.0
2015.0,1.0,13.0,5.0,-0.251666666667,31.547,-5.8175,66.075,1.0,1.39166666667,6.375,112.666666667,2.78775,0.0,720.0,10736.8046875,133.895833333
2015.0,1.0,13.0,6.0,-2.55166666667,27.407,-8.215,65.0416666667,1.0,0.791666666667,5.425,109.25,3.13275,0.0,720.0,10736.8046875,135.4375
2015.0,1.0,13.0,7.0,-3.05333333333,26.504,-9.94083333333,59.0833333333,48.5,1.69166666667,6.31666666667,133.083333333,3.208,0.0,720.0,10736.8046875,134.8125
2015.0,1.0,13.0,8.0,-1.93666666667,28.514,-11.1808333333,49.2333333333,194.5,1.56666666667,6.38333333333,139.166666667,3.0405,0.0,720.0,10736.8046875,139.75
2015.0,1.0,13.0,9.0,-1.60916666667,29.1035,-12.155,44.3916666667,325.083333333,1.65833333333,6.48333333333,154.5,2.991375,0.0,720.0,10736.8046875,148.4375
2015.0,1.0,13.0,10.0,-0.5725,30.9695,-11.6416666667,42.8666666667,432.5,1.60833333333,6.05,135.416666667,2.835875,0.0,720.0,10736.8046875,155.770833333
2015.0,1.0,13.0,11.0,-0.275,31.505,-11.3333333333,43.0083333333,482.0,1.53333333333,5.88333333333,152.25,2.79125,0.0,720.0,10736.8046875,154.041666667
2015.0,1.0,13.0,12.0,-0.694166666667,30.7505,-11.8875,42.4666666667,473.083333333,0.941666666667,4.95,138.916666667,2.854125,0.0,720.0,10736.8046875,152.479166667
2015.0,1.0,13.0,13.0,-0.809166666667,30.5435,-11.8433333333,42.9166666667,406.333333333,1.35833333333,5.73333333333,153.666666667,2.871375,0.0,720.0,10736.8046875,154.5625
2015.0,1.0,13.0,14.0,-1.0725,30.0695,-11.8633333333,43.6916666667,196.916666667,0.808333333333,4.73333333333,158.833333333,2.910875,0.0,720.0,10736.8046875,156.4375
2015.0,1.0,13.0,15.0,-1.11166666667,29.999,-11.885,43.7666666667,129.916666667,1.03333333333,4.66666666667,160.5,2.91675,0.0,720.0,10736.8046875,157.916666667
2015.0,1.0,13.0,16.0,-2.27583333333,27.9035,-11.7775,48.1,20.9166666667,0.733333333333,4.06666666667,163.5,3.091375,0.0,720.0,10736.8046875,155.4375
2015.0,1.0,13.0,17.0,-3.09,26.438,-11.76,51.1416666667,1.0,1.03333333333,4.325,160.916666667,3.2135,0.0,720.0,10736.8046875,155.5625
2015.0,1.0,13.0,18.0,-3.6725,25.3895,-11.6783333333,53.7666666667,1.0,0.2,2.175,157.5,3.300875,0.0,720.0,10736.8046875,151.416666667
2015.0,1.0,13.0,19.0,-3.8825,25.0115,-14.2958333333,44.3,1.0,0.591666666667,3.98333333333,200.833333333,3.332375,0.0,720.0,10736.8046875,151.0625
2015.0,1.0,13.0,20.0,-4.63333333333,23.66,-13.8283333333,48.5666666667,1.0,0.516666666667,3.33333333333,211.166666667,3.445,0.0,720.0,10736.8046875,147.229166667
2015.0,1.0,13.0,21.0,-5.30166666667,22.457,-14.2941666667,49.175,1.0,0.583333333333,3.29166666667,176.25,3.54525,0.0,720.0,10736.8046875,145.5625
2015.0,1.0,13.0,22.0,-6.23416666667,20.7785,-14.9,50.2333333333,1.0,0.966666666667,4.38333333333,175.666666667,3.685125,0.0,720.0,10736.8046875,144.291666667
2015.0,1.0,13.0,23.0,-6.675,19.985,-14.1991666667,55.05,1.0,0.883333333333,4.26666666667,183.583333333,3.75125,0.0,720.0,10736.8046875,141.229166667
2015.0,1.0,14.0,0.0,-6.79166666667,19.775,-14.0375,56.2916666667,1.0,0.875,4.34166666667,180.75,3.76875,0.0,720.0,10736.8046875,140.770833333
2015.0,1.0,14.0,1.0,-7.28583333333,18.8855,-13.7816666667,59.725,1.0,0.991666666667,4.90833333333,177.5,3.842875,0.0,720.0,10736.8046875,142.104166667
2015.0,1.0,14.0,2.0,-7.1275,19.1705,-13.2491666667,61.6166666667,1.0,0.991666666667,5.14166666667,168.666666667,3.819125,0.0,720.0,10736.8046875,142.145833333
2015.0,1.0,14.0,3.0,-7.0975,19.2245,-12.815,63.6833333333,1.0,1.39166666667,5.775,166.833333333,3.814625,0.0,720.0,10736.8046875,140.020833333
2015.0,1.0,14.0,4.0,-6.90083333333,19.5785,-12.3333333333,65.2083333333,1.0,0.858333333333,4.475,168.833333333,3.785125,0.0,720.0,10736.8046875,139.395833333
2015.0,1.0,14.0,5.0,-6.71,19.922,-11.6008333333,68.1666666667,1.0,1.175,5.03333333333,173.083333333,3.7565,0.0,720.0,10736.8046875,138.25
2015.0,1.0,14.0,6.0,-6.4625,20.3675,-11.0808333333,69.725,1.0,0.741666666667,3.98333333333,175.083333333,3.719375,0.0,720.0,10736.8046875,139.083333333
2015.0,1.0,14.0,7.0,-6.11666666667,20.99,-10.53,70.95,8.0,0.983333333333,4.33333333333,176.416666667,3.6675,0.0,720.0,10736.8046875,138.770833333
2015.0,1.0,14.0,8.0,-5.47916666667,22.1375,-9.915,70.95,68.9166666667,1.05833333333,4.45,178.5,3.571875,0.0,720.0,10736.8046875,143.708333333
2015.0,1.0,14.0,9.0,-4.34083333333,24.1865,-9.00583333333,69.9083333333,144.916666667,0.758333333333,4.425,178.25,3.401125,0.0,720.0,10736.8046875,150.375
2015.0,1.0,14.0,10.0,-3.1025,26.4155,-8.03416666667,68.75,217.666666667,0.975,4.86666666667,182.75,3.215375,0.0,720.0,10736.8046875,157.895833333
2015.0,1.0,14.0,11.0,-2.15416666667,28.1225,-7.38,67.4,211.833333333,0.366666666667,3.26666666667,180.666666667,3.073125,0.0,720.0,10736.8046875,159.104166667
2015.0,1.0,14.0,12.0,-1.23583333333,29.7755,-6.76916666667,66.0166666667,233.583333333,0.425,3.19166666667,179.25,2.935375,0.0,720.0,10736.8046875,161.5625
2015.0,1.0,14.0,13.0,-0.635,30.857,-6.16333333333,66.175,184.166666667,0.325,2.5,174.0,2.84525,0.0,720.0,10736.8046875,161.166666667
2015.0,1.0,14.0,14.0,-0.379166666667,31.3175,-5.77166666667,66.925,116.333333333,0.183333333333,1.95,178.0,2.806875,0.0,720.0,10736.8046875,163.875
2015.0,1.0,14.0,15.0,-0.349166666667,31.3715,-5.46,68.375,48.5,0.116666666667,1.40833333333,172.416666667,2.802375,0.0,720.0,10736.8046875,162.5
2015.0,1.0,14.0,16.0,-0.6275,30.8705,-5.5675,69.2083333333,7.5,0.216666666667,2.51666666667,146.583333333,2.844125,0.0,720.0,10736.8046875,161.75
2015.0,1.0,14.0,17.0,-0.746666666667,30.656,-5.51083333333,70.1166666667,1.0,0.0333333333333,0.758333333333,136.083333333,2.862,0.0,720.0,10736.8046875,157.666666667
2015.0,1.0,14.0,18.0,-0.884166666667,30.4085,-5.89083333333,68.8083333333,1.0,0.0,0.491666666667,132.833333333,2.882625,0.0,720.0,10736.8046875,154.958333333
2015.0,1.0,14.0,19.0,-0.639166666667,30.8495,-5.66666666667,68.7416666667,1.0,0.0166666666667,0.383333333333,154.75,2.845875,0.0,720.0,10736.8046875,149.979166667
2015.0,1.0,14.0,20.0,-0.815,30.533,-5.795,68.9583333333,1.0,0.0333333333333,0.791666666667,133.833333333,2.87225,0.0,720.0,10736.8046875,147.229166667
2015.0,1.0,14.0,21.0,-1.02416666667,30.1565,-5.89166666667,69.5083333333,1.0,0.05,0.991666666667,117.083333333,2.903625,0.0,720.0,10736.8046875,142.9375
2015.0,1.0,14.0,22.0,-1.1125,29.9975,-5.825,70.325,1.0,0.0333333333333,0.5,138.5,2.916875,0.0,720.0,10736.8046875,142.729166667
2015.0,1.0,14.0,23.0,-1.38916666667,29.4995,-5.905,71.3333333333,1.0,0.0,0.4,121.0,2.958375,0.0,720.0,10736.8046875,139.3125
2015.0,1.0,15.0,0.0,-1.585,29.147,-6.05583333333,71.5416666667,1.0,0.0333333333333,0.458333333333,123.0,2.98775,0.0,720.0,10736.8046875,139.729166667
2015.0,1.0,15.0,1.0,-1.45416666667,29.3825,-5.99083333333,71.1833333333,1.0,0.0166666666667,0.533333333333,115.916666667,2.968125,0.0,720.0,10736.8046875,139.270833333
2015.0,1.0,15.0,2.0,-1.355,29.561,-5.70833333333,72.2416666667,1.0,0.0,0.133333333333,77.1666666667,2.95325,0.0,720.0,10736.8046875,139.104166667
2015.0,1.0,15.0,3.0,-1.43416666667,29.4185,-5.05166666667,76.3666666667,1.0,0.0,0.0833333333333,89.8333333333,2.965125,0.0,720.0,10736.8046875,138.895833333
2015.0,1.0,15.0,4.0,-1.635,29.057,-4.88416666667,78.4916666667,1.0,0.0,0.475,127.0,2.99525,0.0,720.0,10736.8046875,136.583333333
2015.0,1.0,15.0,5.0,-1.75333333333,28.844,-4.81083333333,79.6333333333,1.0,0.0,0.0666666666667,90.0833333333,3.013,0.0,720.0,10736.8046875,136.770833333
2015.0,1.0,15.0,6.0,-1.66,29.012,-4.71083333333,79.675,1.08333333333,0.0166666666667,0.633333333333,51.5,2.999,0.0,720.0,10736.8046875,138.791666667
2015.0,1.0,15.0,7.0,-1.47416666667,29.3465,-4.75333333333,78.35,17.6666666667,0.0,0.191666666667,71.3333333333,2.971125,0.0,720.0,10736.8046875,138.6875
2015.0,1.0,15.0,8.0,-0.931666666667,30.323,-4.72916666667,75.4333333333,62.4166666667,0.0,0.158333333333,64.25,2.88975,0.0,720.0,10736.8046875,144.729166667
2015.0,1.0,15.0,9.0,0.0108333333333,32.0195,-4.69083333333,70.625,110.416666667,0.0,0.0666666666667,131.666666667,2.748375,0.0,720.0,10736.8046875,148.854166667
2015.0,1.0,15.0,10.0,-0.025,31.955,-4.84916666667,69.9583333333,103.0,0.0166666666667,0.333333333333,142.0,2.75375,0.0,720.0,10736.8046875,155.395833333
2015.0,1.0,15.0,11.0,0.5425,32.9765,-4.8875,66.95,197.666666667,0.0166666666667,0.441666666667,75.5833333333,2.668625,0.0,720.0,10736.8046875,158.0
2015.0,1.0,15.0,12.0,0.899166666667,33.6185,-5.21583333333,63.6333333333,199.833333333,0.241666666667,2.41666666667,56.75,2.615125,0.0,720.0,10736.8046875,141.666666667
2015.0,1.0,15.0,13.0,1.02416666667,33.8435,-5.62833333333,61.15,202.333333333,0.35,3.275,62.0833333333,2.596375,0.0,720.0,10736.8046875,159.354166667
2015.0,1.0,15.0,14.0,2.12083333333,35.8175,-5.79666666667,55.7583333333,288.833333333,0.175,2.54166666667,63.5,2.431875,0.0,720.0,10736.8046875,161.166666667
2015.0,1.0,15.0,15.0,2.17916666667,35.9225,-6.14666666667,54.075,146.416666667,0.533333333333,3.35,58.0833333333,2.423125,0.0,720.0,10736.8046875,158.666666667
2015.0,1.0,15.0,16.0,1.09833333333,33.977,-6.5175,56.8,20.1666666667,0.316666666667,3.01666666667,50.0,2.58525,0.0,720.0,10736.8046875,160.145833333
2015.0,1.0,15.0,17.0,0.66,33.188,-6.6425,58.0333333333,1.0,0.241666666667,2.725,55.9166666667,2.651,0.0,720.0,10736.8046875,159.125
2015.0,1.0,15.0,18.0,0.656666666667,33.182,-7.07333333333,56.1583333333,1.0,0.0833333333333,1.575,50.0833333333,2.6515,0.0,720.0,10736.8046875,153.958333333
2015.0,1.0,15.0,19.0,0.224166666667,32.4035,-7.27416666667,57.0583333333,1.0,0.0166666666667,0.75,52.5833333333,2.716375,0.0,720.0,10736.8046875,152.520833333
2015.0,1.0,15.0,20.0,0.00833333333333,32.015,-6.67166666667,60.7583333333,1.0,0.575,3.03333333333,42.6666666667,2.74875,0.0,720.0,10736.8046875,149.291666667
2015.0,1.0,15.0,21.0,-0.444166666667,31.2005,-6.00083333333,66.1,1.0,0.425,2.925,43.75,2.816625,0.0,720.0,10736.8046875,145.104166667
2015.0,1.0,15.0,22.0,-0.995833333333,30.2075,-4.93416666667,74.6583333333,1.0,1.10833333333,4.16666666667,39.1666666667,2.899375,0.0,720.0,10736.8046875,141.270833333
2015.0,1.0,15.0,23.0,-1.195,29.849,-4.60833333333,77.6083333333,1.0,0.541666666667,3.4,53.1666666667,2.92925,0.0,720.0,10736.8046875,141.791666667
2015.0,1.0,16.0,0.0,-1.20833333333,29.825,-4.57583333333,77.875,1.0,0.4,3.13333333333,55.5,2.93125,0.0,720.0,10736.8046875,139.6875
2015.0,1.0,16.0,1.0,-1.20916666667,29.8235,-3.99083333333,81.3916666667,1.0,0.241666666667,1.94166666667,52.75,2.931375,0.0,720.0,10736.8046875,138.229166667
2015.0,1.0,16.0,2.0,-1.47833333333,29.339,-3.72833333333,84.675,1.0,0.183333333333,2.15,59.5,2.97175,0.0,720.0,10736.8046875,138.5625
2015.0,1.0,16.0,3.0,-1.685,28.967,-3.37833333333,88.25,1.0,0.05,1.28333333333,47.0,3.00275,0.0,720.0,10736.8046875,137.041666667
2015.0,1.0,16.0,4.0,-2.01166666667,28.379,-3.2875,91.0,1.0,0.0666666666667,0.725,47.5,3.05175,0.0,720.0,10736.8046875,137.583333333
2015.0,1.0,16.0,5.0,-2.07,28.274,-3.485,90.075,1.0,0.416666666667,1.94166666667,48.1666666667,3.0605,0.0,720.0,10736.8046875,138.0
2015.0,1.0,16.0,6.0,-1.79166666667,28.775,-3.58833333333,87.5583333333,1.25,1.45,4.65,47.4166666667,3.01875,0.0,720.0,10736.8046875,138.208333333
2015.0,1.0,16.0,7.0,-0.885,30.407,-4.05083333333,79.2583333333,50.9166666667,1.04166666667,4.26666666667,43.5,2.88275,0.0,720.0,10736.8046875,141.166666667
2015.0,1.0,16.0,8.0,1.17166666667,34.109,-5.19083333333,62.6583333333,174.833333333,0.408333333333,3.09166666667,47.0833333333,2.57425,0.0,720.0,10736.8046875,143.541666667
2015.0,1.0,16.0,9.0,3.80333333333,38.846,-5.17583333333,51.95,322.0,1.25,4.75833333333,51.8333333333,2.1795,0.0,720.0,10736.8046875,151.4375
2015.0,1.0,16.0,10.0,4.51166666667,40.121,-4.72583333333,51.1,260.25,1.61666666667,6.475,59.75,2.07325,0.0,720.0,10736.8046875,152.0625
2015.0,1.0,16.0,11.0,5.9225,42.6605,-4.8175,46.025,438.5,2.125,7.5,63.5833333333,1.861625,0.0,720.0,10736.8046875,154.1875
2015.0,1.0,16.0,12.0,6.07333333333,42.932,-5.7475,42.3916666667,517.666666667,2.99166666667,9.00833333333,62.5833333333,1.839,0.0,720.0,10736.8046875,153.354166667
2015.0,1.0,16.0,13.0,4.98416666667,40.9715,-5.96833333333,44.9583333333,241.75,2.975,10.05,64.5,2.002375,0.0,720.0,10736.8046875,155.9375
2015.0,1.0,16.0,14.0,5.08916666667,41.1605,-6.12083333333,44.1166666667,257.916666667,2.65833333333,8.73333333333,64.5833333333,1.986625,0.0,720.0,10736.8046875,159.75
2015.0,1.0,16.0,15.0,5.08666666667,41.156,-6.09166666667,44.2333333333,141.25,2.525,8.8,61.5833333333,1.987,0.0,720.0,10736.8046875,155.520833333
2015.0,1.0,16.0,16.0,3.8,38.84,-5.6725,49.9916666667,18.4166666667,0.941666666667,5.21666666667,63.6666666667,2.18,0.0,720.0,10736.8046875,154.854166667
2015.0,1.0,16.0,17.0,2.87166666667,37.169,-5.17166666667,55.475,1.0,0.75,4.89166666667,83.8333333333,2.31925,0.0,720.0,10736.8046875,155.3125
2015.0,1.0,16.0,18.0,1.0375,33.8675,-7.53916666667,52.8416666667,1.0,1.80833333333,7.15833333333,128.25,2.594375,0.0,720.0,10736.8046875,148.6875
2015.0,1.0,16.0,19.0,-1.30916666667,29.6435,-8.7975,56.7166666667,1.0,2.075,8.89166666667,140.75,2.946375,0.0,720.0,10736.8046875,144.083333333
2015.0,1.0,16.0,20.0,-2.25833333333,27.935,-11.3241666667,49.7916666667,1.0,1.09166666667,6.35,123.916666667,3.08875,0.0,720.0,10736.8046875,140.979166667
2015.0,1.0,16.0,21.0,-3.16916666667,26.2955,-12.5666666667,48.1916666667,1.0,0.491666666667,4.5,111.833333333,3.225375,0.0,720.0,10736.8046875,141.041666667
2015.0,1.0,16.0,22.0,-3.8875,25.0025,-12.9408333333,49.3583333333,1.0,0.566666666667,3.51666666667,140.0,3.333125,0.0,720.0,10736.8046875,140.416666667
2015.0,1.0,16.0,23.0,-4.6125,23.6975,-13.4491666667,50.0166666667,1.0,0.4,3.48333333333,136.25,3.441875,0.0,720.0,10736.8046875,136.916666667
2015.0,1.0,17.0,0.0,-5.38583333333,22.3055,-13.4266666667,53.1416666667,1.0,0.783333333333,4.21666666667,143.0,3.557875,0.0,0.0,10736.8046875,138.958333333
2015.0,1.0,17.0,1.0,-6.13916666667,20.9495,-13.8341666667,54.4333333333,1.0,0.233333333333,2.46666666667,126.333333333,3.670875,0.0,0.0,10736.8046875,138.125
2015.0,1.0,17.0,2.0,-6.52916666667,20.2475,-14.205,54.4083333333,1.0,0.316666666667,2.275,99.5833333333,3.729375,0.0,0.0,10736.8046875,137.8125
2015.0,1.0,17.0,3.0,-6.95416666667,19.4825,-14.2058333333,56.2166666667,1.0,0.183333333333,2.45833333333,96.3333333333,3.793125,0.0,0.0,10736.8046875,135.729166667
2015.0,1.0,17.0,4.0,-7.39833333333,18.683,-14.2883333333,57.8,1.0,0.166666666667,1.58333333333,112.166666667,3.85975,0.0,0.0,10736.8046875,136.145833333
2015.0,1.0,17.0,5.0,-7.61666666667,18.29,-14.3558333333,58.45,1.0,0.2,1.775,134.583333333,3.8925,0.0,0.0,10736.8046875,137.1875
2015.0,1.0,17.0,6.0,-7.915,17.753,-14.53,58.9666666667,1.25,0.2,2.00833333333,156.916666667,3.93725,0.0,0.0,10736.8046875,135.5
2015.0,1.0,17.0,7.0,-6.81333333333,19.736,-15.3391666667,50.7666666667,59.3333333333,0.466666666667,3.31666666667,165.416666667,3.772,0.0,0.0,10736.8046875,135.8125
2015.0,1.0,17.0,8.0,-5.04083333333,22.9265,-15.7216666667,42.8666666667,212.25,0.258333333333,2.34166666667,157.416666667,3.506125,0.0,0.0,10736.8046875,136.208333333
2015.0,1.0,17.0,9.0,-2.55583333333,27.3995,-15.65,35.9,342.833333333,0.0333333333333,0.633333333333,115.583333333,3.133375,0.0,0.0,10736.8046875,136.8125
2015.0,1.0,17.0,10.0,-0.41,31.262,-15.9675,29.775,433.833333333,0.0,0.0333333333333,193.666666667,2.8115,0.0,0.0,10736.8046875,138.833333333
2015.0,1.0,17.0,11.0,1.06,33.908,-15.3066666667,28.25,477.333333333,0.0,0.0166666666667,293.083333333,2.591,0.0,0.0,10736.8046875,143.4375
2015.0,1.0,17.0,12.0,-0.135,31.757,-14.8016666667,32.3583333333,470.583333333,0.05,0.95,313.916666667,2.77025,0.0,0.0,10736.8046875,142.0
2015.0,1.0,17.0,13.0,-0.199166666667,31.6415,-14.7275,32.45,417.583333333,0.2,1.96666666667,311.75,2.779875,0.0,0.0,10736.8046875,142.375
2015.0,1.0,17.0,14.0,0.671666666667,33.209,-14.6358333333,30.6916666667,299.5,0.158333333333,2.06666666667,127.416666667,2.64925,0.0,0.0,10736.8046875,145.1875
2015.0,1.0,17.0,15.0,1.17416666667,34.1135,-13.8108333333,31.7666666667,151.25,0.266666666667,2.725,308.083333333,2.573875,0.0,0.0,10736.8046875,143.3125
2015.0,1.0,17.0,16.0,-0.17,31.694,-12.8283333333,37.8666666667,21.0,0.15,2.23333333333,304.333333333,2.7755,0.0,0.0,10736.8046875,142.75
2015.0,1.0,17.0,17.0,-1.03916666667,30.1295,-12.845,40.3,1.0,0.158333333333,2.05,242.833333333,2.905875,0.0,0.0,10736.8046875,143.041666667
2015.0,1.0,17.0,18.0,-1.57666666667,29.162,-14.32,37.1416666667,1.0,0.691666666667,4.11666666667,318.166666667,2.9865,0.0,0.0,10736.8046875,143.833333333
2015.0,1.0,17.0,19.0,-2.165,28.103,-12.3975,45.45,1.0,0.625,3.88333333333,306.5,3.07475,0.0,0.0,10736.8046875,140.666666667
2015.0,1.0,17.0,20.0,-2.17916666667,28.0775,-9.72416666667,56.2416666667,1.0,0.0833333333333,1.89166666667,302.25,3.076875,0.0,0.0,10736.8046875,140.333333333
2015.0,1.0,17.0,21.0,-2.1275,28.1705,-8.31333333333,62.5666666667,1.0,0.0166666666667,0.991666666667,186.916666667,3.069125,0.0,0.0,10736.8046875,136.479166667
2015.0,1.0,17.0,22.0,-1.815,28.733,-6.67,69.4166666667,1.0,0.0,0.808333333333,300.916666667,3.02225,0.0,0.0,10736.8046875,137.8125
2015.0,1.0,17.0,23.0,-1.7775,28.8005,-6.02583333333,72.7333333333,1.0,0.0,0.0166666666667,286.5,3.016625,0.0,0.0,10736.8046875,134.8125
2015.0,1.0,18.0,0.0,-1.5225,29.2595,-5.03166666667,76.9916666667,1.0,0.0,0.0,285.5,2.978375,0.0,0.0,10736.8046875,135.75
2015.0,1.0,18.0,1.0,-0.72,30.704,-3.78083333333,79.7666666667,1.0,0.0,0.0,272.333333333,2.858,0.0,0.0,10736.8046875,136.229166667
2015.0,1.0,18.0,2.0,-1.1575,29.9165,-3.865,81.8416666667,1.0,0.0,0.0,223.333333333,2.923625,0.0,0.0,10736.8046875,135.979166667
2015.0,1.0,18.0,3.0,-1.50916666667,29.2835,-4.68833333333,78.925,1.0,0.0,0.0166666666667,165.5,2.976375,0.0,0.0,10736.8046875,133.583333333
2015.0,1.0,18.0,4.0,-1.24333333333,29.762,-4.53916666667,78.275,1.0,0.0166666666667,0.683333333333,157.25,2.9365,0.0,0.0,10736.8046875,134.8125
2015.0,1.0,18.0,5.0,-0.653333333333,30.824,-4.06666666667,77.6666666667,1.0,0.0,0.333333333333,162.583333333,2.848,0.0,0.0,10736.8046875,134.270833333
2015.0,1.0,18.0,6.0,-0.395,31.289,-2.79583333333,83.9,1.0,0.0,0.0,157.416666667,2.80925,0.0,0.0,10736.8046875,134.375
2015.0,1.0,18.0,7.0,-0.324166666667,31.4165,-0.825,96.5583333333,2.33333333333,0.0,0.0,155.583333333,2.798625,0.0,0.0,10736.8046875,133.1875
2015.0,1.0,18.0,8.0,0.00666666666667,32.012,-0.891666666667,95.2416666667,13.3333333333,0.0,0.0,160.583333333,2.749,0.0,0.0,10736.8046875,133.229166667
2015.0,1.0,18.0,9.0,1.0375,33.8675,-49.395,1.0,9.75,0.05,0.416666666667,109.166666667,2.594375,0.0,0.0,10736.8046875,133.583333333
2015.0,1.0,18.0,10.0,2.17666666667,35.918,-48.6858333333,1.0,14.4166666667,0.0,0.35,142.083333333,2.4235,0.0,0.0,10736.8046875,132.791666667
2015.0,1.0,18.0,11.0,3.31666666667,37.97,-47.9791666667,1.0,24.0833333333,0.0,0.0166666666667,74.25,2.2525,0.0,0.0,10736.8046875,133.0625
2015.0,1.0,18.0,12.0,3.83416666667,38.9015,-47.6575,1.0,25.9166666667,0.0166666666667,0.216666666667,174.416666667,2.174875,0.0,0.0,10736.8046875,133.0
2015.0,1.0,18.0,13.0,4.39916666667,39.9185,-47.3066666667,1.0,9.41666666667,0.0333333333333,0.333333333333,124.0,2.090125,0.0,0.0,10736.8046875,136.958333333
2015.0,1.0,18.0,14.0,5.65,42.17,-46.5341666667,1.0,10.0833333333,0.0,0.0666666666667,60.5,1.9025,0.0,0.0,10736.8046875,134.708333333
2015.0,1.0,18.0,15.0,5.97583333333,42.7565,-46.3333333333,1.0,5.25,0.0,0.0,0.0,1.853625,0.0,0.0,10736.8046875,136.416666667
2015.0,1.0,18.0,16.0,5.73583333333,42.3245,-46.4808333333,1.0,5.16666666667,0.0333333333333,0.291666666667,24.9166666667,1.889625,0.0,0.0,10736.8046875,137.875
2015.0,1.0,18.0,17.0,5.735,42.323,-46.4816666667,1.0,1.0,0.05,1.375,63.0833333333,1.88975,0.0,0.0,10736.8046875,139.625
2015.0,1.0,18.0,18.0,5.43416666667,41.7815,-46.6675,1.0,1.0,0.125,1.44166666667,69.1666666667,1.934875,0.0,0.0,10736.8046875,139.229166667
2015.0,1.0,18.0,19.0,4.86333333333,40.754,-47.0191666667,1.0,1.0,0.225,1.94166666667,56.5,2.0205,0.0,0.0,10736.8046875,137.291666667
2015.0,1.0,18.0,20.0,4.11916666667,39.4145,-19.2658333333,46.6416666667,1.0,0.375,2.76666666667,58.0,2.132125,0.0,0.0,10736.8046875,136.333333333
2015.0,1.0,18.0,21.0,3.64583333333,38.5625,2.57166666667,92.7333333333,1.0,0.666666666667,3.80833333333,63.0,2.203125,0.0,0.0,10736.8046875,137.833333333
2015.0,1.0,18.0,22.0,3.1475,37.6655,1.355,88.0,1.0,0.425,3.50833333333,60.5833333333,2.277875,0.0,0.0,10736.8046875,138.125
2015.0,1.0,18.0,23.0,2.6025,36.6845,0.664166666667,87.0333333333,1.0,0.133333333333,1.70833333333,56.4166666667,2.359625,0.0,0.0,10736.8046875,134.5
2015.0,1.0,19.0,0.0,1.52166666667,34.739,0.441666666667,92.575,1.0,0.158333333333,1.63333333333,47.75,2.52175,0.0,720.0,10736.8046875,134.625
2015.0,1.0,19.0,1.0,0.896666666667,33.614,0.148333333333,94.7666666667,1.0,0.0,0.191666666667,47.4166666667,2.6155,0.0,720.0,10736.8046875,133.979166667
2015.0,1.0,19.0,2.0,0.834166666667,33.5015,-0.113333333333,93.4,1.0,0.0,0.0,53.8333333333,2.624875,0.0,720.0,10736.8046875,134.770833333
2015.0,1.0,19.0,3.0,1.395,34.511,-0.239166666667,88.9333333333,1.0,0.0,0.708333333333,42.4166666667,2.54075,0.0,720.0,10736.8046875,134.645833333
2015.0,1.0,19.0,4.0,1.87833333333,35.381,-0.166666666667,86.3833333333,1.0,0.0,0.4,47.1666666667,2.46825,0.0,720.0,10736.8046875,134.8125
2015.0,1.0,19.0,5.0,2.95083333333,37.3115,-0.279166666667,79.2833333333,1.0,0.508333333333,3.05833333333,57.0,2.307375,0.0,720.0,10736.8046875,133.916666667
2015.0,1.0,19.0,6.0,3.01083333333,37.4195,-0.153333333333,79.675,1.08333333333,0.958333333333,4.23333333333,58.9166666667,2.298375,0.0,720.0,10736.8046875,133.145833333
2015.0,1.0,19.0,7.0,2.96166666667,37.331,0.02,80.975,18.9166666667,1.1,4.28333333333,59.8333333333,2.30575,0.0,720.0,10736.8046875,133.354166667
2015.0,1.0,19.0,8.0,3.485,38.273,0.0375,78.1333333333,86.3333333333,1.2,4.66666666667,57.9166666667,2.22725,0.0,720.0,10736.8046875,134.0
2015.0,1.0,19.0,9.0,5.36083333333,41.6495,-0.258333333333,67.175,295.833333333,1.725,5.59166666667,57.3333333333,1.945875,0.0,720.0,10736.8046875,140.666666667
2015.0,1.0,19.0,10.0,7.0825,44.7485,-1.0,56.5166666667,435.083333333,1.7,6.475,60.3333333333,1.687625,0.0,720.0,10736.8046875,147.5
2015.0,1.0,19.0,11.0,7.79666666667,46.034,-2.56416666667,47.875,481.5,2.06666666667,7.48333333333,66.0,1.5805,0.0,720.0,10736.8046875,148.25
2015.0,1.0,19.0,12.0,6.665,43.997,-2.34583333333,52.55,175.416666667,1.6,7.075,66.1666666667,1.75025,0.0,720.0,10736.8046875,149.854166667
2015.0,1.0,19.0,13.0,6.22416666667,43.2035,-2.85666666667,52.15,111.916666667,1.66666666667,6.33333333333,62.1666666667,1.816375,0.0,720.0,10736.8046875,150.833333333
2015.0,1.0,19.0,14.0,6.02,42.836,-3.05916666667,52.1,66.8333333333,1.06666666667,5.43333333333,67.4166666667,1.847,0.0,720.0,10736.8046875,151.791666667
2015.0,1.0,19.0,15.0,5.57916666667,42.0425,-3.05,53.7583333333,30.1666666667,0.675,4.31666666667,61.75,1.913125,0.0,720.0,10736.8046875,152.625
2015.0,1.0,19.0,16.0,5.4,41.72,-3.14583333333,54.0416666667,5.75,0.608333333333,3.84166666667,58.0,1.94,0.0,720.0,10736.8046875,150.6875
2015.0,1.0,19.0,17.0,5.2125,41.3825,-2.955,55.5416666667,1.0,0.333333333333,2.74166666667,56.1666666667,1.968125,0.0,720.0,10736.8046875,149.6875
2015.0,1.0,19.0,18.0,4.965,40.937,-2.78166666667,57.2416666667,1.0,0.2,2.05,50.8333333333,2.00525,0.0,720.0,10736.8046875,148.895833333
2015.0,1.0,19.0,19.0,4.7325,40.5185,-2.56333333333,59.1333333333,1.0,0.175,1.85833333333,52.4166666667,2.040125,0.0,720.0,10736.8046875,144.0
2015.0,1.0,19.0,20.0,4.57333333333,40.232,-2.43583333333,60.35,1.0,0.05,0.916666666667,51.3333333333,2.064,0.0,720.0,10736.8046875,141.020833333
2015.0,1.0,19.0,21.0,4.44416666667,39.9995,-2.49,60.6666666667,1.0,0.233333333333,2.4,51.5833333333,2.083375,0.0,720.0,10736.8046875,140.708333333
2015.0,1.0,19.0,22.0,4.30833333333,39.755,-2.2175,62.4833333333,1.0,0.133333333333,2.0,54.4166666667,2.10375,0.0,720.0,10736.8046875,137.333333333
2015.0,1.0,19.0,23.0,4.15083333333,39.4715,-2.11583333333,63.6666666667,1.0,0.2,2.54166666667,55.5,2.127375,0.0,720.0,10736.8046875,136.458333333
2015.0,1.0,20.0,0.0,3.59,38.462,-2.16833333333,65.975,1.0,0.116666666667,1.86666666667,51.8333333333,2.2115,0.0,720.0,10736.8046875,135.375
2015.0,1.0,20.0,1.0,2.74333333333,36.938,-2.22833333333,69.7416666667,1.0,0.183333333333,2.2,57.75,2.3385,0.0,720.0,10736.8046875,134.75
2015.0,1.0,20.0,2.0,2.47166666667,36.449,-2.32833333333,70.6,1.0,0.141666666667,1.21666666667,46.1666666667,2.37925,0.0,720.0,10736.8046875,135.4375
2015.0,1.0,20.0,3.0,1.395,34.511,-2.13,77.3666666667,1.0,0.766666666667,3.09166666667,38.8333333333,2.54075,0.0,720.0,10736.8046875,134.333333333
2015.0,1.0,20.0,4.0,0.880833333333,33.5855,-2.11333333333,80.3666666667,1.0,0.1,0.916666666667,43.8333333333,2.617875,0.0,720.0,10736.8046875,135.625
2015.0,1.0,20.0,5.0,1.32833333333,34.391,-2.65416666667,74.8,1.0,0.0166666666667,0.583333333333,58.25,2.55075,0.0,720.0,10736.8046875,135.354166667
2015.0,1.0,20.0,6.0,2.07666666667,35.738,-2.80666666667,70.0666666667,1.25,0.0,0.591666666667,54.5,2.4385,0.0,720.0,10736.8046875,136.6875
2015.0,1.0,20.0,7.0,2.45666666667,36.422,-2.7825,68.3083333333,25.0833333333,0.0,0.225,52.5,2.3815,0.0,720.0,10736.8046875,136.291666667
2015.0,1.0,20.0,8.0,3.75416666667,38.7575,-2.6925,62.75,104.083333333,0.0,0.0,54.0833333333,2.186875,0.0,720.0,10736.8046875,140.75
2015.0,1.0,20.0,9.0,6.31916666667,43.3745,-2.845,52.0666666667,284.083333333,0.0,0.2,77.5,1.802125,0.0,720.0,10736.8046875,146.104166667
2015.0,1.0,20.0,10.0,6.55333333333,43.796,-2.3475,52.9583333333,223.5,0.0,0.566666666667,95.8333333333,1.767,0.0,720.0,10736.8046875,152.229166667
2015.0,1.0,20.0,11.0,7.25416666667,45.0575,-2.12583333333,51.3166666667,268.25,0.0,0.45,89.9166666667,1.661875,0.0,720.0,10736.8046875,154.708333333
2015.0,1.0,20.0,12.0,7.725,45.905,-1.9075,50.4833333333,288.583333333,0.0833333333333,1.85,60.5833333333,1.59125,0.0,720.0,10736.8046875,154.229166667
2015.0,1.0,20.0,13.0,7.79916666667,46.0385,-1.60416666667,51.35,242.666666667,0.358333333333,2.875,60.1666666667,1.580125,0.0,720.0,10736.8046875,157.020833333
2015.0,1.0,20.0,14.0,7.52583333333,45.5465,-1.395,53.1333333333,142.833333333,0.266666666667,2.6,58.4166666667,1.621125,0.0,720.0,10736.8046875,157.520833333
2015.0,1.0,20.0,15.0,6.78916666667,44.2205,-0.860833333333,58.225,33.3333333333,0.375,3.475,70.5,1.731625,0.0,720.0,10736.8046875,156.916666667
2015.0,1.0,20.0,16.0,4.40583333333,39.9305,0.845,77.7833333333,6.5,0.191666666667,1.98333333333,102.333333333,2.089125,0.0,720.0,10736.8046875,159.104166667
2015.0,1.0,20.0,17.0,3.545,38.381,1.1625,84.4,1.0,0.0,0.466666666667,102.416666667,2.21825,0.0,720.0,10736.8046875,157.166666667
2015.0,1.0,20.0,18.0,2.99416666667,37.3895,1.115,87.4666666667,1.0,0.0,0.491666666667,83.4166666667,2.300875,0.0,720.0,10736.8046875,153.208333333
2015.0,1.0,20.0,19.0,2.33916666667,36.2105,0.931666666667,90.425,1.0,0.0,0.191666666667,65.4166666667,2.399125,0.0,720.0,10736.8046875,149.583333333
2015.0,1.0,20.0,20.0,1.90916666667,35.4365,0.689166666667,91.6083333333,1.0,0.0,0.0583333333333,73.1666666667,2.463625,0.0,720.0,10736.8046875,143.583333333
2015.0,1.0,20.0,21.0,1.495,34.691,0.480833333333,92.9666666667,1.0,0.0,0.0,77.4166666667,2.52575,0.0,720.0,10736.8046875,143.3125
2015.0,1.0,20.0,22.0,1.18666666667,34.136,0.3775,94.3416666667,1.0,0.0,0.825,99.3333333333,2.572,0.0,720.0,10736.8046875,140.020833333
2015.0,1.0,20.0,23.0,0.759166666667,33.3665,0.181666666667,95.925,1.0,0.0,0.366666666667,109.333333333,2.636125,0.0,720.0,10736.8046875,138.270833333
2015.0,1.0,21.0,0.0,0.3775,32.6795,-0.666666666667,92.775,1.0,0.0,0.216666666667,159.0,2.693375,0.0,720.0,10736.8046875,138.375
2015.0,1.0,21.0,1.0,0.0816666666667,32.147,-1.58083333333,88.5916666667,1.0,0.0,0.216666666667,131.416666667,2.73775,0.0,720.0,10736.8046875,136.5
2015.0,1.0,21.0,2.0,-0.0508333333333,31.9085,-2.56083333333,83.2166666667,1.0,0.0833333333333,0.916666666667,150.916666667,2.757625,0.0,720.0,10736.8046875,137.208333333
2015.0,1.0,21.0,3.0,-0.708333333333,30.725,-3.78416666667,79.675,1.0,0.0,0.308333333333,145.5,2.85625,0.0,720.0,10736.8046875,135.791666667
2015.0,1.0,21.0,4.0,-1.25416666667,29.7425,-4.86666666667,76.425,1.0,0.0666666666667,1.35,152.75,2.938125,0.0,720.0,10736.8046875,136.416666667
2015.0,1.0,21.0,5.0,-1.62333333333,29.078,-5.95,72.5916666667,1.0,0.191666666667,2.48333333333,159.5,2.9935,0.0,720.0,10736.8046875,134.8125
2015.0,1.0,21.0,6.0,-1.8,28.76,-10.165,52.8083333333,1.16666666667,0.533333333333,3.6,170.583333333,3.02,0.0,720.0,10736.8046875,136.541666667
2015.0,1.0,21.0,7.0,-1.82083333333,28.7225,-10.85,50.0833333333,32.5,0.158333333333,2.00833333333,175.5,3.023125,0.0,720.0,10736.8046875,138.0625
2015.0,1.0,21.0,8.0,-1.41083333333,29.4605,-11.4958333333,46.1333333333,92.5,0.0833333333333,1.2,173.75,2.961625,0.0,720.0,10736.8046875,142.375
2015.0,1.0,21.0,9.0,-0.719166666667,30.7055,-11.3091666667,44.4916666667,147.666666667,0.166666666667,2.29166666667,182.583333333,2.857875,0.0,720.0,10736.8046875,148.1875
2015.0,1.0,21.0,10.0,0.363333333333,32.654,-9.84083333333,46.25,190.416666667,0.1,1.175,186.666666667,2.6955,0.0,720.0,10736.8046875,153.458333333
2015.0,1.0,21.0,11.0,0.4225,32.7605,-8.75083333333,50.1416666667,139.75,0.0333333333333,1.50833333333,190.166666667,2.686625,0.0,720.0,10736.8046875,153.333333333
2015.0,1.0,21.0,12.0,0.485,32.873,-8.57,50.625,108.5,0.0,0.366666666667,171.833333333,2.67725,0.0,720.0,10736.8046875,155.875
2015.0,1.0,21.0,13.0,0.0666666666667,32.12,-7.405,57.7,40.0,0.0666666666667,1.125,146.5,2.74,0.0,720.0,10736.8046875,158.791666667
2015.0,1.0,21.0,14.0,-1.01416666667,30.1745,-2.965,86.8333333333,53.0833333333,0.0333333333333,1.075,148.416666667,2.902125,0.0,720.0,10736.8046875,160.666666667
2015.0,1.0,21.0,15.0,-1.07,30.074,-1.72583333333,95.3666666667,30.25,0.0,0.416666666667,177.916666667,2.9105,0.0,720.0,10736.8046875,158.333333333
2015.0,1.0,21.0,16.0,-1.22,29.804,-2.4325,91.5,5.33333333333,0.0,0.0333333333333,185.083333333,2.933,0.0,720.0,10736.8046875,156.625
2015.0,1.0,21.0,17.0,-1.36916666667,29.5355,-2.2275,93.9166666667,1.0,0.0,0.45,198.416666667,2.955375,0.0,720.0,10736.8046875,154.375
2015.0,1.0,21.0,18.0,-1.54916666667,29.2115,-2.47666666667,93.4166666667,1.0,0.0,0.333333333333,179.5,2.982375,0.0,720.0,10736.8046875,153.583333333
2015.0,1.0,21.0,19.0,-1.55166666667,29.207,-2.74666666667,91.6166666667,1.0,0.0333333333333,0.766666666667,185.416666667,2.98275,0.0,720.0,10736.8046875,147.333333333
2015.0,1.0,21.0,20.0,-1.39416666667,29.4905,-2.86083333333,89.7666666667,1.0,0.0,0.191666666667,176.0,2.959125,0.0,720.0,10736.8046875,146.020833333
2015.0,1.0,21.0,21.0,-1.0775,30.0605,-2.73333333333,88.525,1.0,0.0,0.0833333333333,154.916666667,2.911625,0.0,720.0,10736.8046875,141.9375
2015.0,1.0,21.0,22.0,-0.915833333333,30.3515,-2.51916666667,88.8916666667,1.0,0.0,0.0333333333333,111.0,2.887375,0.0,720.0,10736.8046875,137.854166667
2015.0,1.0,21.0,23.0,-0.99,30.218,-2.51583333333,89.4083333333,1.0,0.0,0.0166666666667,118.0,2.8985,0.0,720.0,10736.8046875,136.645833333
2015.0,1.0,22.0,0.0,-0.906666666667,30.368,-2.52416666667,88.7916666667,1.0,0.0,0.0,80.5833333333,2.886,0.0,720.0,10736.8046875,136.854166667
2015.0,1.0,22.0,1.0,-0.936666666667,30.314,-2.5475,88.8416666667,1.0,0.0,0.0333333333333,131.75,2.8905,0.0,720.0,10736.8046875,137.354166667
2015.0,1.0,22.0,2.0,-0.820833333333,30.5225,-2.47416666667,88.5583333333,1.0,0.0,0.0166666666667,68.4166666667,2.873125,0.0,720.0,10736.8046875,137.083333333
2015.0,1.0,22.0,3.0,-0.531666666667,31.043,-2.1275,88.975,1.0,0.0,0.05,29.1666666667,2.82975,0.0,720.0,10736.8046875,135.5625
2015.0,1.0,22.0,4.0,-0.856666666667,30.458,-2.09083333333,91.3666666667,1.0,0.0666666666667,1.24166666667,47.3333333333,2.8785,0.0,720.0,10736.8046875,134.854166667
2015.0,1.0,22.0,5.0,-0.7425,30.6635,-1.92666666667,91.7083333333,1.0,0.0,0.125,49.5833333333,2.861375,0.0,720.0,10736.8046875,133.6875
2015.0,1.0,22.0,6.0,-0.569166666667,30.9755,-1.79166666667,91.45,1.0,0.0,0.05,59.0,2.835375,0.0,720.0,10736.8046875,136.854166667
2015.0,1.0,22.0,7.0,-0.329166666667,31.4075,-1.60416666667,91.1166666667,11.0,0.0,0.141666666667,56.1666666667,2.799375,0.0,720.0,10736.8046875,122.416666667
2015.0,1.0,22.0,8.0,-0.176666666667,31.682,-1.4125,91.3916666667,35.3333333333,0.0,0.65,45.0833333333,2.7765,0.0,720.0,10736.8046875,140.083333333
2015.0,1.0,22.0,9.0,0.373333333333,32.672,-0.640833333333,92.975,100.166666667,0.0166666666667,1.075,47.8333333333,2.694,0.0,720.0,10736.8046875,147.104166667
2015.0,1.0,22.0,10.0,1.205,34.169,-0.8375,86.25,143.916666667,0.0666666666667,0.916666666667,49.25,2.56925,0.0,720.0,10736.8046875,151.5
2015.0,1.0,22.0,11.0,2.46416666667,36.4355,-0.2025,82.55,162.166666667,0.1,1.35833333333,61.0,2.380375,0.0,720.0,10736.8046875,155.083333333
2015.0,1.0,22.0,12.0,3.51,38.318,0.509166666667,80.725,135.833333333,0.0,0.45,59.4166666667,2.2235,0.0,720.0,10736.8046875,157.833333333
2015.0,1.0,22.0,13.0,4.41916666667,39.9545,0.654166666667,76.525,263.75,0.241666666667,2.59166666667,79.4166666667,2.087125,0.0,720.0,10736.8046875,157.8125
2015.0,1.0,22.0,14.0,4.35,39.83,0.128333333333,74.025,219.5,0.408333333333,3.89166666667,76.0,2.0975,0.0,720.0,10736.8046875,158.5625
2015.0,1.0,22.0,15.0,3.92583333333,39.0665,-0.06,75.2166666667,83.9166666667,0.391666666667,3.74166666667,68.75,2.161125,0.0,720.0,10736.8046875,158.0
2015.0,1.0,22.0,16.0,3.91083333333,39.0395,-0.3275,73.8333333333,21.1666666667,0.366666666667,3.56666666667,72.75,2.163375,0.0,720.0,10736.8046875,156.979166667
2015.0,1.0,22.0,17.0,3.59916666667,38.4785,-0.2625,75.825,1.0,0.0833333333333,2.16666666667,75.6666666667,2.210125,0.0,720.0,10736.8046875,155.541666667
2015.0,1.0,22.0,18.0,3.52166666667,38.339,-0.0675,77.325,1.0,0.0666666666667,1.04166666667,75.75,2.22175,0.0,720.0,10736.8046875,152.708333333
2015.0,1.0,22.0,19.0,3.2025,37.7645,-0.135833333333,78.7083333333,1.0,0.0,0.641666666667,69.3333333333,2.269625,0.0,720.0,10736.8046875,148.5
2015.0,1.0,22.0,20.0,2.85333333333,37.136,-0.2475,80.0416666667,1.0,0.0,0.833333333333,75.3333333333,2.322,0.0,720.0,10736.8046875,145.3125
2015.0,1.0,22.0,21.0,2.36833333333,36.263,-0.9,79.0083333333,1.0,0.0,0.341666666667,77.0,2.39475,0.0,720.0,10736.8046875,144.104166667
2015.0,1.0,22.0,22.0,2.06333333333,35.714,-1.59083333333,76.7333333333,1.0,0.0,0.0916666666667,69.5,2.4405,0.0,720.0,10736.8046875,140.875
2015.0,1.0,22.0,23.0,1.13583333333,34.0445,-1.93166666667,79.9833333333,1.0,0.0166666666667,0.75,140.833333333,2.579625,0.0,720.0,10736.8046875,138.270833333
2015.0,1.0,23.0,0.0,0.0775,32.1395,-3.765,75.35,1.0,0.0166666666667,0.633333333333,158.416666667,2.738375,0.0,720.0,10736.8046875,136.645833333
2015.0,1.0,23.0,1.0,-0.3125,31.4375,-5.00666666667,70.575,1.0,0.0833333333333,1.65,158.083333333,2.796875,0.0,720.0,10736.8046875,136.020833333
2015.0,1.0,23.0,2.0,-0.846666666667,30.476,-5.71416666667,69.55,1.0,0.0,0.0,147.916666667,2.877,0.0,720.0,10736.8046875,135.625
2015.0,1.0,23.0,3.0,-1.05083333333,30.1085,-5.97916666667,69.1916666667,1.0,0.0,0.05,105.083333333,2.907625,0.0,720.0,10736.8046875,134.0
2015.0,1.0,23.0,4.0,-1.27916666667,29.6975,-5.80416666667,71.3,1.0,0.0,0.0166666666667,71.5,2.941875,0.0,720.0,10736.8046875,132.354166667
2015.0,1.0,23.0,5.0,-1.29916666667,29.6615,-5.5675,72.7083333333,1.0,0.0,0.0,98.5,2.944875,0.0,720.0,10736.8046875,134.479166667
2015.0,1.0,23.0,6.0,-1.31,29.642,-5.225,74.7083333333,1.33333333333,0.0,0.0,239.25,2.9465,0.0,720.0,10736.8046875,136.5625
2015.0,1.0,23.0,7.0,-0.556666666667,30.998,-4.88166666667,72.575,34.5,0.0,0.0,272.333333333,2.8335,0.0,720.0,10736.8046875,137.333333333
2015.0,1.0,23.0,8.0,1.25,34.25,-5.51333333333,60.7916666667,156.0,0.0,0.0,270.166666667,2.5625,0.0,720.0,10736.8046875,142.854166667
2015.0,1.0,23.0,9.0,2.73166666667,36.917,-5.20916666667,55.8416666667,273.75,0.0,0.05,245.333333333,2.34025,0.0,720.0,10736.8046875,147.729166667
2015.0,1.0,23.0,10.0,2.87416666667,37.1735,-4.91583333333,56.5333333333,374.833333333,0.05,1.15833333333,47.6666666667,2.318875,0.0,720.0,10736.8046875,151.895833333
2015.0,1.0,23.0,11.0,3.26333333333,37.874,-4.23166666667,57.9166666667,335.25,0.45,2.30833333333,36.8333333333,2.2605,0.0,720.0,10736.8046875,153.8125
2015.0,1.0,23.0,12.0,3.765,38.777,-3.45833333333,59.2916666667,401.666666667,0.533333333333,2.48333333333,60.5,2.18525,0.0,720.0,10736.8046875,153.5625
2015.0,1.0,23.0,13.0,3.85,38.93,-2.84083333333,61.6416666667,326.083333333,0.533333333333,3.33333333333,92.9166666667,2.1725,0.0,720.0,10736.8046875,153.666666667
2015.0,1.0,23.0,14.0,4.1975,39.5555,-2.72333333333,60.6833333333,231.083333333,0.466666666667,3.14166666667,46.5,2.120375,0.0,720.0,10736.8046875,156.520833333
2015.0,1.0,23.0,15.0,3.85333333333,38.936,-2.0925,65.1333333333,88.6666666667,0.283333333333,2.725,89.75,2.172,0.0,720.0,10736.8046875,155.375
2015.0,1.0,23.0,16.0,3.25333333333,37.856,-1.91333333333,68.8416666667,12.0,0.05,1.43333333333,52.4166666667,2.262,0.0,720.0,10736.8046875,154.4375
2015.0,1.0,23.0,17.0,2.875,37.175,-1.6025,72.3666666667,1.0,0.0,0.541666666667,54.0,2.31875,0.0,720.0,10736.8046875,153.625
2015.0,1.0,23.0,18.0,2.87583333333,37.1765,-1.29166666667,74.025,1.0,0.0166666666667,0.366666666667,245.083333333,2.318625,0.0,720.0,10736.8046875,147.3125
2015.0,1.0,23.0,19.0,2.72166666667,36.899,-1.1475,75.6333333333,1.0,0.05,0.833333333333,34.1666666667,2.34175,0.0,720.0,10736.8046875,145.145833333
2015.0,1.0,23.0,20.0,2.085,35.753,-0.549166666667,82.9833333333,1.0,0.0,0.0833333333333,309.916666667,2.43725,0.0,720.0,10736.8046875,141.875
2015.0,1.0,23.0,21.0,1.1,33.98,0.86,98.3083333333,1.0,0.0166666666667,0.541666666667,97.5833333333,2.585,0.0,720.0,10736.8046875,138.416666667
2015.0,1.0,23.0,22.0,0.630833333333,33.1355,-0.239166666667,95.2583333333,1.0,0.0,0.0166666666667,16.0,2.655375,0.0,720.0,10736.8046875,137.895833333
2015.0,1.0,23.0,23.0,0.393333333333,32.708,-14.5641666667,37.5333333333,1.0,0.0,0.0,0.0,2.691,0.0,720.0,10736.8046875,139.208333333
2015.0,1.0,24.0,0.0,0.2975,32.5355,-49.8583333333,1.0,1.0,0.0166666666667,0.325,145.833333333,2.705375,0.0,0.0,10736.8046875,137.270833333
2015.0,1.0,24.0,1.0,0.340833333333,32.6135,-49.8316666667,1.0,1.0,0.0166666666667,0.966666666667,215.833333333,2.698875,0.0,0.0,10736.8046875,137.270833333
2015.0,1.0,24.0,2.0,0.371666666667,32.669,-49.8108333333,1.0,1.0,0.0666666666667,1.19166666667,214.916666667,2.69425,0.0,0.0,10736.8046875,135.104166667
2015.0,1.0,24.0,3.0,0.310833333333,32.5595,-49.85,1.0,1.0,0.241666666667,2.275,202.75,2.703375,0.0,0.0,10736.8046875,135.333333333
2015.0,1.0,24.0,4.0,0.514166666667,32.9255,-49.7233333333,1.0,1.0,0.525,3.04166666667,192.0,2.672875,0.0,0.0,10736.8046875,134.229166667
2015.0,1.0,24.0,5.0,0.461666666667,32.831,-49.7566666667,1.0,1.0,0.925,4.85,195.333333333,2.68075,0.0,0.0,10736.8046875,134.854166667
2015.0,1.0,24.0,6.0,0.505,32.909,-49.7291666667,1.0,1.0,1.375,5.21666666667,190.5,2.67425,0.0,0.0,10736.8046875,135.729166667
2015.0,1.0,24.0,7.0,0.6125,33.1025,-49.6608333333,1.0,7.91666666667,1.23333333333,4.96666666667,181.833333333,2.658125,0.0,0.0,10736.8046875,135.041666667
2015.0,1.0,24.0,8.0,0.874166666667,33.5735,-49.4983333333,1.0,38.0,0.816666666667,4.08333333333,169.166666667,2.618875,0.0,0.0,10736.8046875,133.8125
2015.0,1.0,24.0,9.0,1.13,34.034,-49.3383333333,1.0,73.0,0.508333333333,2.9,149.5,2.5805,0.0,0.0,10736.8046875,134.145833333
2015.0,1.0,24.0,10.0,1.49333333333,34.688,-49.1133333333,1.0,86.3333333333,0.158333333333,1.60833333333,137.75,2.526,0.0,0.0,10736.8046875,136.875
2015.0,1.0,24.0,11.0,1.96583333333,35.5385,-48.8183333333,1.0,170.0,0.0,0.458333333333,141.833333333,2.455125,0.0,0.0,10736.8046875,139.0
2015.0,1.0,24.0,12.0,2.89916666667,37.2185,-48.2383333333,1.0,148.083333333,0.416666666667,3.09166666667,111.166666667,2.315125,0.0,0.0,10736.8046875,139.333333333
2015.0,1.0,24.0,13.0,2.645,36.761,-6.85,78.4333333333,109.833333333,0.875,4.28333333333,88.1666666667,2.35325,0.0,0.0,10736.8046875,142.0625
2015.0,1.0,24.0,14.0,3.20666666667,37.772,2.60833333333,95.8583333333,58.8333333333,0.375,2.95833333333,77.25,2.269,0.0,0.0,10736.8046875,142.375
2015.0,1.0,24.0,15.0,3.64583333333,38.5625,2.26833333333,90.7166666667,29.6666666667,0.333333333333,2.69166666667,50.1666666667,2.203125,0.0,0.0,10736.8046875,142.645833333
2015.0,1.0,24.0,16.0,3.63666666667,38.546,1.74333333333,87.4083333333,20.25,0.7,4.11666666667,55.4166666667,2.2045,0.0,0.0,10736.8046875,143.666666667
2015.0,1.0,24.0,17.0,2.955,37.319,1.12416666667,87.7583333333,1.0,0.183333333333,2.225,55.1666666667,2.30675,0.0,0.0,10736.8046875,141.020833333
2015.0,1.0,24.0,18.0,2.4025,36.3245,0.688333333333,88.4333333333,1.0,0.1,1.66666666667,45.6666666667,2.389625,0.0,0.0,10736.8046875,139.333333333
2015.0,1.0,24.0,19.0,2.235,36.023,-0.335833333333,83.2583333333,1.0,0.3,3.175,52.1666666667,2.41475,0.0,0.0,10736.8046875,138.8125
2015.0,1.0,24.0,20.0,2.66333333333,36.794,-2.00666666667,71.2916666667,1.0,1.09166666667,5.45833333333,59.0833333333,2.3505,0.0,0.0,10736.8046875,138.458333333
2015.0,1.0,24.0,21.0,2.315,36.167,-2.295,71.5416666667,1.0,1.45833333333,5.675,62.4166666667,2.40275,0.0,0.0,10736.8046875,135.541666667
2015.0,1.0,24.0,22.0,1.8075,35.2535,-2.5925,72.5666666667,1.0,1.29166666667,5.55833333333,60.4166666667,2.478875,0.0,0.0,10736.8046875,135.541666667
2015.0,1.0,24.0,23.0,1.90083333333,35.4215,-2.4625,72.7833333333,1.0,0.575,3.69166666667,63.0833333333,2.464875,0.0,0.0,10736.8046875,133.270833333
2015.0,1.0,25.0,0.0,2.25416666667,36.0575,-2.15166666667,72.6333333333,1.0,0.916666666667,4.35833333333,56.4166666667,2.411875,0.0,0.0,10736.8046875,134.75
2015.0,1.0,25.0,1.0,2.25333333333,36.056,-1.9775,73.575,1.0,1.025,4.49166666667,59.0,2.412,0.0,0.0,10736.8046875,134.625
2015.0,1.0,25.0,2.0,2.19,35.942,-1.71666666667,75.35,1.0,0.666666666667,3.74166666667,55.75,2.4215,0.0,0.0,10736.8046875,135.354166667
2015.0,1.0,25.0,3.0,1.90583333333,35.4305,-1.575,77.6916666667,1.0,0.558333333333,3.68333333333,53.25,2.464125,0.0,0.0,10736.8046875,132.5625
2015.0,1.0,25.0,4.0,1.55416666667,34.7975,-1.61916666667,79.4166666667,1.0,0.95,3.98333333333,50.3333333333,2.516875,0.0,0.0,10736.8046875,132.270833333
2015.0,1.0,25.0,5.0,1.45916666667,34.6265,-1.53833333333,80.4416666667,1.0,0.783333333333,3.775,48.0,2.531125,0.0,0.0,10736.8046875,131.458333333
2015.0,1.0,25.0,6.0,1.95333333333,35.516,-1.21,79.5333333333,1.08333333333,1.05,4.025,44.6666666667,2.457,0.0,0.0,10736.8046875,134.104166667
2015.0,1.0,25.0,7.0,2.32666666667,36.188,-1.0975,78.0916666667,30.5833333333,1.31666666667,5.425,52.5833333333,2.401,0.0,0.0,10736.8046875,132.229166667
2015.0,1.0,25.0,8.0,3.48333333333,38.27,-0.976666666667,72.6583333333,122.75,0.858333333333,4.475,48.1666666667,2.2275,0.0,0.0,10736.8046875,133.145833333
2015.0,1.0,25.0,9.0,5.3525,41.6345,-0.685833333333,65.075,249.75,1.2,4.50833333333,53.3333333333,1.947125,0.0,0.0,10736.8046875,133.625
2015.0,1.0,25.0,10.0,5.69583333333,42.2525,-0.115833333333,66.1833333333,128.083333333,1.6,5.34166666667,54.5,1.895625,0.0,0.0,10736.8046875,134.9375
2015.0,1.0,25.0,11.0,6.76333333333,44.174,0.0958333333333,62.4666666667,255.083333333,1.3,5.25,56.3333333333,1.7355,0.0,0.0,10736.8046875,134.604166667
2015.0,1.0,25.0,12.0,8.04,46.472,0.156666666667,57.475,381.5,0.775,4.48333333333,70.0833333333,1.544,0.0,0.0,10736.8046875,134.791666667
2015.0,1.0,25.0,13.0,8.0275,46.4495,0.0933333333333,57.2416666667,342.0,0.958333333333,4.96666666667,69.0833333333,1.545875,0.0,0.0,10736.8046875,136.208333333
2015.0,1.0,25.0,14.0,7.5525,45.5945,0.359166666667,60.2833333333,180.166666667,0.483333333333,3.45833333333,62.9166666667,1.617125,0.0,0.0,10736.8046875,138.9375
2015.0,1.0,25.0,15.0,6.8525,44.3345,0.695,64.8083333333,108.166666667,0.308333333333,3.16666666667,58.3333333333,1.722125,0.0,0.0,10736.8046875,140.270833333
2015.0,1.0,25.0,16.0,6.18416666667,43.1315,0.81,68.4333333333,9.0,0.125,1.46666666667,56.6666666667,1.822375,0.0,0.0,10736.8046875,139.625
2015.0,1.0,25.0,17.0,5.52333333333,41.942,1.52583333333,75.45,1.0,0.0,0.358333333333,101.5,1.9215,0.0,0.0,10736.8046875,139.541666667
2015.0,1.0,25.0,18.0,5.07083333333,41.1275,1.56666666667,78.0416666667,1.0,0.05,0.566666666667,158.166666667,1.989375,0.0,0.0,10736.8046875,140.333333333
2015.0,1.0,25.0,19.0,4.41833333333,39.953,2.10166666667,84.9583333333,1.0,0.0,0.15,147.916666667,2.08725,0.0,0.0,10736.8046875,139.708333333
2015.0,1.0,25.0,20.0,3.62333333333,38.522,2.72833333333,93.9083333333,1.0,0.0666666666667,0.933333333333,181.5,2.2065,0.0,0.0,10736.8046875,139.208333333
2015.0,1.0,25.0,21.0,2.84833333333,37.127,1.2125,89.0166666667,1.0,0.866666666667,4.05833333333,188.333333333,2.32275,0.0,0.0,10736.8046875,137.458333333
2015.0,1.0,25.0,22.0,2.17166666667,35.909,-3.13833333333,68.3083333333,1.0,0.925,4.29166666667,200.666666667,2.42425,0.0,0.0,10736.8046875,134.958333333
2015.0,1.0,25.0,23.0,0.685,33.233,-3.33083333333,74.875,1.0,1.25833333333,4.8,212.416666667,2.64725,0.0,0.0,10736.8046875,134.0
2015.0,1.0,26.0,0.0,-0.745,30.659,-2.86333333333,85.575,1.0,1.04166666667,4.975,209.25,2.86175,0.0,720.0,10736.8046875,133.520833333
2015.0,1.0,26.0,1.0,-1.82083333333,28.7225,-2.89,92.4666666667,1.0,1.45833333333,6.15,204.166666667,3.023125,0.0,720.0,10736.8046875,135.166666667
2015.0,1.0,26.0,2.0,-1.62166666667,29.081,-4.1425,82.95,1.0,1.01666666667,5.40833333333,202.75,2.99325,0.0,720.0,10736.8046875,134.354166667
2015.0,1.0,26.0,3.0,-1.39916666667,29.4815,-4.28,80.7416666667,1.0,0.7,4.40833333333,187.416666667,2.959875,0.0,720.0,10736.8046875,135.083333333
2015.0,1.0,26.0,4.0,-1.34333333333,29.582,-4.285,80.3833333333,1.0,0.733333333333,3.99166666667,185.25,2.9515,0.0,720.0,10736.8046875,133.395833333
2015.0,1.0,26.0,5.0,-1.50666666667,29.288,-4.75333333333,78.525,1.0,1.33333333333,5.975,200.583333333,2.976,0.0,720.0,10736.8046875,134.104166667
2015.0,1.0,26.0,6.0,-2.1825,28.0715,-5.5525,77.725,1.0,1.68333333333,6.60833333333,206.083333333,3.077375,0.0,720.0,10736.8046875,134.833333333
2015.0,1.0,26.0,7.0,-3.05583333333,26.4995,-4.81416666667,87.7333333333,21.1666666667,1.475,6.40833333333,202.25,3.208375,0.0,720.0,10736.8046875,134.291666667
2015.0,1.0,26.0,8.0,-2.94166666667,26.705,-4.3675,89.9666666667,80.1666666667,1.75,6.925,199.333333333,3.19125,0.0,720.0,10736.8046875,140.458333333
2015.0,1.0,26.0,9.0,-2.515,27.473,-4.54583333333,85.9666666667,163.25,2.225,7.38333333333,191.416666667,3.12725,0.0,720.0,10736.8046875,145.875
2015.0,1.0,26.0,10.0,-1.715,28.913,-4.14666666667,83.4833333333,224.0,2.13333333333,7.48333333333,194.583333333,3.00725,0.0,720.0,10736.8046875,148.979166667
2015.0,1.0,26.0,11.0,-1.39916666667,29.4815,-3.49833333333,85.6333333333,172.0,2.19166666667,6.80833333333,194.25,2.959875,0.0,720.0,10736.8046875,152.875
2015.0,1.0,26.0,12.0,-1.3325,29.6015,-3.48333333333,85.3083333333,111.416666667,2.18333333333,7.475,192.583333333,2.949875,0.0,720.0,10736.8046875,153.75
2015.0,1.0,26.0,13.0,-1.7575,28.8365,-3.8375,85.7583333333,121.75,2.575,7.96666666667,188.083333333,3.013625,0.0,720.0,10736.8046875,153.8125
2015.0,1.0,26.0,14.0,-2.4575,27.5765,-4.38833333333,86.6666666667,118.666666667,2.69166666667,7.8,187.5,3.118625,0.0,720.0,10736.8046875,154.645833333
2015.0,1.0,26.0,15.0,-3.19916666667,26.2415,-5.49083333333,84.2166666667,61.1666666667,3.38333333333,8.94166666667,182.083333333,3.229875,0.0,720.0,10736.8046875,155.75
2015.0,1.0,26.0,16.0,-3.385,25.907,-5.7675,83.5916666667,12.9166666667,3.40833333333,8.81666666667,180.583333333,3.25775,0.0,720.0,10736.8046875,156.479166667
2015.0,1.0,26.0,17.0,-3.3425,25.9835,-5.5475,84.7416666667,1.0,3.45833333333,9.2,180.916666667,3.251375,0.0,720.0,10736.8046875,152.208333333
2015.0,1.0,26.0,18.0,-3.09833333333,26.423,-4.96083333333,87.0166666667,1.0,3.10833333333,8.775,179.75,3.21475,0.0,720.0,10736.8046875,148.4375
2015.0,1.0,26.0,19.0,-2.78583333333,26.9855,-4.54,87.7833333333,1.0,3.03333333333,8.4,180.416666667,3.167875,0.0,720.0,10736.8046875,144.833333333
2015.0,1.0,26.0,20.0,-2.71666666667,27.11,-4.10833333333,90.2083333333,1.0,2.475,7.70833333333,177.166666667,3.1575,0.0,720.0,10736.8046875,139.645833333
2015.0,1.0,26.0,21.0,-2.64,27.248,-4.2625,88.65,1.0,2.66666666667,8.06666666667,177.166666667,3.146,0.0,720.0,10736.8046875,139.375
2015.0,1.0,26.0,22.0,-2.315,27.833,-4.795,83.125,1.0,2.26666666667,7.03333333333,164.583333333,3.09725,0.0,720.0,10736.8046875,136.166666667
2015.0,1.0,26.0,23.0,-2.29333333333,27.872,-5.51,78.5833333333,1.0,2.55,7.98333333333,170.333333333,3.094,0.0,720.0,10736.8046875,135.9375
2015.0,1.0,27.0,0.0,-2.62166666667,27.281,-5.85416666667,78.4583333333,1.0,2.08333333333,6.69166666667,164.666666667,3.14325,0.0,720.0,10736.8046875,134.520833333
2015.0,1.0,27.0,1.0,-3.69416666667,25.3505,-5.99666666667,84.1666666667,1.0,2.18333333333,6.85,147.583333333,3.304125,0.0,720.0,10736.8046875,133.1875
2015.0,1.0,27.0,2.0,-4.0125,24.7775,-6.435,83.2666666667,1.0,2.46666666667,7.225,148.666666667,3.351875,0.0,720.0,10736.8046875,133.291666667
2015.0,1.0,27.0,3.0,-4.0875,24.6425,-4.7775,95.0666666667,1.0,1.03333333333,4.90833333333,124.666666667,3.363125,0.0,720.0,10736.8046875,133.270833333
2015.0,1.0,27.0,4.0,-4.0125,24.7775,-4.37833333333,97.3416666667,1.0,0.841666666667,4.84166666667,124.833333333,3.351875,0.0,720.0,10736.8046875,132.875
2015.0,1.0,27.0,5.0,-3.87,25.034,-4.48916666667,95.5083333333,1.0,1.85,6.30833333333,140.833333333,3.3305,0.0,720.0,10736.8046875,133.0625
2015.0,1.0,27.0,6.0,-3.665,25.403,-3.88666666667,98.4166666667,1.08333333333,0.6,3.525,96.8333333333,3.29975,0.0,720.0,10736.8046875,134.666666667
2015.0,1.0,27.0,7.0,-3.275,26.105,-3.48416666667,98.5416666667,18.5,0.725,4.51666666667,92.5833333333,3.24125,0.0,720.0,10736.8046875,133.5
2015.0,1.0,27.0,8.0,-3.16416666667,26.3045,-3.41333333333,98.2333333333,66.25,0.7,4.99166666667,96.5833333333,3.224625,0.0,720.0,10736.8046875,136.666666667
2015.0,1.0,27.0,9.0,-3.05,26.51,-3.81416666667,94.5583333333,152.416666667,0.933333333333,5.30833333333,94.1666666667,3.2075,0.0,720.0,10736.8046875,144.520833333
2015.0,1.0,27.0,10.0,-1.62583333333,29.0735,-5.84,73.2166666667,337.333333333,1.44166666667,5.53333333333,98.5833333333,2.993875,0.0,720.0,10736.8046875,149.333333333
2015.0,1.0,27.0,11.0,-0.215833333333,31.6115,-7.0375,60.075,413.75,1.00833333333,5.68333333333,85.0833333333,2.782375,0.0,720.0,10736.8046875,152.520833333
2015.0,1.0,27.0,12.0,0.811666666667,33.461,-10.06,44.1166666667,505.833333333,1.66666666667,6.99166666667,93.0,2.62825,0.0,720.0,10736.8046875,155.333333333
2015.0,1.0,27.0,13.0,0.965833333333,33.7385,-10.7716666667,41.1,362.0,1.275,6.73333333333,85.5833333333,2.605125,0.0,720.0,10736.8046875,156.020833333
2015.0,1.0,27.0,14.0,0.975833333333,33.7565,-10.9833333333,40.375,249.333333333,1.20833333333,5.64166666667,91.0833333333,2.603625,0.0,720.0,10736.8046875,156.354166667
2015.0,1.0,27.0,15.0,0.869166666667,33.5645,-10.3441666667,42.8166666667,169.083333333,1.44166666667,6.38333333333,76.3333333333,2.619625,0.0,720.0,10736.8046875,154.75
2015.0,1.0,27.0,16.0,0.5825,33.0485,-9.39083333333,47.2,65.5833333333,1.16666666667,5.71666666667,65.25,2.662625,0.0,720.0,10736.8046875,156.5
2015.0,1.0,27.0,17.0,-0.3225,31.4195,-9.5375,49.7666666667,1.0,0.666666666667,4.69166666667,67.5833333333,2.798375,0.0,720.0,10736.8046875,155.0625
2015.0,1.0,27.0,18.0,-0.6,30.92,-11.7725,42.5333333333,1.0,0.966666666667,4.98333333333,96.6666666667,2.84,0.0,720.0,10736.8046875,150.4375
2015.0,1.0,27.0,19.0,-1.67666666667,28.982,-12.42,43.6833333333,1.0,1.2,5.975,96.0833333333,3.0015,0.0,720.0,10736.8046875,148.0625
2015.0,1.0,27.0,20.0,-2.7575,27.0365,-11.9141666667,49.3,1.0,0.933333333333,4.94166666667,107.083333333,3.163625,0.0,720.0,10736.8046875,144.083333333
2015.0,1.0,27.0,21.0,-4.37416666667,24.1265,-12.7666666667,51.9166666667,1.0,1.21666666667,6.175,105.25,3.406125,0.0,720.0,10736.8046875,139.645833333
2015.0,1.0,27.0,22.0,-5.90166666667,21.377,-12.8558333333,57.9083333333,1.0,1.15,5.54166666667,93.1666666667,3.63525,0.0,720.0,10736.8046875,140.6875
2015.0,1.0,27.0,23.0,-6.60583333333,20.1095,-12.8933333333,60.9083333333,1.0,0.958333333333,5.45833333333,95.5,3.740875,0.0,720.0,10736.8046875,136.791666667
2015.0,1.0,28.0,0.0,-6.82333333333,19.718,-12.84,62.2083333333,1.0,1.03333333333,5.70833333333,94.4166666667,3.7735,0.0,720.0,10736.8046875,138.395833333
2015.0,1.0,28.0,1.0,-7.0075,19.3865,-13.0308333333,62.15,1.0,0.983333333333,5.21666666667,83.75,3.801125,0.0,720.0,10736.8046875,137.416666667
2015.0,1.0,28.0,2.0,-7.33,18.806,-13.5741666667,60.9416666667,1.0,0.858333333333,4.98333333333,86.6666666667,3.8495,0.0,720.0,10736.8046875,137.770833333
2015.0,1.0,28.0,3.0,-7.54416666667,18.4205,-13.7825,60.9166666667,1.0,0.55,4.26666666667,80.25,3.881625,0.0,720.0,10736.8046875,136.708333333
2015.0,1.0,28.0,4.0,-7.51833333333,18.467,-15.1058333333,54.5583333333,1.0,0.425,3.96666666667,69.3333333333,3.87775,0.0,720.0,10736.8046875,135.3125
2015.0,1.0,28.0,5.0,-7.53833333333,18.431,-16.0591666667,50.4416666667,1.0,0.35,3.15,58.5833333333,3.88075,0.0,720.0,10736.8046875,137.479166667
2015.0,1.0,28.0,6.0,-7.5175,18.4685,-16.29,49.3916666667,1.5,0.391666666667,3.4,67.1666666667,3.877625,0.0,720.0,10736.8046875,137.604166667
2015.0,1.0,28.0,7.0,-6.24083333333,20.7665,-16.3716666667,44.5166666667,79.5,0.541666666667,3.98333333333,71.5833333333,3.686125,0.0,720.0,10736.8046875,136.625
2015.0,1.0,28.0,8.0,-4.77333333333,23.408,-16.6166666667,38.9416666667,241.916666667,1.20833333333,6.45,84.4166666667,3.466,0.0,720.0,10736.8046875,141.770833333
2015.0,1.0,28.0,9.0,-3.43083333333,25.8245,-16.1425,36.6333333333,384.666666667,1.41666666667,7.04166666667,80.8333333333,3.264625,0.0,720.0,10736.8046875,149.8125
2015.0,1.0,28.0,10.0,-1.88166666667,28.613,-15.5141666667,34.425,484.333333333,1.5,6.575,82.8333333333,3.03225,0.0,720.0,10736.8046875,156.270833333
2015.0,1.0,28.0,11.0,-0.583333333333,30.95,-15.0891666667,32.3916666667,533.083333333,1.45,6.13333333333,72.0,2.8375,0.0,720.0,10736.8046875,158.9375
2015.0,1.0,28.0,12.0,-0.405833333333,31.2695,-14.7975,32.775,530.666666667,1.24166666667,6.89166666667,77.6666666667,2.810875,0.0,720.0,10736.8046875,161.020833333
2015.0,1.0,28.0,13.0,0.00583333333333,32.0105,-14.4966666667,32.5916666667,475.083333333,1.05,5.375,84.75,2.749125,0.0,720.0,10736.8046875,160.395833333
2015.0,1.0,28.0,14.0,1.11833333333,34.013,-14.2908333333,30.575,372.0,0.916666666667,5.26666666667,79.5833333333,2.58225,0.0,720.0,10736.8046875,156.604166667
2015.0,1.0,28.0,15.0,2.10916666667,35.7965,-14.2516666667,28.5833333333,227.5,0.683333333333,4.8,71.9166666667,2.433625,0.0,720.0,10736.8046875,158.333333333
2015.0,1.0,28.0,16.0,0.779166666667,33.4025,-13.7866666667,32.7666666667,57.5833333333,0.55,3.925,67.5,2.633125,0.0,720.0,10736.8046875,157.166666667
2015.0,1.0,28.0,17.0,-0.508333333333,31.085,-13.2091666667,37.5833333333,1.08333333333,0.1,1.85,67.6666666667,2.82625,0.0,720.0,10736.8046875,159.229166667
2015.0,1.0,28.0,18.0,-0.849166666667,30.4715,-13.3983333333,37.9666666667,1.0,0.341666666667,2.64166666667,80.5833333333,2.877375,0.0,720.0,10736.8046875,156.354166667
2015.0,1.0,28.0,19.0,-1.24166666667,29.765,-14.1916666667,36.6,1.0,0.341666666667,3.38333333333,92.3333333333,2.93625,0.0,720.0,10736.8046875,150.916666667
2015.0,1.0,28.0,20.0,-1.665,29.003,-14.1541666667,37.875,1.0,0.308333333333,3.125,104.583333333,2.99975,0.0,720.0,10736.8046875,147.8125
2015.0,1.0,28.0,21.0,-1.93416666667,28.5185,-14.4133333333,37.8166666667,1.0,0.65,4.04166666667,99.4166666667,3.040125,0.0,720.0,10736.8046875,143.645833333
2015.0,1.0,28.0,22.0,-2.7425,27.0635,-14.1616666667,41.0083333333,1.0,0.166666666667,1.7,95.8333333333,3.161375,0.0,720.0,10736.8046875,142.854166667
2015.0,1.0,28.0,23.0,-3.2,26.24,-14.3458333333,41.7833333333,1.0,0.0833333333333,1.70833333333,104.916666667,3.23,0.0,720.0,10736.8046875,140.75
2015.0,1.0,29.0,0.0,-3.49,25.718,-14.4166666667,42.45,1.0,0.308333333333,2.65833333333,93.0,3.2735,0.0,720.0,10736.8046875,140.625
2015.0,1.0,29.0,1.0,-3.8,25.16,-14.8466666667,41.9333333333,1.0,0.308333333333,2.78333333333,95.8333333333,3.32,0.0,720.0,10736.8046875,140.75
2015.0,1.0,29.0,2.0,-4.265,24.323,-14.7508333333,43.7833333333,1.0,0.116666666667,1.65,139.083333333,3.38975,0.0,720.0,10736.8046875,141.083333333
2015.0,1.0,29.0,3.0,-4.885,23.207,-14.4341666667,47.1,1.0,0.0,0.316666666667,147.583333333,3.48275,0.0,720.0,10736.8046875,142.375
2015.0,1.0,29.0,4.0,-5.09583333333,22.8275,-14.5291666667,47.475,1.0,0.0,0.758333333333,92.0,3.514375,0.0,720.0,10736.8046875,139.104166667
2015.0,1.0,29.0,5.0,-5.4575,22.1765,-14.0475,50.775,1.0,0.0333333333333,0.791666666667,153.916666667,3.568625,0.0,720.0,10736.8046875,139.458333333
2015.0,1.0,29.0,6.0,-5.4825,22.1315,-13.9083333333,51.4583333333,2.08333333333,0.1,1.65,157.083333333,3.572375,0.0,720.0,10736.8046875,141.458333333
2015.0,1.0,29.0,7.0,-4.13916666667,24.5495,-13.93,46.5166666667,49.3333333333,0.0833333333333,1.25,167.916666667,3.370875,0.0,720.0,10736.8046875,141.875
2015.0,1.0,29.0,8.0,-1.36,29.552,-14.1183333333,37.2333333333,249.583333333,0.0166666666667,0.575,180.25,2.954,0.0,720.0,10736.8046875,145.875
2015.0,1.0,29.0,9.0,-0.635,30.857,-14.3683333333,34.575,284.833333333,0.0166666666667,0.625,199.333333333,2.84525,0.0,720.0,10736.8046875,151.625
2015.0,1.0,29.0,10.0,0.364166666667,32.6555,-14.3075,32.2583333333,346.166666667,0.0666666666667,1.35,272.333333333,2.695375,0.0,720.0,10736.8046875,155.208333333
2015.0,1.0,29.0,11.0,0.634166666667,33.1415,-13.7958333333,32.975,269.666666667,0.0,0.475,275.25,2.654875,0.0,720.0,10736.8046875,156.666666667
2015.0,1.0,29.0,12.0,1.04583333333,33.8825,-12.5975,35.2833333333,218.083333333,0.0166666666667,0.708333333333,294.666666667,2.593125,0.0,720.0,10736.8046875,155.75
2015.0,1.0,29.0,13.0,1.4025,34.5245,-11.9833333333,36.1416666667,192.0,0.0166666666667,1.43333333333,272.75,2.539625,0.0,720.0,10736.8046875,157.770833333
2015.0,1.0,29.0,14.0,1.27,34.286,-11.1816666667,38.9083333333,82.0833333333,0.1,1.78333333333,236.916666667,2.5595,0.0,720.0,10736.8046875,158.395833333
2015.0,1.0,29.0,15.0,1.37583333333,34.4765,-10.3866666667,41.1416666667,63.0833333333,0.183333333333,2.06666666667,306.75,2.543625,0.0,720.0,10736.8046875,160.1875
2015.0,1.0,29.0,16.0,1.3375,34.4075,-9.5875,43.9583333333,15.75,0.45,2.925,311.416666667,2.549375,0.0,720.0,10736.8046875,157.479166667
2015.0,1.0,29.0,17.0,1.18666666667,34.136,-10.1458333333,42.5916666667,1.0,0.441666666667,3.08333333333,301.416666667,2.572,0.0,720.0,10736.8046875,154.479166667
2015.0,1.0,29.0,18.0,1.075,33.935,-7.3875,53.2416666667,1.0,0.458333333333,3.3,305.5,2.58875,0.0,720.0,10736.8046875,154.291666667
2015.0,1.0,29.0,19.0,1.15666666667,34.082,-5.42916666667,61.4833333333,1.0,0.225,2.79166666667,39.25,2.5765,0.0,720.0,10736.8046875,150.833333333
2015.0,1.0,29.0,20.0,0.894166666667,33.6095,-4.28666666667,68.275,1.0,0.283333333333,2.89166666667,210.25,2.615875,0.0,720.0,10736.8046875,145.541666667
2015.0,1.0,29.0,21.0,0.578333333333,33.041,-3.82583333333,72.325,1.0,0.491666666667,3.21666666667,308.0,2.66325,0.0,720.0,10736.8046875,143.791666667
2015.0,1.0,29.0,22.0,0.66,33.188,-4.33916666667,69.1666666667,1.0,0.291666666667,2.14166666667,303.416666667,2.651,0.0,720.0,10736.8046875,141.125
2015.0,1.0,29.0,23.0,1.15166666667,34.073,-4.28083333333,67.05,1.0,0.0166666666667,0.525,0.583333333333,2.57725,0.0,720.0,10736.8046875,138.6875
2015.0,1.0,30.0,0.0,1.66916666667,35.0045,-3.97666666667,66.0916666667,1.0,0.0,0.175,0.0,2.499625,0.0,720.0,10736.8046875,137.604166667
2015.0,1.0,30.0,1.0,1.94083333333,35.4935,-3.28,68.2833333333,1.0,0.0,0.416666666667,0.333333333333,2.458875,0.0,720.0,10736.8046875,137.916666667
2015.0,1.0,30.0,2.0,1.88,35.384,-2.98166666667,70.1333333333,1.0,0.108333333333,0.883333333333,26.8333333333,2.468,0.0,720.0,10736.8046875,137.666666667
2015.0,1.0,30.0,3.0,1.41166666667,34.541,-2.98583333333,72.5083333333,1.0,0.258333333333,2.06666666667,56.0,2.53825,0.0,720.0,10736.8046875,136.854166667
2015.0,1.0,30.0,4.0,1.18666666667,34.136,-3.31166666667,71.9166666667,1.0,0.275,2.025,62.9166666667,2.572,0.0,720.0,10736.8046875,136.395833333
2015.0,1.0,30.0,5.0,1.35333333333,34.436,-2.86416666667,73.4666666667,1.0,0.2,2.26666666667,66.4166666667,2.547,0.0,720.0,10736.8046875,134.729166667
2015.0,1.0,30.0,6.0,1.47166666667,34.649,-2.335,75.7666666667,1.25,1.1,5.1,71.9166666667,2.52925,0.0,720.0,10736.8046875,136.229166667
2015.0,1.0,30.0,7.0,1.52083333333,34.7375,-2.475,74.7333333333,24.0,0.891666666667,5.075,72.1666666667,2.521875,0.0,720.0,10736.8046875,136.0
2015.0,1.0,30.0,8.0,1.84,35.312,-2.41083333333,73.3833333333,95.75,0.8,4.725,66.5833333333,2.474,0.0,720.0,10736.8046875,139.9375
2015.0,1.0,30.0,9.0,3.08166666667,37.547,-2.2625,67.9833333333,246.75,1.45,5.86666666667,79.4166666667,2.28775,0.0,720.0,10736.8046875,150.395833333
2015.0,1.0,30.0,10.0,3.8325,38.8985,-3.23833333333,59.9083333333,256.333333333,1.39166666667,6.16666666667,77.5833333333,2.175125,0.0,720.0,10736.8046875,153.0
2015.0,1.0,30.0,11.0,3.695,38.651,-4.78166666667,53.875,258.833333333,1.78333333333,7.6,87.3333333333,2.19575,0.0,720.0,10736.8046875,152.916666667
2015.0,1.0,30.0,12.0,4.26,39.668,-5.27333333333,49.875,300.916666667,1.75,7.73333333333,85.25,2.111,0.0,720.0,10736.8046875,157.041666667
2015.0,1.0,30.0,13.0,4.12166666667,39.419,-5.64666666667,48.9416666667,282.0,1.78333333333,7.76666666667,84.3333333333,2.13175,0.0,720.0,10736.8046875,156.854166667
2015.0,1.0,30.0,14.0,4.19666666667,39.554,-6.78166666667,44.675,301.583333333,2.53333333333,8.8,77.0833333333,2.1205,0.0,720.0,10736.8046875,157.270833333
2015.0,1.0,30.0,15.0,2.52333333333,36.542,-3.63416666667,64.425,191.333333333,2.85,8.7,66.8333333333,2.3715,0.0,720.0,10736.8046875,156.145833333
2015.0,1.0,30.0,16.0,0.0458333333333,32.0825,-1.275,91.5166666667,16.3333333333,2.30833333333,8.31666666667,69.5,2.743125,0.0,720.0,10736.8046875,156.541666667
2015.0,1.0,30.0,17.0,-0.373333333333,31.328,-2.00416666667,88.8166666667,1.0,2.49166666667,8.05833333333,69.0,2.806,0.0,720.0,10736.8046875,156.229166667
2015.0,1.0,30.0,18.0,-0.81,30.542,-4.4525,76.5916666667,1.0,2.19166666667,7.75833333333,74.8333333333,2.8715,0.0,720.0,10736.8046875,152.8125
2015.0,1.0,30.0,19.0,-1.94833333333,28.493,-9.21583333333,57.5833333333,1.0,2.08333333333,8.50833333333,85.8333333333,3.04225,0.0,720.0,10736.8046875,144.1875
2015.0,1.0,30.0,20.0,-3.61583333333,25.4915,-11.4,54.7416666667,1.0,2.1,8.14166666667,91.25,3.292375,0.0,720.0,10736.8046875,140.104166667
2015.0,1.0,30.0,21.0,-4.9375,23.1125,-12.4658333333,55.525,1.0,1.86666666667,7.525,76.3333333333,3.490625,0.0,720.0,10736.8046875,138.229166667
2015.0,1.0,30.0,22.0,-6.26333333333,20.726,-13.935,54.5083333333,1.0,2.79166666667,9.41666666667,78.3333333333,3.6895,0.0,720.0,10736.8046875,136.583333333
2015.0,1.0,30.0,23.0,-7.33083333333,18.8045,-14.9508333333,54.425,1.0,3.05,9.325,72.4166666667,3.849625,0.0,720.0,10736.8046875,137.645833333
2015.0,1.0,31.0,0.0,-8.21833333333,17.207,-15.7033333333,54.7833333333,1.0,2.06666666667,8.13333333333,77.75,3.98275,0.0,0.0,10736.8046875,137.583333333
2015.0,1.0,31.0,1.0,-8.83583333333,16.0955,-16.2175,55.0916666667,1.0,1.60833333333,6.70833333333,79.5833333333,4.075375,0.0,0.0,10736.8046875,137.145833333
2015.0,1.0,31.0,2.0,-9.29083333333,15.2765,-16.4783333333,55.85,1.0,1.69166666667,7.26666666667,73.5,4.143625,0.0,0.0,10736.8046875,138.8125
2015.0,1.0,31.0,3.0,-9.77083333333,14.4125,-16.8458333333,56.2666666667,1.0,1.275,6.325,72.4166666667,4.215625,0.0,0.0,10736.8046875,137.395833333
2015.0,1.0,31.0,4.0,-10.0983333333,13.823,-17.2575,55.7583333333,1.0,1.425,7.075,79.8333333333,4.26475,0.0,0.0,10736.8046875,135.0
2015.0,1.0,31.0,5.0,-10.3783333333,13.319,-17.425,56.2083333333,1.0,0.808333333333,5.83333333333,83.3333333333,4.30675,0.0,0.0,10736.8046875,136.729166667
2015.0,1.0,31.0,6.0,-10.495,13.109,-17.3783333333,56.9583333333,2.5,0.866666666667,5.06666666667,71.4166666667,4.32425,0.0,0.0,10736.8046875,137.333333333
2015.0,1.0,31.0,7.0,-9.44916666667,14.9915,-17.5841666667,51.575,88.5,1.125,5.56666666667,68.6666666667,4.167375,0.0,0.0,10736.8046875,134.625
2015.0,1.0,31.0,8.0,-8.105,17.411,-17.9058333333,45.1583333333,253.0,1.39166666667,6.425,84.75,3.96575,0.0,0.0,10736.8046875,135.75
2015.0,1.0,31.0,9.0,-6.91416666667,19.5545,-17.8608333333,41.3333333333,394.833333333,1.94166666667,7.15833333333,77.5,3.787125,0.0,0.0,10736.8046875,134.041666667
2015.0,1.0,31.0,10.0,-5.31,22.442,-17.1991666667,38.65,495.083333333,1.38333333333,6.525,81.5833333333,3.5465,0.0,0.0,10736.8046875,137.270833333
2015.0,1.0,31.0,11.0,-3.86166666667,25.049,-16.0,38.3083333333,543.333333333,1.46666666667,6.25,76.5833333333,3.32925,0.0,0.0,10736.8046875,139.479166667
2015.0,1.0,31.0,12.0,-3.78,25.196,-15.1308333333,40.925,538.666666667,1.84166666667,6.99166666667,70.0,3.317,0.0,0.0,10736.8046875,143.291666667
2015.0,1.0,31.0,13.0,-3.4825,25.7315,-15.0925,40.175,479.0,2.13333333333,7.625,74.5833333333,3.272375,0.0,0.0,10736.8046875,143.604166667
2015.0,1.0,31.0,14.0,-2.19,28.058,-13.9125,40.175,365.166666667,1.15833333333,5.89166666667,73.5833333333,3.0785,0.0,0.0,10736.8046875,144.583333333
2015.0,1.0,31.0,15.0,-1.47833333333,29.339,-13.16,40.5416666667,225.75,1.1,5.5,74.9166666667,2.97175,0.0,0.0,10736.8046875,142.958333333
2015.0,1.0,31.0,16.0,-2.1775,28.0805,-13.1583333333,42.725,64.25,1.05,5.375,65.5,3.076625,0.0,0.0,10736.8046875,143.770833333
2015.0,1.0,31.0,17.0,-3.28833333333,26.081,-12.6325,48.375,1.08333333333,0.6,4.3,62.25,3.24325,0.0,0.0,10736.8046875,140.791666667
2015.0,1.0,31.0,18.0,-3.565,25.583,-12.525,49.8166666667,1.0,0.458333333333,3.34166666667,53.4166666667,3.28475,0.0,0.0,10736.8046875,138.5625
2015.0,1.0,31.0,19.0,-3.8225,25.1195,-12.0166666667,52.9083333333,1.0,0.241666666667,2.09166666667,48.0833333333,3.323375,0.0,0.0,10736.8046875,137.1875
2015.0,1.0,31.0,20.0,-3.9725,24.8495,-11.7566666667,54.6416666667,1.0,0.0666666666667,1.45,46.5,3.345875,0.0,0.0,10736.8046875,137.979166667
2015.0,1.0,31.0,21.0,-4.235,24.377,-11.6991666667,55.9833333333,1.0,0.0333333333333,0.575,49.5833333333,3.38525,0.0,0.0,10736.8046875,136.875
2015.0,1.0,31.0,22.0,-3.9525,24.8855,-11.5833333333,55.325,1.0,0.0166666666667,0.458333333333,52.0833333333,3.342875,0.0,0.0,10736.8046875,134.6875
2015.0,1.0,31.0,23.0,-4.1025,24.6155,-11.3908333333,56.85,1.0,0.0,0.825,47.3333333333,3.365375,0.0,0.0,10736.8046875,133.416666667
2015.0,2.0,1.0,0.0,-4.6525,23.6255,-11.2,60.1583333333,1.0,0.0166666666667,0.483333333333,45.9166666667,3.447875,0.0,0.0,10736.8046875,134.020833333
2015.0,2.0,1.0,1.0,-4.7075,23.5265,-11.3391666667,59.75,1.0,0.158333333333,1.59166666667,40.9166666667,3.456125,0.0,0.0,10736.8046875,134.25
2015.0,2.0,1.0,2.0,-4.77166666667,23.411,-11.4725,59.4,1.0,0.0166666666667,0.9,48.0,3.46575,0.0,0.0,10736.8046875,131.75
2015.0,2.0,1.0,3.0,-4.3,24.26,-11.3333333333,57.9416666667,1.0,0.0166666666667,0.508333333333,38.75,3.395,0.0,0.0,10736.8046875,131.333333333
2015.0,2.0,1.0,4.0,-3.7925,25.1735,-10.6875,58.7166666667,1.0,0.0,0.0583333333333,44.25,3.318875,0.0,0.0,10736.8046875,131.875
2015.0,2.0,1.0,5.0,-3.30333333333,26.054,-10.1341666667,59.1583333333,1.0,0.0,0.0,36.9166666667,3.2455,0.0,0.0,10736.8046875,133.354166667
2015.0,2.0,1.0,6.0,-2.74166666667,27.065,-9.51166666667,59.5916666667,1.08333333333,0.0,0.0,40.3333333333,3.16125,0.0,0.0,10736.8046875,133.6875
2015.0,2.0,1.0,7.0,-2.16583333333,28.1015,-8.90583333333,59.8833333333,20.4166666667,0.0,0.0,40.0833333333,3.074875,0.0,0.0,10736.8046875,133.145833333
2015.0,2.0,1.0,8.0,-1.18833333333,29.861,-8.25583333333,58.6833333333,134.916666667,0.0166666666667,0.425,42.5,2.92825,0.0,0.0,10736.8046875,132.604166667
2015.0,2.0,1.0,9.0,1.17,34.106,-7.78333333333,51.3,315.916666667,0.0,1.05833333333,42.6666666667,2.5745,0.0,0.0,10736.8046875,135.270833333
2015.0,2.0,1.0,10.0,2.90833333333,37.235,-6.37083333333,50.6916666667,295.5,0.341666666667,2.35,51.5,2.31375,0.0,0.0,10736.8046875,134.5
2015.0,2.0,1.0,11.0,2.88416666667,37.1915,-4.32583333333,59.0666666667,251.75,0.141666666667,1.50833333333,55.9166666667,2.317375,0.0,0.0,10736.8046875,135.416666667
2015.0,2.0,1.0,12.0,4.14333333333,39.458,-3.385,58.0416666667,345.75,0.0333333333333,0.616666666667,60.3333333333,2.1285,0.0,0.0,10736.8046875,138.208333333
2015.0,2.0,1.0,13.0,3.83916666667,38.9105,-2.9575,61.2083333333,193.333333333,0.158333333333,1.68333333333,51.5,2.174125,0.0,0.0,10736.8046875,139.791666667
2015.0,2.0,1.0,14.0,4.13166666667,39.437,-2.32666666667,62.7916666667,156.583333333,0.0666666666667,0.825,24.5,2.13025,0.0,0.0,10736.8046875,139.395833333
2015.0,2.0,1.0,15.0,4.16416666667,39.4955,-2.6075,61.35,113.416666667,0.0,0.191666666667,87.1666666667,2.125375,0.0,0.0,10736.8046875,138.5
2015.0,2.0,1.0,16.0,3.65916666667,38.5865,-2.9525,61.9333333333,16.3333333333,0.0,0.166666666667,302.666666667,2.201125,0.0,0.0,10736.8046875,140.166666667
2015.0,2.0,1.0,17.0,3.41083333333,38.1395,-3.5375,60.3416666667,1.0,0.166666666667,0.841666666667,200.416666667,2.238375,0.0,0.0,10736.8046875,139.604166667
2015.0,2.0,1.0,18.0,3.445,38.201,-3.5175,60.275,1.0,0.0,0.766666666667,248.416666667,2.23325,0.0,0.0,10736.8046875,138.8125
2015.0,2.0,1.0,19.0,2.99,37.382,-4.05333333333,59.8083333333,1.0,0.191666666667,2.06666666667,257.666666667,2.3015,0.0,0.0,10736.8046875,138.145833333
2015.0,2.0,1.0,20.0,2.62916666667,36.7325,-4.495,59.3583333333,1.0,0.133333333333,1.80833333333,290.5,2.355625,0.0,0.0,10736.8046875,138.041666667
2015.0,2.0,1.0,21.0,2.41916666667,36.3545,-3.81916666667,63.4083333333,1.0,0.216666666667,2.58333333333,292.416666667,2.387125,0.0,0.0,10736.8046875,135.291666667
2015.0,2.0,1.0,22.0,1.41666666667,34.55,-2.2625,77.1166666667,1.0,0.433333333333,2.86666666667,288.666666667,2.5375,0.0,0.0,10736.8046875,133.625
2015.0,2.0,1.0,23.0,0.169166666667,32.3045,-0.451666666667,95.625,1.0,0.0,0.875,282.25,2.724625,0.0,0.0,10736.8046875,134.395833333
2015.0,2.0,2.0,0.0,0.3625,32.6525,0.0958333333333,98.1083333333,1.0,0.0833333333333,1.70833333333,281.583333333,2.695625,0.0,720.0,10736.8046875,135.145833333
2015.0,2.0,2.0,1.0,0.916666666667,33.65,0.72,98.6166666667,1.0,0.641666666667,3.6,271.416666667,2.6125,0.0,720.0,10736.8046875,135.479166667
2015.0,2.0,2.0,2.0,1.45,34.61,1.38166666667,99.5166666667,1.0,0.3,2.98333333333,258.916666667,2.5325,0.0,720.0,10736.8046875,134.875
2015.0,2.0,2.0,3.0,1.69916666667,35.0585,-1.96166666667,80.0333333333,1.0,0.1,1.625,227.75,2.495125,0.0,720.0,10736.8046875,134.375
2015.0,2.0,2.0,4.0,1.5725,34.8305,-39.3975,6.83333333333,1.0,0.05,0.708333333333,181.833333333,2.514125,0.0,720.0,10736.8046875,132.958333333
2015.0,2.0,2.0,5.0,1.88833333333,35.399,-48.8675,1.0,1.0,0.233333333333,1.675,188.583333333,2.46675,0.0,720.0,10736.8046875,133.0625
2015.0,2.0,2.0,6.0,2.315,36.167,-48.5991666667,1.0,1.0,0.15,1.5,187.0,2.40275,0.0,720.0,10736.8046875,136.104166667
2015.0,2.0,2.0,7.0,2.48083333333,36.4655,-48.4966666667,1.0,2.41666666667,0.116666666667,1.55833333333,186.333333333,2.377875,0.0,720.0,10736.8046875,137.041666667
2015.0,2.0,2.0,8.0,2.72083333333,36.8975,-48.35,1.0,19.0,0.25,1.925,171.166666667,2.341875,0.0,720.0,10736.8046875,140.104166667
2015.0,2.0,2.0,9.0,2.7125,36.8825,-48.3558333333,1.0,21.75,0.291666666667,2.70833333333,151.916666667,2.343125,0.0,720.0,10736.8046875,146.208333333
2015.0,2.0,2.0,10.0,2.6725,36.8105,-48.38,1.0,87.8333333333,0.316666666667,2.20833333333,169.416666667,2.349125,0.0,720.0,10736.8046875,151.666666667
2015.0,2.0,2.0,11.0,2.72,36.896,-48.35,1.0,99.75,0.116666666667,1.60833333333,145.916666667,2.342,0.0,720.0,10736.8046875,154.229166667
2015.0,2.0,2.0,12.0,2.25166666667,36.053,-48.6416666667,1.0,40.1666666667,0.05,0.641666666667,131.0,2.41225,0.0,720.0,10736.8046875,155.333333333
2015.0,2.0,2.0,13.0,2.25416666667,36.0575,-48.64,1.0,26.6666666667,0.0,0.0,74.4166666667,2.411875,0.0,720.0,10736.8046875,144.0625
2015.0,2.0,2.0,14.0,2.9975,37.3955,-27.1633333333,39.975,64.6666666667,0.133333333333,1.30833333333,57.3333333333,2.300375,0.0,720.0,10736.8046875,156.145833333
2015.0,2.0,2.0,15.0,4.12416666667,39.4235,1.695,84.8083333333,66.1666666667,1.03333333333,5.43333333333,61.9166666667,2.131375,0.0,720.0,10736.8046875,157.5625
2015.0,2.0,2.0,16.0,1.88666666667,35.396,-3.205,68.9666666667,3.08333333333,3.36666666667,10.5083333333,77.5,2.467,0.0,720.0,10736.8046875,156.395833333
2015.0,2.0,2.0,17.0,-1.14833333333,29.933,-7.4875,62.05,1.0,2.83333333333,9.58333333333,84.6666666667,2.92225,0.0,720.0,10736.8046875,158.145833333
2015.0,2.0,2.0,18.0,-3.35583333333,25.9595,-10.435,57.9916666667,1.0,3.29166666667,11.3666666667,102.5,3.253375,0.0,720.0,10736.8046875,154.375
2015.0,2.0,2.0,19.0,-5.04083333333,22.9265,-11.9241666667,58.45,1.0,2.59166666667,10.1666666667,99.5,3.506125,0.0,720.0,10736.8046875,148.895833333
2015.0,2.0,2.0,20.0,-5.57833333333,21.959,-11.995,60.55,1.0,1.825,7.95,97.75,3.58675,0.0,720.0,10736.8046875,145.895833333
2015.0,2.0,2.0,21.0,-5.765,21.623,-11.9783333333,61.5,1.0,1.45833333333,6.78333333333,83.0833333333,3.61475,0.0,720.0,10736.8046875,142.479166667
2015.0,2.0,2.0,22.0,-5.78083333333,21.5945,-11.9816666667,61.5583333333,1.0,1.54166666667,7.525,74.4166666667,3.617125,0.0,720.0,10736.8046875,137.395833333
2015.0,2.0,2.0,23.0,-6.15083333333,20.9285,-12.6891666667,59.8083333333,1.0,1.775,7.38333333333,78.4166666667,3.672625,0.0,720.0,10736.8046875,137.979166667
2015.0,2.0,3.0,0.0,-6.81833333333,19.727,-13.2075,60.3666666667,1.0,1.59166666667,6.89166666667,95.75,3.77275,0.0,720.0,10736.8046875,137.0625
2015.0,2.0,3.0,1.0,-7.11,19.202,-13.1875,61.85,1.0,0.791666666667,5.08333333333,95.8333333333,3.8165,0.0,720.0,10736.8046875,137.333333333
2015.0,2.0,3.0,2.0,-7.43333333333,18.62,-12.9658333333,64.5666666667,1.0,0.191666666667,2.33333333333,75.5,3.865,0.0,720.0,10736.8046875,137.3125
2015.0,2.0,3.0,3.0,-7.32583333333,18.8135,-12.9675,64.025,1.0,0.308333333333,2.80833333333,76.8333333333,3.848875,0.0,720.0,10736.8046875,135.375
2015.0,2.0,3.0,4.0,-7.36916666667,18.7355,-13.395,62.025,1.0,0.391666666667,3.41666666667,86.0833333333,3.855375,0.0,720.0,10736.8046875,134.9375
2015.0,2.0,3.0,5.0,-7.40333333333,18.674,-13.3266666667,62.5333333333,1.0,0.433333333333,3.53333333333,82.4166666667,3.8605,0.0,720.0,10736.8046875,136.395833333
2015.0,2.0,3.0,6.0,-7.44333333333,18.602,-14.2983333333,57.9833333333,3.75,0.908333333333,5.26666666667,84.25,3.8665,0.0,720.0,10736.8046875,138.541666667
2015.0,2.0,3.0,7.0,-6.94833333333,19.493,-15.3275,51.2333333333,77.0,0.441666666667,4.075,78.8333333333,3.79225,0.0,720.0,10736.8046875,138.145833333
2015.0,2.0,3.0,8.0,-6.24416666667,20.7605,-14.7408333333,50.9583333333,166.25,0.358333333333,3.925,85.4166666667,3.686625,0.0,720.0,10736.8046875,140.3125
2015.0,2.0,3.0,9.0,-4.54916666667,23.8115,-14.5625,45.4833333333,366.916666667,0.5,3.84166666667,81.0,3.432375,0.0,720.0,10736.8046875,148.166666667
2015.0,2.0,3.0,10.0,-4.445,23.999,-14.3366666667,45.9416666667,357.666666667,0.383333333333,3.24166666667,72.0,3.41675,0.0,720.0,10736.8046875,152.979166667
2015.0,2.0,3.0,11.0,-2.6275,27.2705,-14.2991666667,40.3166666667,551.333333333,0.725,3.7,67.5,3.144125,0.0,720.0,10736.8046875,157.3125
2015.0,2.0,3.0,12.0,-2.54333333333,27.422,-14.2208333333,40.3083333333,553.5,0.658333333333,4.40833333333,60.5,3.1315,0.0,720.0,10736.8046875,158.0
2015.0,2.0,3.0,13.0,-2.6525,27.2255,-13.6733333333,42.4083333333,491.083333333,0.866666666667,4.85833333333,59.6666666667,3.147875,0.0,720.0,10736.8046875,161.479166667
2015.0,2.0,3.0,14.0,-1.83333333333,28.7,-13.1158333333,41.7666666667,383.083333333,0.966666666667,4.79166666667,57.25,3.025,0.0,720.0,10736.8046875,158.625
2015.0,2.0,3.0,15.0,-0.753333333333,30.644,-12.9841666667,39.0,237.0,0.666666666667,3.25,59.0833333333,2.863,0.0,720.0,10736.8046875,159.041666667
2015.0,2.0,3.0,16.0,-1.5375,29.2325,-13.0525,41.1083333333,65.0833333333,0.558333333333,2.86666666667,56.9166666667,2.980625,0.0,720.0,10736.8046875,160.458333333
2015.0,2.0,3.0,17.0,-2.66833333333,27.197,-12.8208333333,45.4833333333,1.33333333333,0.0833333333333,1.5,52.5,3.15025,0.0,720.0,10736.8046875,159.291666667
2015.0,2.0,3.0,18.0,-2.805,26.951,-12.4066666667,47.525,1.0,0.1,1.26666666667,49.5,3.17075,0.0,720.0,10736.8046875,155.958333333
2015.0,2.0,3.0,19.0,-2.8675,26.8385,-11.9791666667,49.4166666667,1.0,0.0333333333333,0.716666666667,49.3333333333,3.180125,0.0,720.0,10736.8046875,148.625
2015.0,2.0,3.0,20.0,-2.84583333333,26.8775,-10.8991666667,53.825,1.0,0.05,0.883333333333,54.6666666667,3.176875,0.0,720.0,10736.8046875,144.770833333
2015.0,2.0,3.0,21.0,-3.14333333333,26.342,-10.0775,58.7416666667,1.0,0.0,0.191666666667,54.5833333333,3.2215,0.0,720.0,10736.8046875,142.6875
2015.0,2.0,3.0,22.0,-3.51,25.682,-10.0491666667,60.4833333333,1.0,0.0,0.0333333333333,166.25,3.2765,0.0,720.0,10736.8046875,137.875
2015.0,2.0,3.0,23.0,-3.5475,25.6145,-9.86166666667,61.5583333333,1.0,0.0,0.0916666666667,333.333333333,3.282125,0.0,720.0,10736.8046875,137.916666667
2015.0,2.0,4.0,0.0,-3.3875,25.9025,-9.545,62.3666666667,1.0,0.0,0.116666666667,62.3333333333,3.258125,0.0,720.0,10736.8046875,137.145833333
2015.0,2.0,4.0,1.0,-3.35,25.97,-9.32083333333,63.3083333333,1.0,0.0,0.0166666666667,45.25,3.2525,0.0,720.0,10736.8046875,136.083333333
2015.0,2.0,4.0,2.0,-3.20666666667,26.228,-8.90583333333,64.725,1.0,0.0,0.0,40.25,3.231,0.0,720.0,10736.8046875,137.791666667
2015.0,2.0,4.0,3.0,-2.80333333333,26.954,-7.96083333333,67.5916666667,1.0,0.0,0.133333333333,1.5,3.1705,0.0,720.0,10736.8046875,136.5625
2015.0,2.0,4.0,4.0,-2.35166666667,27.767,-7.45416666667,67.9833333333,1.0,0.0,0.0,26.8333333333,3.10275,0.0,720.0,10736.8046875,136.125
2015.0,2.0,4.0,5.0,-1.7725,28.8095,-6.80666666667,68.475,1.0,0.0,0.0,15.6666666667,3.015875,0.0,720.0,10736.8046875,137.6875
2015.0,2.0,4.0,6.0,-1.2475,29.7545,-5.96416666667,70.275,1.83333333333,0.0,0.4,284.666666667,2.937125,0.0,720.0,10736.8046875,138.4375
2015.0,2.0,4.0,7.0,-0.545833333333,31.0175,-5.29,70.3166666667,61.9166666667,0.05,0.883333333333,308.166666667,2.831875,0.0,720.0,10736.8046875,140.166666667
2015.0,2.0,4.0,8.0,1.76416666667,35.1755,-4.56583333333,62.8583333333,223.166666667,0.0833333333333,1.55,315.166666667,2.485375,0.0,720.0,10736.8046875,144.979166667
2015.0,2.0,4.0,9.0,3.22916666667,37.8125,-3.72333333333,60.425,282.5,0.275,2.94166666667,24.5833333333,2.265625,0.0,720.0,10736.8046875,149.0
2015.0,2.0,4.0,10.0,4.81666666667,40.67,-3.64166666667,54.35,469.916666667,1.05,4.94166666667,45.4166666667,2.0275,0.0,720.0,10736.8046875,155.25
2015.0,2.0,4.0,11.0,7.025,44.645,-3.20916666667,48.1333333333,548.416666667,0.266666666667,2.4,102.166666667,1.69625,0.0,720.0,10736.8046875,156.8125
2015.0,2.0,4.0,12.0,7.6825,45.8285,-2.83,47.3333333333,553.833333333,0.3,2.94166666667,53.0,1.597625,0.0,720.0,10736.8046875,158.958333333
2015.0,2.0,4.0,13.0,8.03666666667,46.466,-2.465,47.425,446.333333333,0.416666666667,3.3,33.6666666667,1.5445,0.0,720.0,10736.8046875,157.5625
2015.0,2.0,4.0,14.0,8.59416666667,47.4695,-1.8825,47.675,355.0,0.3,3.25,156.333333333,1.460875,0.0,720.0,10736.8046875,159.333333333
2015.0,2.0,4.0,15.0,9.31583333333,48.7685,-1.2775,47.5166666667,222.083333333,0.116666666667,2.01666666667,315.25,1.352625,0.0,720.0,10736.8046875,158.708333333
2015.0,2.0,4.0,16.0,7.815,46.067,-1.44083333333,51.9416666667,47.6666666667,0.0333333333333,0.733333333333,146.333333333,1.57775,0.0,720.0,10736.8046875,156.770833333
2015.0,2.0,4.0,17.0,6.64916666667,43.9685,-1.3925,56.4416666667,1.08333333333,0.116666666667,1.975,261.416666667,1.752625,0.0,720.0,10736.8046875,156.395833333
2015.0,2.0,4.0,18.0,5.89333333333,42.608,-1.14083333333,60.575,1.0,0.0,0.375,254.833333333,1.866,0.0,720.0,10736.8046875,151.145833333
2015.0,2.0,4.0,19.0,5.7825,42.4085,-1.38083333333,59.975,1.0,0.0,0.891666666667,0.583333333333,1.882625,0.0,720.0,10736.8046875,150.083333333
2015.0,2.0,4.0,20.0,5.63,42.134,-1.68916666667,59.25,1.0,0.133333333333,1.925,286.666666667,1.9055,0.0,720.0,10736.8046875,145.145833333
2015.0,2.0,4.0,21.0,5.63166666667,42.137,-1.33083333333,60.8166666667,1.0,0.0,0.65,99.3333333333,1.90525,0.0,720.0,10736.8046875,140.770833333
2015.0,2.0,4.0,22.0,5.01166666667,41.021,-1.53666666667,62.5583333333,1.0,0.25,2.15,50.75,1.99825,0.0,720.0,10736.8046875,138.395833333
2015.0,2.0,4.0,23.0,4.72333333333,40.502,-1.65166666667,63.2916666667,1.0,0.391666666667,2.925,53.5,2.0415,0.0,720.0,10736.8046875,137.0625
2015.0,2.0,5.0,0.0,4.435,39.983,-1.80916666667,63.8333333333,1.0,0.583333333333,3.15,49.75,2.08475,0.0,720.0,10736.8046875,134.520833333
2015.0,2.0,5.0,1.0,4.06416666667,39.3155,-1.83833333333,65.3916666667,1.0,0.275,2.69166666667,48.5833333333,2.140375,0.0,720.0,10736.8046875,134.333333333
2015.0,2.0,5.0,2.0,3.51083333333,38.3195,-1.8025,68.1666666667,1.0,0.1,0.975,51.5,2.223375,0.0,720.0,10736.8046875,135.4375
2015.0,2.0,5.0,3.0,3.7825,38.8085,-1.74083333333,67.175,1.0,0.0,0.0,48.1666666667,2.182625,0.0,720.0,10736.8046875,135.041666667
